data/past_env/bio19_avg_1994_2009.asc
NCOLS 664 
NROWS 380 
XLLCORNER 3.91666666666667 
YLLCORNER 55.3333333333333 
CELLSIZE 0.0416666666666667 
NODATA_value -9999 
[rows 154 to 175 of 380, columns 539 to 587 of 664]
109.821019649506 109.8648853302 109.908752441406 110.622520923615 109.99648475647 110.709759712219 110.753382205963 113.116674900055 113.161348819733 113.212861537933 112.139222621918 111.186500549316 110.986030101776 111.042455196381 111.098879814148 111.155304908752 110.184067249298 111.442376613617 111.499380588531 111.556386470795 111.613390445709 111.743651390076 111.769752979279 113.404450416565 113.696621894836 114.859097003937 115.905929088593 117.631875991821 118.885118484497 118.912822246552 122.04451751709 122.827050685883 122.191164016724 125.327656269073 124.458148479462 127.575652599335 131.050429821014 130.50413608551 131.888381481171 134.444767475128 135.058289527893 131.929624557495 131.698219776154 127.973096847534 128.778740882874 130.04566860199 125.241910457611 123.549792766571 120.624553203583
108.709480762482 108.743033409119 109.033323764801 110.000224590302 110.033796787262 110.067363739014 110.100934505463 109.878232479095 110.168075084686 110.21293926239 111.204252243042 111.174935340881 112.62251996994 112.680278301239 112.477510452271 111.140200138092 111.196046352386 111.164194583893 111.483521938324 111.539918899536 111.596319198608 111.72736787796 112.420402050018 112.448949813843 113.421437263489 113.450277328491 114.971190929413 115.664989948273 116.996496200562 117.780232429504 120.914725780487 122.836341381073 122.867587566376 124.206397533417 126.403718471527 127.202017307281 127.244648456573 127.377236366272 131.35733127594 131.921763420105 135.054553985596 130.836858272552 129.630064964294 126.816967487335 126.950088500977 128.296518802643 124.144442558289 122.358274936676 120.737807273865
108.786800384521 110.001282691956 110.024558067322 109.115096092224 108.880148887634 108.903486251831 110.117653846741 110.140929222107 110.16420173645 111.395014762878 110.259043216705 110.055149555206 110.369982719421 110.425449848175 112.463549137115 112.519906520844 111.356067180634 111.411861419678 111.467657566071 111.523451805115 111.667562007904 111.711084842682 111.742117404938 112.716456413269 113.412075996399 113.44341135025 115.631578922272 115.752549648285 116.998198032379 117.695076465607 118.95339679718 119.932156562805 120.989077091217 122.916348457336 126.06448841095 125.687890052795 124.201821327209 126.276107311249 126.678107261658 129.398087501526 129.877448558807 128.612480163574 129.69921875 131.889708995819 130.798610687256 129.021248817444 125.332308292389 122.66517162323 120.76017999649
109.208333969116 110.153432846069 110.166662216187 109.163408279419 108.916608333588 108.929727554321 108.942849636078 109.888202667236 109.901375770569 109.935004711151 109.321461200714 110.303776741028 110.358559131622 111.544585227966 112.449594020844 112.505344390869 112.29700422287 112.352056980133 111.539569377899 111.594964981079 111.562172412872 111.606466293335 111.907596111298 112.425909042358 112.459403991699 112.492896080017 113.739423751831 113.862500190735 113.896755695343 116.00106048584 117.734495162964 117.859043598175 119.391420841217 121.130561828613 122.310654640198 125.553873538971 123.151574134827 123.467495918274 122.846077442169 126.759726524353 126.483373641968 126.534775257111 126.912570476532 128.252469062805 126.208603382111 125.5639295578 124.234647750854 120.795527458191 120.021702766418
109.287692546844 109.290583133698 110.224779129028 109.966242790222 109.299266338348 109.041085720062 108.698045730591 108.701193332672 108.964684963226 109.83828163147 109.891544818878 111.074752807617 111.128397941589 112.380482673645 112.165594100952 111.28932762146 112.946308135986 113.000474452972 113.321011543274 112.623512744904 112.678475379944 111.590321540833 111.626182556152 112.019334316254 112.71960401535 113.699280738831 112.792253494263 114.042974948883 114.080016613007 113.9350066185 115.771656513214 115.233906269073 117.242292404175 119.357103347778 119.492632389069 121.239462375641 120.621368408203 121.422475337982 121.37948179245 123.876703262329 124.679893016815 125.002760887146 125.05101108551 124.913819789886 122.391518592834 122.497137546539 120.482960224152 120.643940925598 120.135209083557
110.297690391541 110.554082393646 108.597412109375 109.260035991669 108.989523887634 109.244825839996 109.237221717834 108.967590808868 108.960279941559 109.827481746674 110.142608165741 111.391745567322 111.446486949921 112.631397247314 112.421674728394 112.654578208923 112.53076839447 112.585312843323 112.819517612457 113.814511299133 112.661027908325 112.526630401611 111.431334018707 111.650819301605 111.959249973297 111.997961521149 112.125254631042 112.346659183502 113.418742179871 112.905539989471 113.033359527588 115.153530597687 115.466312408447 115.51039648056 116.31222486496 117.396646022797 117.445477962494 118.523833274841 119.987169742584 121.074477672577 121.125019550323 121.265405654907 122.072193622589 120.226027011871 120.186166286469 120.376466751099 119.576222419739 119.056441783905 118.059169769287
109.361959457397 108.758105754852 108.655972480774 108.638493061066 107.408026218414 108.059423923492 108.041362762451 108.023297309875 109.132942676544 110.079899787903 108.340215682983 110.015283584595 110.081747531891 111.082139968872 111.149544715881 111.216946601868 112.415267467499 115.086394786835 115.807079315186 113.522544384003 112.643581390381 112.421297550201 112.732065677643 111.639598846436 111.951345920563 111.992552280426 109.963962078094 110.276672840118 112.204831123352 112.246138095856 112.287447929382 112.328754425049 112.644370079041 113.443754196167 115.19447517395 114.58175611496 115.860310554504 117.613523006439 117.666078567505 119.889820098877 119.943549633026 119.135045051575 119.188697814941 122.177690505981 123.268191814423 121.188512802124 119.340791702271 118.999195575714 117.991277694702
108.769980430603 108.474987983704 107.586389541626 107.558835029602 107.179758548737 107.152414798737 107.125070571899 107.097726345062 109.043638706207 109.403049468994 108.849860668182 107.106154918671 109.712817192078 109.777302265167 110.776007175446 112.369364261627 112.937876224518 112.605407238007 115.340857505798 114.368617534637 113.289684295654 111.73371219635 111.585133552551 110.68673992157 111.671624660492 111.323654174805 110.233278751373 110.940194606781 109.376302242279 110.082846164703 110.12583398819 111.113827228546 110.211809158325 113.183802604675 113.514410972595 112.628133773804 114.659642219543 116.884706497192 118.732032775879 120.961587905884 121.019864559174 119.182117462158 119.329252719879 123.268836975098 123.328169822693 119.536754608154 118.4307513237 117.888519287109 117.923342704773
108.390986919403 107.413184642792 107.55926990509 107.521465778351 107.215985774994 107.17862701416 107.141269207001 107.103910446167 106.980260848999 109.307305335999 106.966726303101 108.461503505707 109.651992797852 109.801700115204 109.864679336548 114.303130626678 114.280032157898 115.269521713257 115.323402404785 114.43861246109 113.272054195404 112.658007621765 110.630588531494 110.675853252411 110.721118450165 108.881494522095 109.199944496155 108.971137046814 107.129745960236 107.174127101898 107.4940366745 107.538892269135 107.860226154327 109.609136581421 110.980208396912 111.97954416275 113.264233589172 115.023437976837 118.011843204498 117.125391960144 119.168037891388 119.318755626678 119.379979133606 120.10821723938 122.631025314331 122.440211772919 121.416572570801 119.825438499451 118.706450939178
108.469379425049 107.479692459106 106.419051170349 106.371801376343 107.252215862274 107.204840660095 107.425738811493 107.377870082855 107.062716960907 108.171855449677 108.307205677032 108.603196144104 111.062156200409 109.338827610016 111.26372051239 112.813334465027 112.864718914032 114.046115875244 114.368784427643 114.899011611938 113.739605426788 111.921864509583 111.83029460907 111.878967761993 109.961669921875 108.876069545746 108.171998500824 106.14248418808 106.100458145142 106.979194641113 105.892117977142 105.939433097839 109.097026824951 109.240282058716 109.774723052979 111.446003913879 113.677349090576 114.774724006653 115.206689357758 115.654313564301 117.983203411102 118.418817520142 119.430704116821 119.495678901672 119.560651302338 120.31414937973 120.511040210724 120.618018627167 120.633912086487
106.590453624725 106.533220767975 106.475986003876 104.620236873627 106.275527954102 107.415236473083 107.357167720795 107.299098968506 107.24102973938 108.83001947403 108.808483123779 109.119626522064 109.169493675232 111.48103427887 111.189522266388 111.112420082092 112.367903232574 114.35342502594 113.036145687103 113.097854137421 111.930908679962 111.98882484436 111.955463886261 110.573656082153 110.140170574188 108.394696712494 109.662272930145 108.491719245911 107.599250793457 105.852027893066 105.813306331635 105.584809780121 104.498942375183 108.418046474457 110.458612442017 111.468122005463 111.901863574982 113.858716964722 114.013548374176 115.025647640228 116.129859924316 118.093340396881 119.481432914734 120.307027339935 121.518726348877 121.60197353363 122.64766740799 122.745499134064 120.656458854675
105.72512960434 107.715292453766 105.590876102448 104.580902099609 103.300586223602 104.362575054169 104.382847309113 104.316828250885 106.968407154083 106.958440303802 107.006032466888 108.179484367371 109.156962394714 111.148473262787 111.202249526978 111.256028175354 111.309805870056 110.956752300262 111.421698093414 111.481568336487 111.541442394257 111.59937620163 110.628218650818 109.049337387085 110.548255443573 109.468050003052 108.442898273468 106.142871856689 106.105815887451 105.581194877625 104.410332202911 104.460872173309 107.711357116699 108.43377494812 108.588669776917 111.771638393402 111.928608894348 113.888903141022 114.712728023529 116.012238025665 116.171911716461 118.139237880707 118.496176719666 120.272158145905 122.245287895203 120.513738155365 120.599204063416 120.971865653992 120.679003715515
106.629547595978 104.966548919678 104.814287185669 103.619923591614 103.280589103699 103.215727806091 104.276464939117 104.210771083832 105.823328971863 106.93868637085 106.988604545593 107.038523197174 108.214063167572 109.194239616394 109.51867389679 112.294616222382 112.34801864624 112.674929618835 112.718237400055 112.189985275269 111.571398258209 112.301981449127 111.139266014099 110.182055473328 109.96101140976 108.883428573608 108.849912643433 108.99226474762 105.940907478333 105.05072593689 106.32623052597 104.58172750473 107.746966838837 108.470921039581 108.62641954422 112.00448179245 112.633306980133 117.051261425018 114.754245758057 114.824488162994 116.215246677399 116.95309305191 118.255689620972 119.085072040558 120.481382369995 120.557106971741 120.635110378265 120.713114261627 120.699835777283
104.826916217804 104.77138710022 103.3127617836 101.665630340576 102.535619735718 103.149806976318 104.219506263733 104.438215732574 106.259040355682 107.18159198761 106.963684082031 107.292531013489 108.472621440887 109.457468986511 109.240519523621 109.572269916534 111.146355628967 111.478950500488 112.471616744995 113.081747531891 112.865432262421 111.793775081635 110.636669635773 110.694017410278 110.75136423111 110.999021530151 109.260844707489 109.038650989532 107.020112037659 107.35641002655 107.412741661072 107.469070911407 108.558152198792 108.618709087372 109.719661712646 112.149848937988 113.915316104889 114.265720844269 115.278193473816 116.387632846832 118.542074203491 118.701507568359 119.438524246216 119.59854221344 120.138390541077 119.263603210449 119.715378284454 119.407937526703 118.525498867035
105.462485313416 104.662214756012 102.460171699524 101.771098613739 100.327058792114 101.407271385193 103.315845012665 104.393494129181 106.870621204376 107.153066635132 107.96700334549 109.150333404541 110.050721645355 109.448227405548 109.511064052582 110.238320827484 110.300853252411 110.363386631012 110.42591714859 111.701068878174 112.042444229126 111.827502250671 110.671820163727 110.731533050537 111.070475101471 109.998435974121 110.058208465576 110.117980003357 110.177748203278 110.51932144165 110.579605579376 110.729199886322 110.789656162262 111.224924564362 111.669046878815 111.732645988464 115.008299827576 115.073711872101 118.068527698517 118.045240879059 117.446078777313 119.410933494568 119.856725692749 120.869595050812 120.461751937866 120.240760803223 119.641599655151 119.909088134766 119.977915287018
106.26312828064 106.142549514771 104.51900100708 103.362596511841 100.532022953033 103.29550743103 103.261964797974 106.02330160141 107.108897686005 107.124542713165 110.264106750488 110.332332611084 110.400556087494 110.468785762787 110.537012577057 110.517690658569 110.673465251923 113.46462726593 111.937718391418 112.006809711456 112.733313083649 111.582044124603 111.732539653778 112.075414180756 112.138615608215 111.262870788574 111.607253074646 110.5372838974 110.600024223328 110.662767887115 110.725507259369 111.826375484467 114.057591438293 114.785873889923 114.848526000977 115.001297473907 115.729673862457 119.008131504059 121.246179103851 119.137665748596 118.247356891632 118.311369419098 120.276082038879 120.431719779968 124.392467498779 122.464999198914 119.576836585999 119.93204164505 119.800268650055
108.210515499115 107.06504535675 107.04119682312 106.070773601532 106.047368526459 106.023965835571 107.119831562042 107.096038341522 107.738310337067 109.047807693481 110.240249633789 110.313918113708 110.387585639954 112.330881595612 110.814124107361 110.608590602875 113.017297267914 112.813740253448 113.553336620331 113.629115581512 113.041833400726 113.112891674042 114.123310089111 112.113987445831 113.125138759613 113.280093669891 113.629476547241 113.412855148315 113.389840126038 113.545614242554 113.896858692169 117.170123100281 117.903921127319 118.724726200104 120.956103801727 122.062180519104 122.216329097748 122.279978275299 122.055290699005 122.118520736694 121.423896789551 119.021266937256 120.606301784515 121.703580856323 124.428573608398 120.593364238739 119.894398212433 121.192657470703 121.922572612762
108.086313724518 108.073192596436 108.060070514679 108.046951293945 108.120845794678 107.740351676941 107.061246395111 107.048418045044 107.035590171814 108.932026863098 109.010073184967 110.295501232147 113.364015102386 112.323916912079 113.615008354187 113.696596622467 113.778182029724 114.523588657379 113.659841537476 114.022945404053 114.104534626007 114.179990291595 114.249316215515 114.407224655151 114.476772785187 114.546322822571 115.564367771149 115.634557247162 115.704746723175 115.864851951599 115.935264110565 116.005678653717 118.059546947479 118.124827861786 121.306646823883 121.367065429688 122.093716144562 122.245379447937 122.306100845337 122.077057361603 122.51876783371 122.289016723633 120.447828769684 120.507290363312 125.60856628418 122.529083251953 122.202257156372 120.738582611084 120.034428119659
110.748593330383 110.746551513672 110.744510650635 110.655485153198 108.870918273926 108.868961811066 110.070603370667 108.86504983902 107.280544281006 108.238388061523 108.9872174263 110.189116001129 110.36163854599 110.446187496185 111.477600097656 113.612016677856 113.787258625031 113.874439716339 113.961618423462 114.048798561096 114.135980606079 114.215431690216 114.287157535553 114.35888671875 114.804558753967 115.541070461273 115.613680362701 115.686288833618 117.073674678802 115.921741485596 115.994591236115 117.294634342194 118.124956607819 118.190078258514 120.141265392303 121.519375324249 122.243554115295 122.301415920258 122.450734615326 124.967306613922 125.408643722534 125.376027584076 122.390624523163 122.448198795319 123.448268413544 123.504153251648 122.614250183105 122.574653625488 120.81453704834
112.40025806427 110.62922334671 110.638528823853 110.647832393646 110.657137870789 110.666440010071 110.67574262619 108.817420959473 108.826622962952 108.210376262665 110.080557823181 110.258671760559 111.269974708557 111.361548423767 111.737180709839 113.61532831192 113.708076953888 113.889107704163 113.981877326965 115.865233421326 115.295756816864 114.250871658325 114.324998855591 115.437905311584 115.512932777405 115.874688148499 116.885451793671 118.563403129578 118.730282783508 119.09542131424 119.1726603508 119.249897003174 118.190367698669 119.484228610992 121.434418678284 121.580810546875 122.302452087402 122.449216365814 124.603363513947 125.692109107971 126.123947143555 126.180262565613 129.373547554016 126.678133010864 125.681105613708 125.734283924103 124.933527469635 123.928750991821 121.978422641754
109.577687263489 111.176605701447 110.532546520233 108.887231826782 108.994948387146 109.929577350616 109.950174808502 110.920621871948 110.276320934296 110.049386978149 108.941501140594 110.151936531067 111.255979061127 111.353050231934 113.520295143127 113.618639469147 114.002902507782 114.101365566254 114.28830242157 114.386789321899 116.27667427063 116.365444660187 115.492616176605 114.815970420837 115.828560352325 117.792336940765 117.87113904953 118.705353736877 118.784705638885 119.819311141968 121.217915058136 121.298903942108 121.089202404022 122.204926967621 122.257064819336 122.3092045784 122.361348152161 122.505628108978 122.850312709808 123.570283412933 125.797405719757 126.518676757812 126.664842128754 129.857750892639 130.946621417999 128.908712863922 128.955788612366 125.858784675598 123.998014450073
109.735500812531 109.48238992691 110.711932659149 110.744136333466 109.199348449707 110.144080638885 110.176166057587 110.120100021362 110.240332126617 110.30686378479 110.120963096619 109.468774795532 109.856843948364 111.63174200058 113.518013477325 113.909349441528 113.814486980438 114.20605134964 114.310111522675 115.540522575378 117.61882686615 117.713053703308 117.505876064301 117.676270008087 117.757528305054 117.928799152374 118.965269088745 119.138070583344 121.112892150879 122.422526836395 123.173338890076 123.258182525635 123.343020915985 123.410378932953 123.46025800705 124.269792079926 124.791483402252 125.895100593567 125.74498796463 126.463257789612 126.900717735291 126.657476902008 127.648252487183 129.230967998505 130.984538078308 132.845739841461 130.688004016876 127.587166309357 124.390292644501
