data/past_env/bio19_avg_1994_2009.asc
NCOLS 664 
NROWS 380 
XLLCORNER 3.91666666666667 
YLLCORNER 55.3333333333333 
CELLSIZE 0.0416666666666667 
NODATA_value -9999 
[rows 352 to 373 of 380, columns 539 to 587 of 664]
140.568845748901 137.791656970978 136.938617706299 135.880787849426 135.758097171783 135.040187358856 132.967148780823 132.843190193176 131.055265903473 128.200735092163 128.136656761169 127.397250652313 126.400964260101 124.640034198761 123.502061843872 122.759584903717 120.949402332306 117.968662977219 118.038048505783 115.240401268005 114.449530124664 112.503355741501 110.517223358154 109.626358747482 107.831834316254 107.687310218811 107.085511922836 107.223462104797 107.31295466423 107.402451038361 107.641261577606 107.581437826157 110.671584129333 109.980275154114 110.058574438095 110.048204183578 110.767845153809 111.797356843948 111.786603450775 113.63600063324 112.825569152832 114.672022819519 115.909625530243 114.095686912537 117.604399681091 117.539346933365 118.600205421448 120.347689628601 121.495759010315
137.695458889008 135.62458896637 137.554704666138 134.782665729523 133.590169906616 132.585600376129 131.73301076889 130.811957836151 130.684880256653 130.869629383087 127.921802043915 125.987788200378 125.344758987427 123.111742973328 122.466510295868 120.669584751129 118.998397111893 117.780226707458 117.045343399048 115.027895689011 113.227892875671 113.09007024765 110.380892515182 109.540634393692 107.773720741272 107.887980222702 108.002241849899 108.116502523422 108.230762720108 108.34502363205 108.807573795319 108.922875404358 110.169356584549 110.214798927307 110.189568758011 110.893888950348 111.910700798035 112.037363052368 113.090811014175 113.15487408638 113.739857196808 114.781756162643 115.788790464401 115.880787849426 116.59331035614 118.768396615982 118.571197748184 119.338242053986 118.531086444855
137.193567276001 137.077480792999 133.342129230499 132.335842609406 131.484004497528 131.492026805878 130.435371875763 130.443198204041 129.729921340942 127.561906814575 125.642566680908 125.732492923737 122.931506633759 122.157201766968 122.244630813599 120.461206912994 117.50686621666 117.591789722443 115.805779695511 115.8020632267 113.071110725403 112.948873758316 110.27315735817 110.177769184113 109.509997367859 109.542982339859 107.992452144623 108.130872964859 108.269295930862 109.484729528427 109.625048398972 110.898957490921 110.310440301895 110.360650777817 110.320559978485 110.280472755432 112.013293504715 112.125519275665 113.254745006561 113.213606119156 113.972075462341 114.02108502388 115.922963380814 115.872229337692 118.723918437958 118.737278938293 118.762258529663 118.861237049103 119.557092189789
134.874052524567 133.854674339294 131.106956958771 131.11253452301 130.056993484497 130.062348365784 129.433618545532 128.155289173126 127.008047580719 126.342598438263 125.518812179565 124.673852920532 123.710504055023 123.091533184052 120.874609231949 120.252830266953 118.482587099075 117.460078239441 115.630096912384 113.736440658569 112.914329528809 112.955740451813 111.346123218536 111.20588517189 110.008578777313 110.057446241379 109.694775342941 110.479143857956 110.577524662018 110.833601474762 110.848530292511 111.014404535294 111.180282115936 111.235387086868 111.179721832275 112.171863794327 112.269310712814 112.150526285172 112.248828411102 112.193358182907 114.262139081955 114.205387353897 114.148636102676 117.783456087112 118.790648698807 118.835275650024 118.86333656311 119.808743238449 119.540758609772
134.519402980804 132.523530483246 129.687209606171 128.971992969513 128.975798130035 129.064774513245 128.010406970978 128.01424407959 126.151650428772 125.148301124573 125.169023036957 123.504196166992 121.648114681244 121.752159118652 120.797973155975 120.100167751312 118.287442684174 117.271398544312 115.600745439529 115.464763641357 112.757549524307 112.81485247612 111.086529016495 110.428425312042 109.915821790695 111.110008478165 110.865221261978 110.408551216125 111.432603359222 111.624654769897 111.181687355042 111.37255692482 111.563429832458 112.675184011459 112.604612827301 113.260442256927 112.309374809265 112.238483667374 112.322324514389 113.176021575928 114.307288408279 114.956899881363 114.162839412689 116.636436462402 118.895528078079 118.6750395298 118.576519727707 118.563865184784 119.524421930313
131.201805114746 131.273690700531 131.26118516922 126.928185462952 127.644522666931 126.933204650879 126.797434329987 124.729957103729 124.731393814087 124.930135250092 124.195992469788 123.167647361755 121.409842014313 120.466188907623 119.779859542847 118.835889577866 116.974125385284 115.881164073944 115.278727293015 115.443506479263 112.600768089294 111.962533950806 112.034888267517 111.193619012833 111.279599905014 110.103738069534 110.202691793442 111.141534090042 111.563810110092 112.8595495224 113.231828451157 111.48916053772 111.704654932022 112.82418513298 112.738512992859 112.652836799622 112.412402629852 112.481492042542 112.395817518234 113.234167814255 114.352439403534 114.985268354416 117.771978855133 117.673998355865 117.089377880096 118.773972511292 117.447096824646 118.545380353928 119.508087158203
129.341889381409 129.324919223785 129.307945728302 126.797611713409 126.796021461487 125.641284942627 124.723184585571 123.873868942261 124.012808322906 124.071327209473 122.991979122162 122.260397434235 121.321402072906 119.617589235306 119.586864709854 117.792482376099 116.784285783768 115.839063644409 115.150696754456 115.260196447372 113.755227088928 112.643495321274 112.159729003906 112.234661340714 111.896699666977 111.969300746918 113.059931516647 112.567537307739 112.791151762009 114.157591581345 114.137991189957 111.500669240952 111.719603300095 112.841301202774 112.752970218658 112.509549617767 112.576315402985 112.332313776016 113.45218873024 114.286310911179 114.352121829987 114.261673212051 115.932331562042 117.753435611725 118.856214284897 116.982445955276 117.598208665848 118.546143054962 118.446359157562
129.344386577606 129.319744110107 126.895968914032 125.832404613495 125.115824222565 123.95214176178 123.944805622101 123.937469482422 122.873025417328 123.014910697937 122.424733161926 122.448309898376 120.655934810638 119.740999937057 119.705597639084 117.360955476761 117.038818597794 115.145139217377 115.251074790955 114.651168584824 113.716061830521 112.81560921669 112.2234146595 112.430276632309 112.637137889862 111.980066537857 112.337284088135 112.634878396988 113.891625404358 112.928158760071 112.259641647339 111.407081365585 112.509915590286 112.57150888443 112.492658853531 112.41380906105 112.490919828415 113.466534852982 113.38738656044 112.098406076431 114.306332588196 114.942189455032 115.904376983643 116.591880321503 117.646555900574 115.756720781326 117.608286142349 118.724660396576 118.633190393448
127.629533290863 125.097742080688 125.084725856781 125.071705818176 124.038313865662 125.045672893524 122.953364849091 122.23735666275 122.315265655518 122.363988876343 122.473131656647 121.523540973663 120.785813331604 119.773290634155 118.118691205978 118.077552318573 118.18289732933 115.397466182709 115.351456403732 114.749951124191 113.794280052185 112.896203041077 113.425688266754 113.615458488464 112.664446353912 112.083591222763 112.270613908768 113.508967161179 112.551945447922 111.661434650421 112.900797843933 112.369264364243 112.553834915161 112.611751317978 112.543009757996 112.474265813828 113.461119890213 113.391851186752 113.322582244873 113.253313779831 114.418451786041 115.953779935837 115.876424074173 116.534202814102 117.507471561432 117.564043283463 117.958574056625 118.586172819138 118.503134489059
125.213669776917 125.194800376892 125.175933837891 125.246466636658 123.144377231598 122.280750274658 122.405140399933 122.387718200684 122.22652053833 122.269765377045 121.458768367767 121.564097881317 120.823790073395 118.835619688034 118.090693712234 118.340426921844 116.682209730148 115.50229716301 115.601714372635 114.999219417572 115.098279237747 114.175304412842 114.1962890625 113.663561344147 113.682295799255 112.802591562271 113.31569480896 113.485615491867 112.64154624939 112.655198097229 112.109741210938 112.276425600052 112.443110942841 112.496977567673 112.438027858734 112.379079580307 112.320127487183 113.317169189453 113.257780075073 113.356608867645 113.297587156296 113.238564014435 114.804785251617 115.797093629837 115.830225467682 117.700127363205 118.680854082108 118.606188058853 118.531520843506
122.379183769226 122.49543762207 123.446789264679 122.397198200226 122.373388290405 122.349578857422 122.325768947601 122.301960468292 120.519232034683 120.5582716465 120.658765792847 119.727793693542 118.857454061508 118.111170053482 118.115988969803 118.362844467163 116.70144701004 116.649526596069 116.653414011002 115.004926919937 114.948293209076 114.164819002151 113.464464902878 113.617569923401 113.711352109909 113.158847332001 113.310555458069 113.462261915207 112.600347042084 112.595407009125 112.190261602402 112.183586597443 112.332384109497 112.382203817368 112.333045721054 112.283887863159 114.020104408264 115.022403478622 114.967441320419 113.143470048904 113.09396314621 114.259621143341 115.283077478409 115.940917253494 115.985085964203 118.757939100266 118.692497968674 118.626201152802 119.773952484131
123.642790555954 122.443587779999 122.504880905151 122.475311279297 121.237904310226 120.745694637299 120.573277711868 121.754698038101 120.66262960434 120.69718837738 120.793998241425 120.743123292923 119.775809288025 118.139309644699 118.233553647995 117.41486787796 116.662847042084 116.756859779358 116.756355762482 115.10383605957 114.133838415146 113.548654794693 112.541699647903 113.426123142242 113.799787759781 113.23163318634 113.210705041885 113.344209909439 112.40376496315 111.984634637833 112.11586356163 112.090749502182 112.378317594528 112.424458265305 112.3855073452 113.972507238388 113.928387641907 115.074821949005 115.030759572983 113.248070716858 114.105970144272 114.226435184479 115.259329319 116.02060675621 117.035904884338 119.528805732727 119.783425331116 120.499335765839 119.643396377563
122.003841638565 120.852911472321 120.81920671463 120.785498142242 120.751792192459 120.811499834061 120.632304430008 120.744832992554 120.806026935577 120.836106300354 120.929232597351 120.330517053604 119.357908010483 119.450788974762 118.501439094543 116.739197969437 116.92520904541 117.016123056412 116.954571485519 116.25360250473 115.280420541763 113.633573532104 113.596052885056 113.712474822998 113.828899621964 113.94532418251 112.289642095566 112.248096942902 112.517953634262 111.928150892258 111.884889125824 112.154781103134 112.268094301224 112.310185194016 114.036238670349 113.870298147202 115.028613328934 115.128528833389 114.961714982986 114.928266763687 116.048892736435 116.780008792877 117.953079462051 117.91872048378 118.941903114319 118.768337726593 120.56018447876 120.51902794838 119.673325061798
120.977486610413 120.938099622726 120.898711681366 120.953084468842 120.914080142975 120.875077724457 120.930985450745 120.89236330986 120.853745222092 120.975026130676 119.062974214554 119.151628732681 119.336213827133 118.381688833237 116.615342617035 116.702068090439 116.788789987564 116.875516653061 115.357163667679 115.290306806564 115.376776218414 113.563757658005 113.66184258461 113.759926795959 113.858011722565 113.956097364426 112.128399848938 112.224279642105 112.320158243179 112.416035413742 112.669047355652 112.062471389771 113.782952308655 112.736239910126 112.713869571686 114.064490318298 112.9817237854 114.915502548218 114.892669677734 114.869836330414 114.847001552582 115.883497238159 117.028343200684 118.96195936203 118.801728248596 118.773539543152 118.741076469421 119.566663742065 121.564168930054
121.066246032715 121.021156787872 121.070516347885 123.430698633194 123.457187652588 119.122690677643 118.041650772095 117.998450994492 117.955254793167 117.975366592407 118.005480289459 117.401362657547 116.415137290955 116.497778177261 116.580424785614 116.663067102432 115.678661584854 115.070847511292 114.099181652069 113.487846136093 112.502365350723 112.426471471786 112.505005121231 112.739543914795 112.123032093048 112.201166391373 112.27929854393 112.357429027557 112.27835559845 112.356244564056 112.591823339462 111.970161676407 113.796383619308 112.747426509857 113.811918258667 113.966068744659 111.721462965012 114.075676202774 114.823622703552 114.811404943466 114.935087680817 115.944571971893 117.762679100037 118.947484970093 118.934945106506 118.778737783432 118.754418611526 120.6875872612 119.896388530731
122.433131217957 120.50071144104 120.452110052109 122.751716375351 122.774501085281 121.092303514481 121.139461040497 121.089859962463 119.284781455994 119.400098800659 119.481955766678 119.563811063766 117.737931966782 116.617709875107 116.6967856884 116.929521799088 115.940528392792 115.177138566971 114.101903438568 112.421757459641 112.440182209015 112.411280155182 112.471734046936 112.532189369202 111.899589300156 111.959498167038 112.176790237427 112.236913442612 112.39436340332 112.454484462738 112.514601945877 112.553719520569 112.602372407913 112.528823375702 112.39373087883 111.732147932053 111.7305996418 113.998870134354 113.997289180756 114.752973794937 115.813156366348 115.811641931534 117.766844749451 118.835405349731 118.833835124969 118.92249584198 119.664045333862 118.883970737457 120.023740291595
119.56133890152 119.359681367874 119.305114507675 119.496311903 120.131547451019 121.248181343079 120.269254207611 119.479329109192 119.426566839218 119.439342975616 119.517656087875 119.542179107666 117.766236543655 116.792530298233 116.813146829605 116.944628000259 115.26474905014 115.340503931046 115.416261672974 113.206533432007 113.280768871307 112.492802143097 112.53516793251 110.817884206772 110.859291791916 110.900697946548 112.170962810516 111.141742944717 111.024921417236 111.066326379776 110.414235830307 112.356417417526 112.484927654266 112.406877994537 111.527448654175 111.536191701889 112.60719037056 112.714143514633 112.723079681396 114.694543838501 115.766524553299 115.775715827942 116.848233699799 118.820415019989 118.829857349396 119.894211769104 120.739696025848 118.906342029572 120.219309806824
119.496217250824 119.533283233643 119.473517179489 119.563667535782 119.602990865707 119.643177270889 119.584810256958 119.52644610405 119.568353176117 119.576736211777 118.423538923264 117.818504571915 117.892485380173 117.966467142105 116.984978199005 115.302505016327 114.692468643188 115.446889162064 115.519078493118 114.521259784698 112.684994697571 112.732209920883 112.598603010178 110.864646434784 110.888292789459 110.911936759949 110.935584783554 110.959231853485 110.982877731323 110.316201686859 110.339498758316 112.122355222702 112.233291864395 112.150423049927 112.304679393768 113.485876083374 112.618391036987 112.539090633392 112.657052755356 114.636113405228 115.719894170761 115.641154050827 115.759677410126 118.805424213409 118.68568277359 118.836161136627 119.102987289429 118.928712368011 119.988215446472
119.091306447983 118.888256072998 118.834570407867 119.7181224823 119.76281785965 119.70861697197 119.65441775322 119.70080947876 119.647035121918 117.903216600418 117.923243761063 117.996277093887 118.069308280945 118.142343759537 116.083392620087 115.473185539246 114.607044696808 113.153736352921 114.61491394043 114.686667442322 114.072020053864 113.957255363464 113.974493980408 113.991726875305 113.321105718613 112.26634144783 112.2830722332 111.07442688942 111.09129858017 112.173164367676 110.435398340225 112.210122346878 112.215859651566 112.23012804985 113.45316028595 113.47679567337 113.500427484512 112.773428678513 112.796871900558 114.642244577408 115.731642246246 115.755200624466 115.877867221832 117.860942363739 118.954620361328 118.994490623474 119.256952285767 119.086091995239 121.38407087326
119.09467458725 119.055393457413 118.963685750961 119.076175689697 119.974943876266 119.882386207581 119.8425822258 119.903715610504 117.688390731812 118.126274347305 118.302890777588 118.378056287766 118.453222990036 117.452276945114 117.527927398682 114.944813728333 113.836033582687 114.05001950264 114.846163988113 114.919588565826 114.993013381958 114.353015184402 114.374738931656 114.396461725235 113.184119224548 111.447709560394 112.537504911423 111.490154743195 111.511381149292 111.371258020401 110.701930046082 109.647318124771 111.421195745468 112.511994838715 112.66837477684 113.893628835678 113.77654337883 113.796885490417 113.817229747772 115.979417562485 116.139913082123 117.229778289795 118.102606296539 119.195339679718 119.2160820961 121.194274902344 121.297951221466 121.302224159241 123.446286678314
118.016015768051 118.08985042572 119.1456823349 118.139940023422 119.042392015457 118.037453174591 119.876093864441 120.005336046219 120.08158159256 119.028195619583 119.106065034866 118.503427028656 118.681762456894 117.680969953537 117.758329629898 115.500871419907 116.162925243378 114.901820421219 115.077417850494 115.152510881424 115.227602958679 115.278333187103 114.615915775299 113.566948890686 113.805366516113 111.695225954056 110.482400655746 110.507340192795 110.53227853775 111.796934843063 111.822363138199 111.156311511993 112.914791584015 112.931132555008 114.018553972244 114.174097299576 114.191755771637 114.209416627884 115.158028125763 116.250752449036 116.267543792725 116.284333944321 118.226103305817 120.532454967499 121.447122097015 121.558350563049 121.56266784668 122.638955593109 123.715680599213
116.121656656265 117.262681722641 118.19357085228 118.182926416397 118.1184258461 118.208463191986 118.197903394699 120.58255147934 119.217526674271 119.252014160156 119.591412067413 118.729915857315 118.910305500031 117.90966296196 117.043956756592 117.121897697449 116.13201379776 115.131039619446 115.30866932869 115.38543176651 115.462194442749 115.515927314758 113.780616998672 113.547269582748 111.812820672989 111.842465877533 110.793947219849 110.65961098671 110.852396726608 112.061268568039 113.064345121384 113.194091558456 114.923103809357 114.187316179276 114.201054811478 114.214791059494 114.328770637512 115.416528463364 116.508682489395 117.275626897812 118.506237030029 118.377091407776 117.416435003281 119.725223064423 121.567797660828 121.823022842407 121.827383518219 123.662180423737 124.74168586731
