data/past_env/bio15_avg_1994_2009.asc
NCOLS 664 
NROWS 380 
XLLCORNER 3.91666666666667 
YLLCORNER 55.3333333333333 
CELLSIZE 0.0416666666666667 
NODATA_value -9999 
[rows 264 to 285 of 380, columns 147 to 195 of 664]
45.8208205699921 46.0932648181915 46.4790914058685 47.142776966095 46.9583470821381 46.4438211917877 46.6749205589294 45.8901872634888 44.7863745689392 44.5757956504822 44.5147323608398 44.6446340084076 44.7914969921112 44.6579782962799 44.9250564575195 45.0827398300171 45.2260456085205 45.07346367836 44.9140751361847 44.6388623714447 44.5304281711578 44.525057554245 44.7323455810547 44.7934997081757 44.8623557090759 44.5516753196716 44.7991673946381 45.0105419158936 45.3359386920929 45.5624577999115 45.6096215248108 46.0385565757751 46.3821940422058 46.5745496749878 46.9051668643951 47.0348117351532 47.2746171951294 47.2772734165192 47.7500350475311 47.5442831516266 47.2464301586151 47.1411044597626 46.7734141349792 46.800852060318 46.9006428718567 46.8041145801544 47.0637657642365 47.1608426570892 47.4787766933441
46.5094656944275 46.5878825187683 47.2629127502441 47.3668339252472 47.234786272049 46.6889569759369 46.1593565940857 45.8624088764191 45.0677900314331 44.9371778964996 44.764232635498 44.9046895503998 45.4490790367126 45.2026705741882 45.0005788803101 44.8385426998138 45.0916094779968 44.8402972221375 44.8881843090057 45.0324699878693 44.7983026504517 44.7949042320251 44.8045763969421 44.7103164196014 44.6983444690704 44.8658194541931 44.9467377662659 45.0426726341248 45.4743013381958 45.7777874469757 45.9655601978302 46.2590291500092 46.4611663818359 46.6984434127808 46.982551574707 47.1350059509277 47.3878192901611 47.3916194438934 47.1694240570068 46.8763546943665 47.0819964408875 47.435848236084 46.8218986988068 46.8325078487396 46.967836856842 46.7957487106323 46.6106817722321 46.8169276714325 47.0099067687988
46.3137962818146 46.4242210388184 46.7227013111115 46.9043126106262 46.7736084461212 46.5722680091858 46.1460456848145 45.6223366260529 45.6237735748291 45.2063393592834 44.8831808567047 45.0305454730988 45.8690431118011 45.5482168197632 45.3400058746338 45.2239809036255 45.1585333347321 45.0429575443268 45.0487208366394 45.0778036117554 45.0770108699799 44.7924599647522 44.7977557182312 44.9466626644135 44.9546022415161 45.1074392795563 45.3501584529877 45.4218089580536 45.9033069610596 45.7450633049011 45.981032371521 46.4005053043365 46.6509799957275 46.5658211708069 46.7484605312347 46.9741699695587 46.9974594116211 46.9803638458252 47.0734939575195 46.9569311141968 47.103227853775 47.5334401130676 46.9150240421295 46.9531629085541 46.8561592102051 46.8113498687744 46.652232170105 46.8959269523621 47.1734580993652
45.9559772014618 45.8905532360077 46.2944672107697 46.423454284668 46.459813117981 46.0261192321777 45.6330411434174 45.5844497680664 46.0553696155548 46.0259103775024 45.6604945659637 46.5729987621307 47.2243537902832 46.5754475593567 45.7194600105286 45.5276618003845 45.324875831604 45.1277520656586 45.1408290863037 45.0897183418274 45.3731279373169 45.2084200382233 45.0710649490356 45.1752991676331 45.2006435394287 45.2702827453613 45.5092964172363 45.8161256313324 46.011568069458 46.2075524330139 46.492668390274 46.4646146297455 46.6804339885712 46.7021646499634 46.8202962875366 47.1854088306427 46.9702014923096 46.7872550487518 46.8850035667419 47.1770296096802 47.3215334415436 47.5277509689331 47.1235682964325 47.008752822876 46.8691968917847 46.9166004657745 46.57253241539 46.890900850296 47.2506911754608
45.073835849762 44.4169955253601 44.3000612258911 44.8855731487274 45.6402196884155 46.0312039852142 45.9016284942627 45.687061548233 46.2019078731537 46.056807756424 46.1434037685394 46.5265910625458 46.7083230018616 46.7384152412415 45.7978081703186 45.4521501064301 45.6559476852417 45.6053495407104 45.5103933811188 45.373199224472 45.3650183677673 45.3847517967224 45.4243865013123 45.4025685787201 45.5471701622009 45.5524570941925 45.6411736011505 45.9051711559296 46.1812798976898 46.3769593238831 46.4766852855682 46.7373647689819 46.7207503318787 46.7482769489288 46.8627219200134 47.1653161048889 47.0817613601685 47.0351822376251 46.914479970932 47.3356924057007 47.3430213928223 47.3684179782867 47.0204885005951 46.8851499557495 46.7134931087494 46.7503185272217 46.7291116714478 46.7723317146301 46.9436793327332
43.9882960319519 44.1690716743469 44.5563259124756 44.8294925689697 45.07053399086 45.7791662216187 45.6632580757141 45.896954536438 45.9558751583099 45.5088269710541 45.3131339550018 45.9120757579803 45.7705078125 45.6963310241699 45.9035439491272 45.6387450695038 45.7890410423279 45.6433804035187 45.4574456214905 45.6154203414917 45.4666271209717 45.5838751792908 45.7566747665405 45.8118026256561 45.6816899776459 45.6474514007568 45.8097083568573 46.1249470710754 46.2108478546143 46.3749322891235 46.5186970233917 46.798367023468 46.786440372467 47.1936981678009 47.3536465167999 47.6098299026489 48.1852729320526 47.6048209667206 46.8917751312256 47.1533768177032 46.9648334980011 47.0388584136963 47.0820369720459 47.1219401359558 46.7370765209198 46.5153946876526 46.6995520591736 46.5694365501404 46.5368633270264
44.3724212646484 44.7148678302765 44.8268573284149 45.0592560768127 45.672358751297 45.7792851924896 45.8180816173553 45.9158062934875 46.0397536754608 45.56205701828 44.5521724224091 44.7163982391357 45.0671050548553 45.3341534137726 45.6075558662415 45.9071071147919 45.7153520584106 45.9933052062988 45.9064688682556 45.555468082428 45.5962028503418 45.6481053829193 45.7797868251801 45.7114498615265 45.7372539043427 45.9233663082123 46.1827218532562 45.9304821491241 46.1408700942993 46.3225665092468 46.3952929973602 46.6339089870453 46.984783411026 47.1457500457764 47.0299360752106 47.2121288776398 48.2346885204315 47.9430544376373 47.4274163246155 47.283900976181 47.1192121505737 47.019248008728 47.0555264949799 47.1489858627319 46.696827173233 46.5641617774963 46.5761647224426 46.5246751308441 46.4649350643158
44.4131093025208 44.792441368103 45.2170181274414 45.399566411972 45.6503148078918 45.6756701469421 45.7747402191162 45.7456102371216 45.6113102436066 45.3117260932922 45.0670664310455 44.7851731777191 45.0414614677429 45.5409033298492 45.9698860645294 46.1125569343567 45.8868944644928 45.8250625133514 46.0893540382385 45.6714358329773 45.8733360767365 45.6806724071503 45.7837748527527 45.9573199748993 45.7052314281464 46.083473443985 46.4711465835571 46.4985048770905 46.436163187027 46.4721035957336 46.4939272403717 46.6650307178497 46.6927118301392 46.8099703788757 47.1905138492584 47.7511432170868 47.9320473670959 47.5013737678528 47.7425878047943 47.6268239021301 47.4042870998383 47.0150103569031 46.9508500099182 46.6953101158142 46.7929737567902 46.5103504657745 46.4113147258759 46.4833731651306 46.5485122203827
44.06356549263 44.4400436878204 44.7496516704559 45.3435566425323 45.5965814590454 45.8413984775543 45.6445245742798 45.6777608394623 45.4418172836304 45.2872750759125 45.0646886825562 45.3562567234039 -9999 46.0141196250916 46.0656633377075 46.0590727329254 46.086501121521 46.1342680454254 46.1415021419525 45.8612341880798 45.9321131706238 45.851345539093 45.8378295898438 45.8061125278473 45.8317303657532 46.0588953495026 46.3968026638031 46.5856020450592 46.8349902629852 46.6316471099854 46.7429733276367 46.7586033344269 46.981205701828 47.2582862377167 47.393875837326 47.5272023677826 47.4692146778107 47.3539927005768 48.0180406570435 47.6167104244232 47.5380213260651 47.1995103359222 46.9316642284393 46.7416684627533 46.4433093070984 46.6310782432556 46.4807522296906 46.4368114471436 46.6869277954102
44.9885191917419 44.952620267868 45.1150546073914 45.5264143943787 45.5623598098755 45.7730321884155 45.7757985591888 45.7778241634369 45.6089537143707 45.4465346336365 45.4463047981262 45.2369985580444 45.428649187088 45.8965463638306 46.1286833286285 46.0186667442322 46.0721509456635 46.0653030872345 46.0242128372192 46.0603291988373 45.8958110809326 45.7923486232758 46.095317363739 45.9894676208496 46.1961817741394 46.3586325645447 46.4661769866943 46.5819139480591 46.8104953765869 46.924357175827 46.8954536914825 46.9451043605804 46.8881204128265 47.2830767631531 47.3557076454163 47.2971429824829 47.1086900234222 47.1994507312775 47.8146951198578 47.7048242092133 47.3651669025421 47.1644568443298 47.1164593696594 46.8783059120178 46.6487193107605 46.4609303474426 46.4282190799713 46.469527721405 46.6121389865875
44.8850212097168 45.1286809444427 45.4486217498779 45.8211119174957 45.9376871585846 45.9363393783569 45.7888042926788 45.4655427932739 45.643137216568 45.4189741611481 45.4805870056152 45.489360332489 45.5236332416534 45.5391926765442 45.9063894748688 45.9903192520142 45.7977275848389 45.7517356872559 45.5594584941864 45.6581475734711 45.7495954036713 45.8909687995911 45.9577994346619 46.3980779647827 46.7149710655212 46.884387254715 47.0892243385315 46.7473862171173 46.8191397190094 47.0131847858429 46.9870314598083 46.8236589431763 47.156035900116 47.2433922290802 47.4114327430725 47.2166233062744 47.4455389976501 47.4014098644257 47.5834500789642 47.3135440349579 47.3412103652954 47.2298712730408 47.1578907966614 47.1447877883911 46.6650016307831 46.523033618927 46.6838536262512 46.4506874084473 46.4404182434082
44.7497601509094 45.1840164661407 45.5075702667236 45.6078441143036 45.8458962440491 46.163027048111 46.0665121078491 45.8939623832703 45.5332107543945 45.48069024086 45.6048603057861 45.4355564117432 45.2013578414917 45.4306030273438 45.3239145278931 45.5029001235962 45.4081025123596 45.4839024543762 45.4482827186584 45.1801824569702 45.3690233230591 45.8828117847443 45.9870901107788 46.3232598304749 46.6450741291046 46.9023048877716 46.9065487384796 47.0224227905273 47.2657005786896 47.0489807128906 46.9641151428223 47.0390927791595 47.2434687614441 47.1471095085144 47.1096620559692 47.2935431003571 47.0963153839111 46.8481512069702 47.2114546298981 47.0627763271332 47.0309472084045 47.2738206386566 47.5041410923004 47.0526976585388 46.8271725177765 46.6677677631378 46.4479494094849 46.3557889461517 46.393045425415
44.2666082382202 44.6325283050537 45.0034646987915 45.5054204463959 46.0146481990814 45.9229102134705 45.8617196083069 45.846941947937 45.8541879653931 45.4373805522919 45.4589903354645 45.4704756736755 45.4613573551178 45.2184391021729 45.3792099952698 45.3038930892944 45.0362231731415 44.9524571895599 45.0357155799866 45.2491414546967 45.5321404933929 45.7543432712555 46.0250988006592 46.3719832897186 46.8810935020447 46.8262598514557 47.2397980690002 47.1778638362885 47.0637609958649 47.1072521209717 47.0387237071991 46.8574593067169 47.2058551311493 47.1345677375793 47.1738526821136 47.0224986076355 47.3193182945251 47.1613659858704 47.1428425312042 46.9762427806854 47.178647518158 47.4277758598328 47.1665630340576 47.2332224845886 46.9100396633148 46.5523042678833 46.4958531856537 46.0963921546936 46.2279276847839
45.038241147995 45.2515726089478 45.495064496994 45.8964517116547 45.919851064682 46.2029619216919 45.8606259822845 45.7409410476685 45.8009126186371 45.6120824813843 45.4846439361572 45.4307210445404 45.3904888629913 45.3640768527985 45.2667527198792 45.0728874206543 44.795325756073 45.0824661254883 45.0918564796448 45.1398527622223 45.6000797748566 45.6992619037628 45.9131112098694 46.2947652339935 46.4096868038177 46.5992391109467 46.9461045265198 47.1255729198456 46.9237570762634 46.9045610427856 46.9613845348358 46.6905086040497 47.0183763504028 46.8774826526642 46.6991233825684 46.941529750824 46.9980382919312 47.1609556674957 46.9411838054657 46.9945697784424 47.0627365112305 47.2326385974884 47.3519556522369 47.3890478610992 46.9433279037476 46.5076072216034 46.2953464984894 46.1557147502899 46.1723427772522
45.6027538776398 45.8699026107788 45.7932715415955 45.9062898159027 46.2480962276459 46.3672344684601 46.1034083366394 45.9793276786804 46.0182247161865 45.6654167175293 45.3244895935059 45.5279893875122 45.5642118453979 45.399965763092 45.2254981994629 45.1078290939331 44.8097896575928 44.7392902374268 44.8743093013763 44.9459714889526 45.2281520366669 45.3742055892944 45.6180956363678 45.9364275932312 46.2315320968628 46.441545009613 46.5982682704926 46.8998794555664 46.716433763504 46.8453924655914 46.749612569809 46.6904127597809 46.8109607696533 46.984025478363 46.87668633461 46.7790200710297 46.6359255313873 46.9514763355255 46.8683190345764 46.8063385486603 47.1329002380371 47.1117105484009 47.4205048084259 47.3436636924744 46.7922480106354 46.592946767807 46.7021358013153 46.2320261001587 46.3601634502411
45.4980919361115 45.8732385635376 45.9937453269958 46.2267508506775 46.0263957977295 45.9968810081482 46.3981766700745 46.1603293418884 46.1477644443512 45.8957064151764 45.6925387382507 45.6789970397949 45.363422870636 -9999 45.288015127182 44.9343020915985 44.7841868400574 44.6434121131897 44.8233158588409 44.9644384384155 44.9820318222046 45.1637628078461 45.3241937160492 45.4823215007782 45.9208309650421 46.1892240047455 46.3119826316833 46.2599475383759 46.572655916214 46.649374961853 46.5912561416626 46.5922300815582 46.6339509487152 46.5290639400482 46.7116620540619 46.6600966453552 46.7668511867523 46.7275698184967 46.8640010356903 46.9104051589966 46.8364624977112 47.0336406230927 47.1826906204224 47.190465927124 46.583206653595 46.6555128097534 46.3090674877167 46.2301154136658 46.2467398643494
45.5287048816681 45.8225531578064 46.0435514450073 46.2104892730713 46.0082755088806 46.1321706771851 46.1391489505768 46.2693893909454 45.637214422226 -9999 -9999 -9999 -9999 -9999 45.2000107765198 44.9731974601746 44.8731315135956 44.7416589260101 44.7456905841827 44.7479357719421 44.7354147434235 44.9312558174133 44.9312832355499 45.1258761882782 45.4762852191925 45.6944057941437 45.9456503391266 46.0635499954224 46.2990703582764 46.1972320079803 46.3679292201996 46.3631336688995 46.4553833007812 46.5258297920227 46.3517363071442 46.4572560787201 46.4923386573792 46.6396906375885 46.6166083812714 46.5837910175323 46.7471783161163 46.8430287837982 46.9679429531097 46.9638557434082 46.6712436676025 46.3510975837708 46.2604682445526 46.2925097942352 46.1061174869537
45.4254243373871 45.8597238063812 45.9854650497437 46.3334140777588 46.6130225658417 46.4534454345703 46.4288856983185 46.4009776115417 46.2050681114197 46.2009081840515 46.1442511081696 -9999 -9999 45.2504072189331 45.0100162029266 44.7185742855072 44.7575151920319 44.4683728218079 44.6042683124542 44.5047755241394 44.577463388443 44.7669215202332 44.6354665756226 44.8241229057312 45.1732130050659 45.3003287315369 45.468893289566 45.6730461120605 46.1608493328094 46.1600196361542 46.1678428649902 45.9368801116943 46.3151917457581 46.3256583213806 46.3405585289001 46.4878315925598 46.3831326961517 46.5085244178772 46.5586953163147 46.6408531665802 46.6096932888031 46.3865847587585 46.6374623775482 46.5825164318085 46.5238795280457 46.369957447052 46.2008483409882 45.9942820072174 45.906022310257
45.1175792217255 46.0262441635132 46.222455739975 46.4518349170685 46.8657536506653 46.8494803905487 46.7323844432831 46.4678072929382 46.3569619655609 46.2673547267914 45.9798698425293 46.0719153881073 -9999 -9999 44.7924919128418 44.7102470397949 44.5458908081055 44.7451412677765 44.4765064716339 44.4759652614594 44.6199281215668 44.86172747612 44.8117868900299 44.8983557224274 45.2183444499969 45.1525013446808 45.2531597614288 45.670961856842 45.8833954334259 46.0397565364838 45.9834353923798 46.0036187171936 46.0459449291229 46.1375224590302 46.3014259338379 46.3664541244507 46.39626288414 46.4266004562378 46.4461231231689 46.5039441585541 46.615382194519 46.4011836051941 46.6013035774231 46.3395631313324 46.5130801200867 46.2476768493652 46.0694372653961 46.0027225017548 45.7685508728027
45.9236905574799 46.4732229709625 46.6501767635345 46.7239212989807 47.0266513824463 47.1517601013184 46.8608922958374 46.689893245697 46.6789171695709 46.4402875900269 46.3848037719727 45.8167767524719 -9999 -9999 45.468275308609 44.9948492050171 44.9649403095245 44.6624476909637 44.7573411464691 44.4649000167847 44.4612503051758 44.7804999351501 44.8014760017395 44.8283138275146 44.7591936588287 45.235666513443 45.2414779663086 45.5256173610687 45.7390761375427 45.8427584171295 45.8099031448364 46.0445017814636 46.043053150177 45.9800379276276 46.131635427475 46.3439428806305 46.5247948169708 46.3278203010559 46.4239630699158 46.417534828186 46.4831874370575 46.5944139957428 46.3175301551819 46.0990734100342 46.3118050098419 46.2553842067719 45.9323077201843 45.9351668357849 45.6310575008392
46.1934306621552 46.4292113780975 46.6585953235626 46.997597694397 47.041788816452 47.2721555233002 47.1516044139862 47.0499193668365 46.8857164382935 46.5857300758362 46.2174320220947 46.1514415740967 -9999 -9999 45.4211843013763 45.1840438842773 45.1915738582611 44.8152573108673 44.7146325111389 44.7054212093353 44.4580223560333 44.558406829834 44.5274035930634 44.7246494293213 44.7174260616302 44.9275879859924 45.0450930595398 45.2501683235168 45.6106834411621 45.6435527801514 45.7748281955719 45.7673749923706 45.8844311237335 45.7820801734924 46.0121259689331 46.1738159656525 46.2290768623352 46.3431589603424 46.4674561023712 46.34486079216 46.4108858108521 46.1928505897522 46.2040979862213 46.1042692661285 46.0567827224731 46.0886142253876 45.9462802410126 45.9273908138275 45.5914425849915
46.336110830307 46.8517189025879 47.1795547008514 47.3277106285095 47.4413392543793 47.6255135536194 47.602349281311 47.307683467865 47.0481648445129 46.8064591884613 46.680159330368 -9999 -9999 -9999 -9999 -9999 45.130179643631 44.9333174228668 44.7633550167084 44.4995551109314 44.448616027832 44.343985080719 44.6260147094727 44.6349349021912 44.7062652111053 44.67103266716 44.9016568660736 44.9095251560211 45.2122159004211 45.3759083747864 45.4889249801636 45.603413105011 45.9092781543732 46.0009119510651 46.0049858093262 45.9452171325684 45.927802324295 46.0907833576202 46.2392699718475 46.2822902202606 46.4110932350159 46.4592711925507 46.3653383255005 46.2018141746521 45.9821033477783 45.9928171634674 45.9209032058716 45.653769493103 45.5205612182617
