data/past_env/bio19_avg_1994_2009.asc
NCOLS 664 
NROWS 380 
XLLCORNER 3.91666666666667 
YLLCORNER 55.3333333333333 
CELLSIZE 0.0416666666666667 
NODATA_value -9999 
[rows 66 to 87 of 380, columns 490 to 538 of 664]
84.3260657787323 86.4781279563904 86.6749050617218 88.6709785461426 89.7296738624573 90.9169676303864 90.868798494339 92.9183320999146 93.0068731307983 93.0954134464264 92.0471160411835 92.065532207489 93.1858305931091 91.2466177940369 89.1843547821045 89.0797321796417 88.2409193515778 87.1637284755707 85.3369998931885 83.3012390136719 83.1950035095215 81.2509708404541 81.2649142742157 80.4178216457367 80.3071281909943 80.31866979599 79.4692921638489 79.3639919757843 78.3923103809357 78.4037673473358 78.415224313736 78.310152053833 77.4569110870361 77.467675447464 77.3864634037018 77.5635516643524 76.5271847248077 78.9211349487305 79.0951309204102 79.0349555015564 77.8931465148926 77.9497425556183 78.0063374042511 77.9454391002655 78.9962525367737 79.1475727558136 78.1592991352081 78.0231051445007 80.1623857021332
85.5431208610535 85.4907927513123 88.5872626304626 88.676295042038 89.7382419109344 90.5652346611023 90.7779822349548 92.9099431037903 93.9893081188202 93.8374428749084 94.1368989944458 93.0504760742188 90.892153263092 89.9200048446655 89.077180147171 90.19122838974 89.2258276939392 87.2809565067291 86.3143916130066 85.3480243682861 85.1232883930206 84.2773551940918 83.3070561885834 82.3439891338348 80.5346937179565 80.5510730743408 80.4517369270325 80.3523106575012 79.5066900253296 79.4017446041107 78.5547120571136 77.5898096561432 77.4897587299347 77.5056445598602 77.5458714962006 78.9966518878937 78.9416573047638 77.9210669994354 77.9819214344025 79.125185251236 77.9870433807373 78.257737159729 80.276597738266 79.1385159492493 79.200562953949 81.4442780017853 81.5670812129974 81.5154874324799 81.5812137126923
86.3466546535492 87.2951951026917 88.5645139217377 90.4931662082672 89.5192656517029 91.5351870059967 91.8667197227478 94.0291137695312 94.1261603832245 94.1088111400604 93.0628669261932 92.0952589511871 92.2192060947418 90.1752564907074 88.9639661312103 89.1003158092499 88.1246421337128 87.8289277553558 87.9949436187744 86.9421513080597 84.7230958938599 85.1153476238251 83.2878725528717 83.4289202690125 82.7208199501038 82.741277217865 81.6643044948578 80.3576159477234 81.4715061187744 78.4419989585876 79.5589940547943 79.6952095031738 79.7160952091217 77.6634089946747 78.573029756546 79.9119675159454 79.0190873146057 79.9528377056122 78.7384264469147 80.1791932582855 81.2271025180817 81.4105696678162 81.5942101478577 81.4294431209564 81.5906376838684 81.6582279205322 81.8012890815735 82.8266813755035 82.9771955013275
87.4483468532562 87.5424575805664 89.5517203807831 90.5001101493835 90.5984714031219 91.6705296039581 91.8834211826324 92.0965940952301 93.0509390830994 95.338232755661 93.0893421173096 92.1174159049988 90.1813459396362 91.2699902057648 90.2967283725739 89.2031433582306 89.0928156375885 89.3323996067047 87.8258244991302 86.9285416603088 85.7879400253296 85.2156400680542 84.2515053749084 83.0678656101227 81.1719980239868 81.0776154994965 81.659059047699 80.4777495861053 81.5936269760132 81.5062348842621 81.5336537361145 80.701281785965 80.614235162735 78.6837358474731 79.8254601955414 79.9009006023407 80.0556573867798 80.1268191337585 81.2968933582306 81.3687841892242 82.3123931884766 81.5125615596771 81.5844519138336 81.6563396453857 81.7282280921936 81.684396982193 81.4965298175812 82.6236801147461 83.6376554965973
88.5244467258453 87.6736001968384 89.5757784843445 89.7900352478027 90.743941783905 91.7063958644867 91.0680830478668 92.0252027511597 92.2418184280396 92.3445672988892 92.2834501266479 91.3093469142914 91.3125216960907 91.3156974315643 89.4776177406311 89.3661952018738 89.1347732543945 87.2958183288574 87.2985036373138 85.3571226596832 86.3293554782867 84.2675366401672 84.2826724052429 84.5452058315277 84.3385093212128 83.5051953792572 82.5520095825195 81.48406291008 81.5119006633759 81.5397391319275 81.5675752162933 81.7097463607788 81.7375495433807 80.791928768158 79.746009349823 79.93439245224 80.1189961433411 82.4655389785767 81.4525105953217 81.5233023166656 81.5940926074982 82.8440082073212 83.0304696559906 81.8999996185303 83.0584192276001 83.1298885345459 85.0002405643463 83.6398506164551 83.8217425346375
88.5686550140381 88.7777278423309 89.7340471744537 89.8386361598969 89.9432237148285 91.0227150917053 91.1221668720245 91.2277660369873 91.3333685398102 91.4389681816101 91.4941508769989 91.3848733901978 90.4068787097931 90.4116575717926 90.3023099899292 89.5606677532196 89.451042175293 87.3784110546112 85.4349339008331 85.4391293525696 84.462060213089 84.4659700393677 83.7318143844604 83.6406724452972 83.5495808124542 82.5917813777924 82.5011606216431 82.5247762203217 81.202746629715 81.5890603065491 81.6125109195709 80.8858087062836 79.8167061805725 79.8403153419495 80.9775772094727 80.6836659908295 82.1565988063812 82.2254858016968 81.3456349372864 80.3292744159698 81.5734012126923 81.5483527183533 81.776328086853 81.8440773487091 82.8009536266327 83.8149390220642 83.8171358108521 83.7520244121552 83.9409203529358
88.5979149341583 88.9371054172516 89.892165184021 90.0062341690063 90.9701969623566 90.1034119129181 90.3249313831329 90.4331214427948 91.4010462760925 91.5101721286774 90.7066516876221 90.7127583026886 88.5331678390503 89.5220391750336 88.545663356781 88.5458161830902 88.5516223907471 88.4434947967529 85.5154066085815 84.6579442024231 85.7547266483307 83.8001732826233 83.6981348991394 83.5977160930634 82.6352481842041 81.6760971546173 81.6951367855072 82.6979134082794 82.7170970439911 82.5035910606384 80.6788322925568 80.526474237442 80.5432894229889 79.4642105102539 79.5047240257263 79.7596712112427 79.8228335380554 80.0455968379974 79.9491584300995 81.400200843811 81.6207807064056 81.7738406658173 81.83465051651 83.0002982616425 83.8570148944855 83.9193897247314 85.00727891922 86.2869920730591 86.3874595165253
87.7809903621674 88.8580260276794 89.9424431324005 90.0539402961731 90.1654407978058 90.2769396305084 90.5017216205597 91.590407371521 90.6072254180908 90.7188982963562 90.7785694599152 89.6900391578674 89.6977307796478 90.6879699230194 88.8492050170898 88.6249542236328 88.5186729431152 86.6790723800659 85.5958812236786 84.5060181617737 84.6266531944275 83.7682566642761 83.778769493103 81.7133779525757 81.7280352115631 81.7426912784576 81.8709962368011 81.772004365921 81.7866599559784 81.6877074241638 80.7166640758514 80.7291462421417 80.7416303157806 81.8537609577179 82.0484485626221 81.9466969966888 81.8446707725525 80.9598183631897 80.8569855690002 82.0168108940125 82.0741920471191 82.131573677063 83.5373229980469 83.5922548770905 83.6471881866455 84.947539806366 85.0427062511444 86.0976510047913 85.8300223350525
88.9015033245087 89.0155022144318 89.0166401863098 89.1305739879608 89.3575100898743 90.4447665214539 90.6729953289032 90.5579855442047 90.7864062786102 90.7882924079895 90.8504886627197 90.746354341507 90.0036640167236 90.012704372406 88.9259095191956 87.8381960391998 87.8469333648682 84.8012692928314 84.6920001506805 84.7004780769348 83.9554672241211 83.7369472980499 82.6457064151764 82.6561014652252 82.7847237586975 81.5098612308502 81.9329268932343 81.943192243576 81.9534583091736 80.7976725101471 80.7644057273865 81.8716607093811 82.6676738262177 81.8895328044891 81.9189491271973 81.9688477516174 82.0187478065491 82.0686492919922 82.1185483932495 82.1684482097626 82.3784732818604 82.2682478427887 84.9058172702789 85.0459423065186 84.9337587356567 84.9820513725281 86.8862986564636 87.0958399772644 87.0524649620056
91.0976219177246 90.1292080879211 90.2490093708038 90.4816470146179 91.4622492790222 91.4702305793762 90.7249729633331 90.6204180717468 90.8521347045898 90.8576884269714 92.0196225643158 90.9332089424133 90.0769033432007 90.087516784668 88.1351273059845 87.915549993515 87.9258608818054 85.8554837703705 85.8654866218567 84.7812519073486 83.9226272106171 82.7193236351013 82.7271544933319 82.8509402275085 83.9526908397675 82.9722845554352 80.8384273052216 80.8423411846161 80.6865365505219 80.8501706123352 81.9535732269287 82.0757942199707 82.080308675766 82.8312284946442 83.0145733356476 82.1089537143707 82.033280134201 82.0755610466003 82.2364020347595 82.4389336109161 84.131728887558 83.6622292995453 85.1218602657318 85.0025622844696 85.837292432785 87.0769567489624 87.0804209709167 88.1269516944885 88.0912013053894
92.0958197116852 93.3092625141144 91.2665572166443 92.4804222583771 92.6056802272797 91.6396455764771 91.7640087604523 91.888373374939 92.0127348899841 92.1370975971222 91.2215309143066 90.1379518508911 90.0372304916382 90.0494320392609 89.1923537254333 87.9929029941559 87.2480063438416 87.1468534469604 86.0595033168793 85.9582388401031 84.0031876564026 84.0145268440247 83.0326428413391 82.0522520542145 82.0537631511688 83.0353286266327 81.8831977844238 81.8822169303894 80.7432034015656 81.9603705406189 81.9605462551117 82.7500739097595 85.1047205924988 85.1047632694244 85.1227581501007 85.3184809684753 85.1946516036987 85.0706605911255 84.2903668880463 85.3024892807007 85.3384356498718 86.5117251873016 86.5480515956879 86.5430724620819 86.5795047283173 87.4094316959381 87.665620803833 87.3974661827087 87.5376033782959
92.0689923763275 92.0760133266449 93.5955519676208 93.7265779972076 93.8576059341431 92.9011716842651 92.9173245429993 92.0663607120514 92.0795481204987 91.337630033493 91.4079742431641 91.1943559646606 90.337503194809 90.3512089252472 88.2849516868591 88.1828713417053 87.2123017311096 87.2255895137787 87.1226170063019 86.3763258457184 85.294534444809 85.3074753284454 84.3231263160706 82.1242697238922 81.9589009284973 81.9535992145538 82.186270236969 82.18203997612 82.1778104305267 82.1735808849335 83.1459107398987 83.9315545558929 84.9864354133606 84.9819579124451 85.1108334064484 86.2495639324188 86.1180820465088 86.3065195083618 87.3104722499847 86.363477230072 86.2317533493042 87.1181597709656 87.4254758358002 88.5603148937225 88.5477356910706 89.8752892017365 90.6760156154633 89.5244903564453 89.4700138568878
94.943393945694 94.1003799438477 92.3613209724426 93.7761998176575 93.9107506275177 94.0453014373779 94.0673105716705 94.0880291461945 92.1463582515717 91.2935516834259 91.2523622512817 90.3954870700836 90.5232737064362 90.538587808609 90.4415123462677 88.4842185974121 87.4017851352692 87.4166271686554 86.5579566955566 86.4567060470581 86.4711813926697 84.6295127868652 82.3285117149353 82.3188931941986 82.3092756271362 81.6676976680756 84.5309166908264 83.5426027774811 83.3732056617737 83.203845500946 83.3111851215363 84.405179977417 85.0278549194336 85.2955100536346 86.2527167797089 88.4684839248657 88.3294503688812 88.3932762145996 88.5742976665497 88.5952136516571 88.6161303520203 88.476779460907 89.4076323509216 89.4287040233612 89.449777841568 89.4708499908447 90.6151251792908 90.7689950466156 90.6019122600555
95.0994753837585 94.1491694450378 93.4956350326538 95.8867547512054 94.9390499591827 94.1019690036774 94.1270656585693 93.2818396091461 93.4186079502106 93.5553777217865 92.4186370372772 92.4357323646545 90.59636926651 90.6133100986481 90.5159702301025 90.6471927165985 88.580265045166 87.4950907230377 86.4090623855591 85.4264261722565 84.2959141731262 83.5140945911407 83.6734154224396 83.4994561672211 83.3255167007446 83.4719851016998 83.6184325218201 84.6988625526428 83.7071666717529 83.693457365036 83.5196034908295 85.4031345844269 85.3895261287689 85.4923264980316 87.257568359375 87.270076751709 88.2276904582977 88.5174555778503 88.3700816631317 88.5431237220764 89.8509554862976 89.7037708759308 89.3733434677124 89.5463833808899 90.652321100235 92.5637564659119 91.5527181625366 91.4351694583893 92.4113447666168
94.5327177047729 95.6465992927551 93.954097032547 94.0965404510498 93.0360240936279 93.288654088974 93.5412003993988 93.4569845199585 93.5971777439117 93.7377450466156 93.5928945541382 92.2982482910156 91.4914832115173 89.4944150447845 89.5083239078522 89.5222313404083 88.7408549785614 87.4977600574493 87.5114686489105 86.7298884391785 85.6392612457275 85.5373468399048 83.7575147151947 83.5790774822235 83.6765789985657 84.4533247947693 84.435099363327 83.62229180336 83.7644710540771 83.7463719844818 84.5224747657776 85.6096439361572 85.5472724437714 87.2959322929382 86.6552629470825 88.586357831955 87.457665681839 88.5243692398071 88.5290098190308 88.5336503982544 89.6722974777222 89.6771206855774 89.8422303199768 90.6382701396942 91.7068815231323 92.5023677349091 92.5086400508881 92.3561689853668 92.5246481895447
95.5357837677002 95.8015649318695 95.9502778053284 96.0989894866943 95.2844433784485 95.3134367465973 95.5685579776764 94.4540293216705 94.5927240848541 95.7125723361969 92.6353442668915 92.5391952991486 95.7115693092346 92.6836044788361 90.8077576160431 90.8235821723938 91.6362957954407 90.6945905685425 87.7116763591766 87.6126430034637 87.9733865261078 86.846004486084 85.7350561618805 85.7115635871887 85.6880736351013 85.6317422389984 86.7026689052582 88.6970942020416 88.6734983921051 85.656521320343 85.6338956356049 86.5853488445282 86.5618848800659 86.5384206771851 88.5419430732727 87.4319014549255 88.6952097415924 88.6916399002075 88.6880691051483 90.5398576259613 90.5360589027405 91.5053727626801 91.6619970798492 91.8185849189758 91.8149020671844 92.4409799575806 92.446631193161 92.462019443512 92.4774074554443
95.5493578910828 97.0575759410858 96.1168065071106 96.1551876068115 96.3034555912018 96.4517230987549 95.6239190101624 96.7482571601868 95.9086494445801 96.1671013832092 96.2510542869568 95.1665132045746 95.1874070167542 94.1146676540375 93.1444895267487 90.8817467689514 90.8974997997284 90.913254737854 89.8569355010986 90.7841291427612 88.9066088199615 87.8135533332825 87.1707084178925 86.9837436676025 86.9572687149048 86.9307947158813 86.9043209552765 86.717346906662 90.758129119873 90.7304368019104 87.5489201545715 86.6114408969879 87.4956855773926 88.5768306255341 88.6751439571381 88.5523898601532 88.5449976921082 89.446756362915 89.4389753341675 90.5635862350464 91.6639139652252 91.6562798023224 91.6486413478851 91.641006231308 91.6333694458008 91.6257345676422 92.4202470779419 92.4380660057068 93.4292027950287
97.9643046855927 98.8952531814575 101.231865406036 101.538234233856 99.6446850299835 96.6169679164886 96.7606670856476 95.9162967205048 96.0588612556458 95.1109163761139 95.3023092746735 95.2102143764496 94.4609467983246 93.371778011322 93.3906061649323 93.4094345569611 92.0694737434387 92.0835809707642 90.3188886642456 90.1722748279572 90.1865081787109 90.0400290489197 89.052649974823 89.1850919723511 88.2272737026215 87.2210428714752 87.1931676864624 87.1652908325195 88.8832468986511 88.8550133705139 88.6661810874939 88.6379590034485 88.609735250473 91.7322721481323 90.6044144630432 89.6883618831635 89.6815655231476 88.5433366298676 88.5364611148834 91.6785197257996 91.671412229538 91.6643075942993 91.6572017669678 91.6500968933105 91.6429908275604 91.6358845233917 92.429491519928 93.4167647361755 94.658310174942
98.052898645401 99.2648208141327 99.4094450473785 99.4167642593384 99.5534930229187 96.7112820148468 97.9100656509399 98.0514748096466 98.192884683609 97.240608215332 97.203298330307 95.2762613296509 95.258453130722 94.506275177002 94.5234355926514 93.4699947834015 92.4212737083435 92.545636177063 91.5985567569733 90.4709665775299 90.3229086399078 90.3358201980591 90.2140183448792 90.1834435462952 90.2660381793976 90.0747318267822 90.0442628860474 89.1995766162872 90.1440587043762 88.8658707141876 88.836104631424 88.920081615448 91.7680158615112 91.8977253437042 91.7183632850647 92.6196739673615 91.7052142620087 91.6986384391785 90.4660573005676 90.5737624168396 91.6789107322693 91.6723372936249 91.6657621860504 91.6591858863831 92.442818403244 92.4358417987823 92.4387376308441 94.6949179172516 94.7078363895416
99.3060150146484 99.4464008808136 99.5867879390717 99.8382339477539 99.8675589561462 98.7976927757263 98.9289343357086 96.8688724040985 96.9966735839844 96.3247520923615 96.5555241107941 96.5674867630005 96.4693005084991 94.2287664413452 93.6018838882446 94.7533955574036 93.6753103733063 94.6652483940125 92.4232971668243 92.4344263076782 90.5070977210999 90.518417596817 90.6203269958496 90.4760177135468 90.2829694747925 90.2509658336639 91.0160059928894 91.1444926261902 90.1549525260925 90.2837681770325 90.2517261505127 90.0589389801025 90.9797818660736 91.7419404983521 91.7226805686951 91.7166359424591 91.8712108135223 91.8651514053345 91.8590941429138 91.6924550533295 91.6864101886749 91.6803658008575 91.6743206977844 92.458877325058 93.5362544059753 93.4158165454865 94.5316073894501 94.5418319702148 94.6666235923767
100.479902267456 99.5202531814575 99.6561176776886 99.7919845581055 98.7360594272614 99.0245788097382 99.0432107448578 97.8988945484161 96.408362865448 96.5306403636932 96.5969221591949 96.6072087287903 95.3940050601959 95.4038047790527 94.6134221553802 94.7846555709839 94.794581413269 93.6656467914581 93.675669670105 93.5243890285492 93.5344128608704 91.7679731845856 91.75630402565 92.5212450027466 91.3708474636078 91.3369092941284 91.3029704093933 91.2690322399139 92.2563877105713 92.2215800285339 93.3024480342865 91.9756782054901 91.7808158397675 91.7467741966248 91.726996421814 92.5146415233612 92.6694822311401 91.8711199760437 92.7707011699677 94.8489758968353 93.6146950721741 93.6088826656342 93.7162752151489 94.8261678218842 95.6107387542725 95.6047146320343 95.6056499481201 95.4529895782471 95.6214447021484
100.67080116272 100.693521738052 99.8358714580536 100.077577352524 99.9924132823944 100.123283624649 99.2110524177551 99.3326387405396 99.4542241096497 98.4905462265015 98.5784032344818 97.4481074810028 96.6555392742157 96.5549714565277 96.5633945465088 96.5718195438385 95.6035521030426 95.7220075130463 95.5692799091339 94.4601144790649 94.4685444831848 94.4769742488861 95.5813343524933 95.5444509983063 93.4149765968323 92.4700906276703 92.4344551563263 93.5321660041809 93.4957661628723 94.4301600456238 92.2919087409973 92.0953702926636 92.8538429737091 92.8177425861359 92.636349439621 92.7918899059296 92.7866904735565 92.9422175884247 92.1450231075287 93.7872285842896 94.8509931564331 94.7334234714508 94.8406758308411 94.8355202674866 94.669668674469 94.6645171642303 94.8251895904541 94.8303136825562 95.6256573200226
