data/past_env/bio15_avg_1994_2009.asc
NCOLS 664 
NROWS 380 
XLLCORNER 3.91666666666667 
YLLCORNER 55.3333333333333 
CELLSIZE 0.0416666666666667 
NODATA_value -9999 
[rows 22 to 43 of 380, columns 392 to 440 of 664]
39.5186673402786 -9999 -9999 -9999 -9999 -9999 38.4110736846924 38.3049283027649 38.5992386341095 39.2763651609421 38.5664917826653 38.8210892081261 40.0010522603989 40.3142257928848 -9999 -9999 -9999 -9999 -9999 -9999 -9999 -9999 40.0271349549294 39.1572355031967 38.022625207901 37.9662850499153 37.4974291920662 38.2085681557655 38.9526529312134 38.2483736872673 37.5000970363617 38.0305129885674 37.9998170733452 37.8278834819794 38.3779518604279 38.8192577958107 38.5453658699989 37.6986089348793 37.3738229870796 37.3194481730461 37.8234061002731 38.3564766645432 38.4609513282776 38.1219133138657 37.5354577898979 36.9200758934021 37.3919036388397 36.8663724064827 37.9476587772369
-9999 -9999 -9999 40.6272334456444 39.4392494559288 38.8701619505882 38.7032379508018 37.4776031374931 37.9498623609543 37.9415130615234 37.9973310232162 37.8465603590012 38.4377816915512 39.4799363017082 -9999 -9999 -9999 -9999 -9999 -9999 -9999 -9999 -9999 38.4532037973404 37.6829578280449 37.5358635783195 37.3734113574028 37.3735753893852 38.1226816177368 38.5525609850883 37.5026948451996 37.6181547641754 37.2882804870605 37.852587223053 37.8565036058426 38.3464794158936 39.0415388345718 38.5746327638626 37.3578144311905 37.9278630018234 38.0492804050446 37.9350537061691 37.395280957222 37.8791102170944 37.9623265266418 37.948255777359 38.0352263450623 37.1809546351433 38.5606366991997
-9999 -9999 -9999 39.2741039395332 37.5791339278221 38.2293582558632 38.3642148375511 38.0914523005486 37.9446378350258 37.9996958971024 38.2935108542442 38.7023835778236 39.1503675580025 39.5047182440758 39.6016654372215 -9999 -9999 -9999 -9999 -9999 -9999 -9999 -9999 -9999 39.0403001308441 38.2297442555428 37.8373919129372 38.9039943218231 38.3913571238518 38.3229312896729 38.5310754776001 38.7139757871628 38.7163714170456 39.2345376014709 39.3901400566101 38.1442836523056 38.6238858699799 38.9255880117416 38.279016494751 37.8195490837097 38.2406815290451 37.9092491865158 37.1519342660904 37.1508089900017 37.4437942504883 38.5424038171768 38.8623235225677 38.644505739212 39.2558857798576
-9999 -9999 -9999 38.1063995957375 38.1659156680107 37.7966440320015 38.1538195610046 37.9349884390831 37.7796505689621 37.8570584654808 38.2909796237946 38.739593744278 38.7198456525803 38.1989514827728 38.166069149971 39.4450471997261 41.2060936689377 -9999 -9999 -9999 -9999 -9999 -9999 -9999 -9999 40.3752590417862 40.2802287936211 -9999 38.3062515854836 37.5583327412605 37.5304558873177 38.1905251145363 37.8842236399651 38.5734806060791 39.0559937953949 38.62333548069 38.8663049936295 38.2179243564606 37.9201319217682 38.0434557199478 37.9049978852272 37.1119078397751 37.5719102621078 38.3572161197662 38.414702296257 39.6445041894913 40.4308720827103 40.0957919359207 39.0441883802414
-9999 -9999 -9999 37.8266246914864 38.1911318302155 38.8054988384247 38.4934743642807 38.2028971910477 38.1752827167511 38.6287592053413 38.3157910108566 38.4073423147202 38.9754647016525 39.0128980278969 38.2621867656708 39.6037853360176 -9999 41.2822614908218 41.693355679512 -9999 -9999 -9999 -9999 40.6609897613525 40.997972369194 -9999 -9999 -9999 -9999 -9999 -9999 -9999 38.9676231741905 37.8094519972801 37.2317366600037 37.457554101944 37.9748675227165 38.6272686123848 38.5360365509987 38.2834066748619 37.8216950893402 38.5932899713516 38.1657185554504 37.307089984417 37.2029020786285 37.8997664451599 37.8194818496704 36.9135630726814 37.1386502981186
-9999 -9999 -9999 -9999 -9999 -9999 39.534455537796 38.7213768959045 38.8819289803505 -9999 -9999 39.5403198599815 39.1840515136719 40.570072054863 41.122203707695 40.8123450279236 40.7846157550812 41.3948652744293 42.0604814291 42.0447375774384 42.0959986448288 -9999 40.8078223466873 39.7059770822525 40.2317875623703 39.6091109514236 39.8608437776566 40.9780651330948 41.4782921075821 41.679248213768 -9999 40.4813706874847 39.0886815786362 38.8266644477844 39.444026529789 39.9260532259941 38.890727519989 38.1307553052902 37.6151523590088 37.6204711794853 37.5194974541664 37.6845093369484 38.5436015725136 38.5682644248009 38.449605345726 38.0336940288544 37.7354727387428 37.9189329147339 38.4501762390137
39.7897726893425 40.606725871563 -9999 -9999 -9999 -9999 -9999 -9999 41.043172121048 40.6536042690277 40.4265276193619 38.7466253042221 38.3263393640518 39.7584799528122 41.0825661420822 41.104030251503 41.3249691724777 40.9832173585892 40.5864205360413 41.4930346012115 -9999 -9999 -9999 39.3467205762863 38.3649945259094 38.5454654693604 38.5847457647324 38.9915395975113 39.6600214242935 40.5440022945404 41.2621010541916 -9999 -9999 -9999 39.5013678073883 -9999 -9999 -9999 38.8806388378143 38.0753506422043 38.3173530101776 38.9293603897095 39.1570500135422 37.8923063278198 38.0020588636398 38.1681884527206 37.8207263946533 38.203234910965 38.3641715049744
38.122509598732 39.3992398381233 40.2481371760368 -9999 -9999 -9999 -9999 -9999 40.823929309845 40.0454409718513 41.4357888698578 -9999 38.6078914999962 38.4425274133682 38.7113454341888 39.6324409246445 40.6522127389908 41.2622224092484 40.9986479282379 41.1979206800461 -9999 -9999 40.3519494533539 39.1968105435371 39.2218190431595 38.5957981944084 38.9234561920166 39.5789678096771 38.8619248867035 39.8529117107391 40.9377185106277 41.1228536367416 -9999 41.1666750907898 40.6888697147369 40.7680209875107 41.1508287191391 41.0286476612091 39.8199962377548 38.9659203290939 38.627637386322 39.5498275756836 39.9834831953049 38.563311457634 37.5419826507568 37.6506173610687 37.6579605340958 37.6437175273895 38.3114371299744
39.3153123855591 39.6384259462357 39.9560399055481 40.9963601827621 -9999 -9999 -9999 39.7877170443535 39.743311226368 39.3812880516052 40.3644069433212 41.3208147287369 41.1483441591263 40.4442375898361 39.8443536758423 39.5868916511536 40.0565891265869 41.1521663665771 -9999 42.2600919008255 -9999 -9999 40.5781956911087 39.6113010644913 40.0545717477798 40.7613434791565 40.0404645204544 39.1343800425529 38.7332094907761 38.8923364877701 39.1450394392014 39.9783455133438 40.669184923172 40.5889011621475 41.0644547939301 41.5569571256638 -9999 41.1544854640961 40.7265546321869 38.8430677056313 37.9979853034019 38.1895658969879 38.4443045854568 39.0794678926468 39.160912156105 38.9462388753891 38.4257037639618 38.5694259405136 38.9798744916916
38.6539039611816 39.2799237966537 39.2733773589134 40.4809940457344 -9999 -9999 39.517035484314 38.9147601127625 39.4174546003342 39.7961447238922 40.7807540893555 40.9970896244049 40.2882536649704 39.8063294887543 40.3382546901703 40.8763043880463 42.1340005397797 -9999 42.0492812395096 41.3500423431396 39.8805681467056 40.4655293226242 41.8454946279526 40.1579886674881 39.6387728452682 40.387086391449 40.7191672325134 40.7299811840057 40.3290884494781 39.8207652568817 39.9079246520996 39.8960843086243 39.6133189201355 40.0566213130951 39.9872145652771 40.0797514915466 40.059446811676 40.5816494226456 41.2936013936996 41.0566680431366 40.3938703536987 39.9283177852631 38.8155012130737 38.4910937547684 38.7346432209015 38.8360511064529 38.7942662239075 39.1540945768356 39.5497970581055
38.4317338466644 38.8174625039101 40.3798802495003 -9999 -9999 -9999 39.9189587831497 39.0613172054291 38.9819669723511 39.5274435281754 39.371521115303 41.0299379825592 40.2017924785614 40.1494286060333 40.2486885786057 41.1561782360077 42.2878850698471 42.2788465023041 40.6023565530777 40.5264974832535 40.8818637132645 40.8892030715942 40.2538229227066 40.0789812803268 40.6225979328156 40.635298371315 40.6938148736954 41.1730446815491 40.7639039754868 40.8419727087021 40.6515063047409 41.2017552852631 40.8458739519119 40.0439496040344 39.7877426147461 40.0892428159714 40.3752032518387 40.1605888605118 40.7493767738342 41.0848730802536 41.0066840648651 40.5956273078918 39.7741330862045 39.2611240148544 39.0626298189163 39.0569542646408 39.3633368015289 39.3209311962128 39.7514024972916
39.3643438220024 40.5441406965256 -9999 -9999 -9999 41.7052294015884 40.9260219335556 40.7217836380005 40.8703050613403 40.6175760030746 40.9469076395035 40.268913269043 39.6704922914505 39.8284552097321 40.4844251871109 41.2237528562546 41.9932496547699 41.8135828971863 41.3890644311905 40.3774991035461 39.9131654500961 39.7212291955948 40.0558171272278 39.4123257398605 39.657289147377 40.0974986553192 40.6161512136459 40.7597212791443 41.3337470293045 41.7728161811829 41.9697417020798 42.2816667556763 41.7418092489243 40.7245703935623 41.1639519929886 40.7949835062027 40.0237296819687 40.3192211389542 40.437008023262 40.834843993187 41.4441735744476 41.3295694589615 42.0199247598648 40.8677861690521 39.3911665678024 39.6416755914688 40.1174584627151 40.66927921772 40.015739440918
39.8634606599808 41.6172120571136 -9999 -9999 -9999 41.6236046552658 40.0319656133652 39.921358704567 41.0112762451172 41.8817174434662 41.5096184015274 40.7160915136337 40.7160133123398 40.9319986104965 41.1776938438416 41.8652015924454 42.4650368690491 42.0216591358185 42.0157555341721 42.3203121423721 41.607507109642 41.2829302549362 41.287412405014 41.3696913719177 40.6343574523926 41.0313526391983 42.0840095281601 42.4826610088348 42.2523195743561 41.9798624515533 42.760568022728 43.350571513176 42.091571688652 41.9447849988937 41.3051972389221 40.6057262420654 40.7502261400223 40.5619003772736 40.6378479003906 40.7788698673248 41.6867346763611 41.8536596298218 41.6627405881882 42.1604735851288 42.5195587873459 42.1127252578735 41.5801861286163 40.9935473203659 40.3019678592682
40.0188019275665 -9999 42.7513130903244 -9999 -9999 41.4414255619049 40.1443258523941 39.5894932746887 40.2005605697632 40.9562568664551 42.6761263608932 42.6237649917603 41.2913578748703 41.0064076185226 41.1346198320389 41.2251290082932 42.2524477243423 42.2796219587326 41.0680150985718 41.5182378292084 40.3668348789215 40.1625601053238 40.5619291067123 41.283066034317 41.2148846387863 40.3510168790817 39.8778604269028 40.1114821434021 40.7499504089355 41.591876745224 41.8974052667618 43.3922572135925 44.0624576807022 43.3984324932098 42.6274081468582 41.3583362102509 41.2439810037613 41.6330364942551 41.4438999891281 41.7820737361908 41.8220702409744 42.644399523735 43.070861697197 42.7250708341599 42.3562376499176 41.8173696994781 42.332372546196 42.3305586576462 42.33152115345
40.8210346698761 41.3593217134476 41.8114260435104 -9999 -9999 40.2228895425797 40.2533520460129 41.1129510402679 41.4948389530182 41.1223555803299 41.7055637836456 42.1848566532135 42.4113204479218 41.9535344839096 42.1432983875275 42.1647053956985 42.251339673996 41.9115118980408 41.4364305734634 41.5406461954117 41.7082077264786 41.5522297620773 41.9893386363983 41.9213863611221 41.9046469926834 41.4727762937546 40.7152446508408 41.5607959032059 41.4413650035858 41.3080773353577 41.665070772171 41.6560583114624 42.1663672924042 43.0204021930695 42.7203476428986 42.0776408910751 41.682120680809 42.4915578365326 43.0570378303528 43.0990818738937 43.058354973793 43.0529438257217 43.0710748434067 43.2656940221786 43.1897659301758 42.7509689331055 42.6295650005341 42.5279170274734 43.1344792842865
40.6120561361313 41.2708237171173 41.8595405817032 42.3298727273941 42.377408862114 39.7616302967072 39.4276776313782 39.7067933082581 40.9512071609497 41.0589828491211 41.7441321611404 42.350865483284 43.0677746534348 42.3169063329697 42.0702764987946 42.4257966279984 42.7451812028885 42.3544353246689 42.3013894557953 43.1077774763107 42.7829949855804 42.3512085676193 42.6568660736084 42.1779049634933 42.8486943244934 42.1238498687744 41.3247981071472 41.4097412824631 41.2076171636581 42.1206237077713 42.1657214164734 41.5410305261612 41.3980445861816 41.4989289045334 42.2781559228897 42.1057201623917 41.4546251296997 42.0907127857208 42.7288247346878 42.9121198654175 42.9597059488297 43.3915271759033 43.7207783460617 42.5909745693207 42.4785900115967 42.8827542066574 43.4593790769577 42.9102479219437 43.0964832305908
42.2237765789032 -9999 -9999 40.5570666790009 40.6903796195984 41.3205643892288 42.3806446790695 -9999 40.8251280784607 40.4418802261353 41.0982238054276 41.4270206689835 42.1412431001663 42.9992952346802 42.8384501934052 42.8701891899109 43.276233792305 43.0588526725769 42.5846544504166 43.592631816864 42.8605147600174 42.9175373315811 43.6459078788757 43.7798279523849 44.2318127155304 42.6120830774307 41.5773891210556 40.6654069423676 40.4239943027496 40.4946410655975 40.7140637636185 41.2970308065414 42.0843123197556 42.1515053510666 41.9998726844788 42.5834610462189 42.9189648628235 43.4971321821213 43.0875705480576 42.8406201601028 41.9554864168167 41.5737235546112 41.9249383211136 42.2403277158737 41.5484844446182 41.3411710262299 43.0867373943329 43.5135394334793 43.5503969192505
43.3406401872635 -9999 41.0389586687088 40.2900470495224 40.8490629196167 40.967306137085 41.2996344566345 41.791029214859 42.7476989030838 42.1890935897827 41.4433157444 41.1729582548141 41.6662865877151 41.4823309183121 41.6439119577408 42.3893967866898 43.1680037975311 43.2377103567123 43.9784153699875 43.6071710586548 42.3209621906281 42.5862472057343 42.2526190280914 42.4435431957245 43.2906732559204 44.065211057663 43.402063369751 42.5487036705017 41.340311050415 40.8950726985931 40.7112315893173 40.27525639534 40.5671018362045 41.4483672380447 41.7936267852783 42.1417255401611 42.5330346822739 42.9972378015518 43.0733557939529 42.5838888883591 42.111200928688 42.2576621770859 42.1691836118698 43.0721671581268 43.0317258834839 42.7757008075714 42.8686517477036 43.6450872421265 43.1593887805939
-9999 41.743136048317 41.1704744100571 40.9403017759323 41.9260172843933 42.6169880628586 42.3536541461945 40.7748054265976 42.7253178358078 42.3527880907059 41.5690878629684 41.8648724555969 43.3883728981018 44.2724297046661 43.0887504816055 41.7938091754913 41.4764853715897 41.559133887291 42.2103062868118 42.516458272934 42.0854382514954 42.5822243690491 42.72511947155 42.5981113910675 42.4418053627014 42.6859139204025 42.4736498594284 43.5128843784332 43.9665035009384 43.1729584932327 41.5822201967239 41.4197682142258 41.413867354393 40.962543129921 41.7882308959961 42.1268475055695 41.7422815561295 41.954621553421 41.8090509176254 43.1709710359573 44.094048500061 43.328361749649 43.4086371660233 44.1423349380493 43.5882867574692 43.30912733078 42.9990371465683 42.9673362970352 43.9979463815689
42.6514652967453 41.8537678718567 41.1019203662872 41.1240993738174 41.8750079870224 42.3496562242508 43.0562467575073 42.1040635108948 40.9843386411667 41.9938418865204 42.5350404977798 42.725491642952 41.588899731636 42.0034366846085 43.1782463788986 44.002082824707 44.5008687973022 42.7638128995895 43.2472484111786 43.986344575882 44.0897229909897 43.3560518026352 43.1036494970322 43.2262090444565 42.9975348711014 43.7073309421539 44.005967259407 43.6215573549271 43.2642494440079 43.6475793123245 43.8370771408081 43.2097322940826 42.2638912200928 42.0550136566162 42.2521719932556 42.6462732553482 42.3785436153412 41.9621162414551 42.104269862175 42.0228705406189 42.5421357154846 42.8699343204498 43.4674767255783 43.4909502267838 43.8079314231873 44.3170496225357 44.6690227985382 44.7561681270599 44.8645402193069
43.3539690971375 42.5186730623245 41.2797708511353 41.3123046159744 41.5600829124451 42.4198141098022 43.557559132576 44.1441589593887 42.1861617565155 41.8502588272095 41.9883099794388 41.7849653959274 41.9938360452652 43.0160113573074 43.1964023113251 43.1707615852356 44.2276051044464 44.66969871521 43.5012050867081 42.7064634561539 42.4143912792206 43.0188156366348 43.3390315771103 43.7689678668976 43.6509104967117 43.4101144075394 43.0321209430695 43.3040732145309 43.3699592351913 43.045022726059 42.967422246933 43.3758463859558 43.5255472660065 43.3501815795898 43.7853733301163 43.6549501419067 43.1811794042587 42.8304908275604 42.5787751674652 43.2038025856018 42.9146970510483 43.3501145839691 43.9888303279877 44.3644371032715 44.7138357162476 44.9066603183746 45.5349588394165 45.989759683609 45.49092233181
44.5787366628647 44.4989854097366 43.4926204681396 41.9180554151535 41.0832825899124 41.1856302022934 42.6449013948441 42.9941236972809 44.0809322595596 44.2992622852325 43.7888362407684 43.5934168100357 43.1586112976074 42.5254107713699 42.4312200546265 42.9022958278656 43.0884778499603 43.4963463544846 43.7632994651794 44.0956026315689 43.2272063493729 43.8775404691696 44.4384336471558 44.8062362670898 45.026643037796 44.8770377635956 44.0566186904907 44.3245068788528 44.633880853653 44.345605134964 44.6475448608398 44.2516008615494 44.0720876455307 43.6154497861862 44.3312163352966 44.0965179204941 44.076381444931 44.0746124982834 43.9339021444321 43.888748884201 44.2264026403427 44.0746302604675 44.2421816587448 44.5099980831146 44.6937040090561 44.0934491157532 44.9998334646225 45.8712961673737 45.3550953865051
