data/past_env/bio15_avg_1994_2009.asc
NCOLS 664 
NROWS 380 
XLLCORNER 3.91666666666667 
YLLCORNER 55.3333333333333 
CELLSIZE 0.0416666666666667 
NODATA_value -9999 
[rows 220 to 241 of 380, columns 588 to 636 of 664]
47.5109355449677 47.4355850219727 47.3795615434647 47.4163522720337 47.0112583637238 47.0370837450027 47.1060717105865 46.7572381496429 47.0463891029358 47.1819874048233 47.3147695064545 46.9870719909668 47.3185691833496 47.2800334692001 47.0489073991776 47.1264871358871 47.2869961261749 47.4036334753036 47.4156754016876 47.4230208396912 47.3409492969513 47.0109187364578 47.444318652153 47.4863450527191 47.2517347335815 46.9972660541534 46.7903099060059 47.1726830005646 46.7489581108093 45.9386519193649 45.9059849977493 46.7704560756683 46.8457757234573 46.5748393535614 46.492548584938 46.5187517404556 45.8880790472031 45.8027620315552 46.0908476114273 46.161013007164 46.1177266836166 46.101686000824 45.9431375265121 45.9639014005661 46.0023428201675 46.0093089342117 45.9910275936127 46.3041751384735 46.0115984678268
47.9180631637573 47.7004699707031 47.3618361949921 47.2746859788895 47.5322453975677 47.3056980371475 47.2326319217682 47.1775014400482 47.277049779892 47.086566567421 47.1134123802185 47.4049990177155 47.3778835535049 47.5869555473328 47.558015704155 47.4970353841782 47.5643105506897 47.7762900590897 47.7766404151917 47.8015713691711 47.5553179979324 47.2822828292847 46.8869234323502 47.1248301267624 47.1172251701355 47.0620839595795 46.9152380228043 46.7646306753159 46.6022629737854 46.0991525650024 45.9834104776382 46.1524384021759 46.672660112381 46.4535868167877 46.6070599555969 46.5498934984207 46.4840099811554 46.0259003639221 45.4328954219818 45.9436627626419 46.0812867879868 46.2313667535782 46.0951888561249 46.2929345369339 46.2608252763748 46.3578289747238 46.0537786483765 46.342747926712 46.3533492088318
47.6850498914719 47.6161295175552 47.5029071569443 47.5198006629944 47.4663516283035 47.4270914793015 47.5073528289795 47.4551140069962 46.8586400747299 47.0095164775848 47.276024222374 47.3410544395447 47.8726361989975 48.0226728916168 47.781166434288 47.6492474079132 47.807169675827 47.9065436124802 47.7060608863831 47.5536487102509 47.1792725324631 46.7215889692307 46.7407406568527 47.0383405685425 47.1222941875458 46.9232803583145 46.6500561237335 46.8098978996277 46.9485371112823 46.6992031335831 46.5549694299698 46.6035784482956 46.6873630285263 46.9283002614975 46.3137066364288 46.3269559144974 45.9320003986359 45.9860509634018 45.6884344816208 45.8043794631958 46.1662293672562 46.3482495546341 46.335743188858 46.2433421611786 46.2125742435455 46.289938211441 45.9383509159088 45.9167078733444 45.93439412117
47.8447091579437 47.9414249658585 47.7628217935562 47.5461914539337 47.5107629299164 47.8427094221115 47.8326606750488 47.7690685987473 47.4292733669281 47.3134307861328 47.7855694293976 47.6521099805832 47.5431973934174 48.0379605293274 47.9556410312653 47.8764940500259 47.5724754333496 47.8238198757172 48.0002198219299 47.5457589626312 47.4807480573654 47.5452910661697 47.35977602005 47.3816479444504 46.9372962713242 46.6656279563904 47.0076714754105 47.0034803152084 46.8601163625717 47.1202104091644 46.8917270898819 46.8807175159454 46.6941421031952 46.8003846406937 46.4169269800186 46.2394359111786 46.3447309732437 46.3416413068771 46.3996720314026 46.2154536247253 45.8822677135468 46.3834782838821 46.1887513399124 46.2001279592514 45.9655505418777 46.0029129981995 46.1026695966721 45.8705632686615 45.871585726738
47.9077391624451 47.8610863685608 47.6526777744293 47.6349450349808 47.6180429458618 47.8632259368896 47.6759307384491 47.7894866466522 47.3750635385513 47.4706698656082 47.7132602930069 47.5810667276382 47.5601588487625 48.0041370391846 48.3620021343231 47.8448694944382 47.6626433134079 48.0776143074036 47.4799604415894 47.4274442195892 47.4706550836563 47.6060320138931 47.8780250549316 47.6155117750168 47.1463985443115 46.9493020772934 47.2285885810852 47.1729345321655 47.2862088680267 47.4796724319458 47.4445041418076 47.3738732337952 46.9050153493881 46.6762096881866 46.3769404888153 46.0846679210663 46.2834247350693 46.2971546649933 46.3138513565063 46.2965236902237 45.9121004343033 46.1206361055374 46.2418482303619 46.0207551717758 46.253130197525 46.3094162940979 45.9986535310745 46.3512035608292 46.0142065286636
47.6317898035049 47.8631627559662 47.6842876672745 47.4507533311844 47.97603058815 47.8210433721542 47.6711189746857 47.8403426408768 47.923601269722 47.9993804693222 48.1000775098801 47.9431493282318 48.038605928421 48.0987960100174 47.9870879650116 48.0176547765732 47.9277900457382 47.9322071075439 47.7208499908447 47.2381645441055 48.0925414562225 47.8265428543091 47.808248758316 47.7841105461121 47.7297670841217 47.6954590082169 47.7264145612717 47.9062714576721 47.5538202524185 47.6819169521332 47.5276242494583 47.3399329185486 47.0369656085968 47.0707685947418 46.7137697935104 46.1818169355392 46.0802800655365 46.719945192337 46.76837682724 46.2703408002853 46.1562218666077 46.2153638601303 46.337682723999 46.3151220083237 46.3224223852158 46.4274970293045 46.1353338956833 46.1701581478119 46.0936434268951
48.4676856994629 48.1524844169617 48.0818308591843 48.0197468996048 48.1336613893509 47.8244595527649 48.0803183317184 48.4661462306976 47.9168709516525 48.0027443170547 47.6477111577988 48.0812268257141 48.1021461486816 48.2974908351898 48.1149883270264 47.9451557397842 47.982834815979 47.7815692424774 47.9986808300018 47.8796939849854 47.6842558383942 47.8000953197479 47.9179241657257 47.9853485822678 47.8017904758453 47.7472597360611 47.9505972862244 47.4748516082764 47.3083961009979 47.2841535806656 47.1497994661331 46.7163187265396 46.9405107498169 46.9037351608276 47.0159848928452 46.659675359726 46.3442836999893 46.4367108345032 46.4411826133728 46.4030311107635 45.9712717533112 46.1585667133331 46.577702999115 46.4469993114471 46.2638754844666 46.1980068683624 45.7702578306198 45.726292848587 45.8244256973267
48.8162817955017 48.2900648117065 48.1554230451584 48.1908392906189 48.0964633226395 47.6895041465759 48.2610422372818 48.372142791748 48.4179257154465 48.6223970651627 47.9533665180206 47.9225814342499 47.8884817361832 48.0072985887527 47.7690917253494 47.7973717451096 47.8317043781281 47.7306113243103 47.8518482446671 47.5629640817642 47.6359649896622 48.2082064151764 47.9995545148849 48.1118612289429 48.064098238945 47.800422668457 47.6277459859848 47.2793124914169 47.5242949724197 47.2750931978226 46.8628025054932 46.7657036781311 46.6266778707504 47.0538645982742 46.7536104917526 46.5761487483978 46.5533019304276 46.366782784462 46.5421897172928 46.5123053789139 46.569696187973 46.9547891616821 46.5989859104156 46.1125266551971 46.1729730367661 46.3562474250793 45.8377089500427 45.6045033931732 45.8785401582718
48.4624350070953 48.3791687488556 48.1253488063812 48.0445592403412 48.2031223773956 48.2492471933365 48.0252946615219 48.2959393262863 48.4155858755112 48.4219071865082 48.1609102487564 47.912811756134 47.6869958639145 47.9124644994736 47.6572645902634 47.8424509763718 47.8179039955139 47.6433835029602 47.2591867446899 47.652313709259 48.1547757387161 48.2225306034088 48.4029004573822 48.1467943191528 47.9744606018066 47.9144495725632 47.9947745800018 47.871917963028 47.2068800926208 47.0176259279251 47.155140042305 47.0858007669449 47.1213434934616 46.8070319890976 46.6225074529648 46.3087731599808 46.4910850524902 46.5209023952484 46.4767137765884 46.4855916500092 46.8442064523697 46.8117544651031 46.1928243637085 45.9827550649643 46.0307656526566 45.9196807146072 45.5914440155029 45.4980900287628 45.3075692653656
48.3785899877548 48.2601312398911 48.1102706193924 47.8906472921371 48.0739750862122 47.9353494644165 47.832004904747 48.1010924577713 47.9523121118546 48.2355115413666 48.2860184907913 47.9380666017532 47.6636878252029 47.6059085130692 47.4438767433167 47.4174944162369 47.9702693223953 47.8055188655853 47.7637383937836 48.2231713533401 48.1363112926483 48.2560576200485 48.5824373960495 48.0857297182083 47.9169384241104 47.5951374769211 47.8085454702377 47.6454889774323 47.1526303291321 47.1136738061905 47.2250720262527 47.2347697019577 46.9083452224731 46.9572434425354 46.4306011199951 46.7205891609192 46.7032899856567 46.5387208461761 46.9964809417725 46.974605679512 46.7206597328186 46.5578045845032 46.2471027374268 46.1690779924393 45.9655230045319 45.7183665037155 45.6374781131744 45.6271965503693 45.9275097846985
48.3827837705612 48.2757439613342 48.271399140358 48.0595089197159 47.8728692531586 48.2887234687805 48.1371568441391 48.2714426517487 48.1179705858231 47.8556840419769 47.7374638319016 47.6841464042664 48.1003478765488 47.9424409866333 47.8598365783691 47.8778103590012 48.0789629220963 48.2429227828979 48.4073108434677 48.4361851215363 48.4379901885986 48.3764338493347 48.2560331821442 47.7703127861023 47.7226277589798 47.4595564603806 47.6685115098953 47.3360508680344 47.0350151062012 47.2540627717972 47.3620777130127 46.9262412786484 46.8109143972397 47.2250018119812 47.0616266727448 47.302985906601 47.1446974277496 46.8569065332413 46.8235535621643 46.8118352890015 46.4960601329803 46.4926116466522 46.2623034715652 46.2222598791122 46.0702143907547 46.2059416770935 46.1781091690063 46.0750077962875 45.8802983760834
48.4901427030563 48.2022742033005 48.1990505456924 47.734689116478 47.7648125886917 47.7017707824707 47.8771493434906 48.0478105545044 47.9341388940811 47.6957650184631 47.5515171289444 47.5608960390091 47.7921044826508 47.7996898889542 47.8210290670395 48.4059932231903 47.9570026397705 48.275970697403 48.4427602291107 48.3296073675156 48.4375743865967 48.520577788353 48.2509343624115 47.7474716901779 48.0566004514694 48.1160628795624 47.9777702093124 48.1505979299545 47.8615354299545 47.3427362442017 47.0393186807632 47.3502150774002 47.4031409025192 47.0492030382156 46.9778064489365 47.1170339584351 47.0686477422714 47.1697747707367 47.0344566106796 47.098517537117 46.9832189083099 46.5292294025421 46.2690763473511 46.434387922287 46.2175546884537 45.9432669878006 46.1024358272552 45.9966846704483 45.8510106801987
48.3814830780029 47.9241861104965 48.005598783493 48.0132709741592 47.7974931001663 47.8122087717056 47.9232631921768 47.8408434391022 47.5340768098831 47.4614897966385 47.6173886060715 47.7826163768768 47.7648125886917 47.9831323623657 47.9239237308502 47.7339468002319 47.8513791561127 47.7711427211761 47.9556856155396 48.0910106897354 48.5313639640808 48.481493473053 48.294805765152 48.0974383354187 48.2288335561752 48.3143752813339 48.2409815788269 47.9299649000168 48.0284373760223 47.9832167625427 47.7130836248398 47.6372417211533 47.6313540935516 47.3204885721207 47.4038655757904 47.1323844194412 47.10919880867 46.8982992172241 47.0111985206604 47.0557396411896 46.505692243576 46.5401841402054 46.7275022268295 46.0636764764786 46.0614047050476 45.8019191026688 45.8621157407761 45.8081492185593 45.7252722978592
48.1432327032089 47.9541810750961 47.6284915208817 47.627548456192 47.5640263557434 47.5026621818542 47.2628310918808 47.3479788303375 47.293691277504 47.7808057069778 47.8107169866562 47.8765522241592 47.8187507390976 47.6493265628815 47.9339096546173 47.813626408577 47.9223817586899 47.8268973827362 48.007234454155 48.1135966777802 48.5947140455246 48.7885310649872 48.5320988893509 48.7199667692184 48.7268081903458 48.5787456035614 48.4392108917236 48.0861451625824 47.8452368974686 47.8645097017288 47.5514110326767 47.6487385034561 47.4085862636566 47.4075837135315 47.4140774011612 47.4070652723312 47.0479449033737 46.5999785661697 46.8968540430069 46.7056287527084 46.7699826955795 46.5092231035233 46.5273932218552 46.2991133928299 46.1979076862335 45.9438580274582 45.7210059165955 45.5906027555466 45.6097741127014
48.3886096477509 48.0699425935745 47.8847358226776 47.7590055465698 47.6261996030807 47.5692937374115 47.4026830196381 47.4218338727951 47.6252580881119 47.6633375883102 47.6289417743683 47.5867240428925 47.8067097663879 48.0239361524582 48.0662422180176 48.236806511879 48.1728053092957 48.1652501821518 48.078329205513 48.5213693380356 48.6277394294739 48.491553902626 48.457571387291 48.5475852489471 48.7498990297318 48.268634557724 48.3104573488235 48.071452498436 47.7296422719955 47.5612777471542 47.7253762483597 47.4384900331497 47.3969902992249 47.6923068761826 47.4264941215515 46.8537592887878 47.0802717208862 47.1149753332138 46.8716607093811 46.6372231245041 46.4273492097855 46.312335729599 46.3852233886719 46.2082253694534 45.7957788705826 45.875111579895 45.9504363536835 45.9250413179398 46.1289529800415
48.169931769371 47.568874835968 47.4806994199753 47.4195502996445 47.6883827447891 47.41024518013 47.7529870271683 47.5067119598389 47.6748350858688 47.8502635955811 47.691312789917 47.9720131158829 47.9670134782791 47.9899764060974 47.94513463974 48.2338035106659 47.9654901027679 47.9838497638702 48.2244715690613 48.6685103178024 48.4691953659058 48.7155417203903 48.9018353223801 48.9238246679306 48.5740551948547 48.103813290596 48.2955113649368 48.20905148983 47.9835745096207 47.8604596853256 48.068506360054 48.0963832139969 47.2353526353836 47.4334911108017 47.103192448616 46.8884012699127 46.9733251333237 46.988433599472 46.8633728027344 46.763388633728 46.6594322919846 46.7815256118774 46.7051882743835 46.6826591491699 46.4650257825851 46.4422758817673 46.0616391897202 46.2289278507233 46.013561964035
47.6272253990173 47.5093903541565 47.6155295372009 47.9310344457626 47.9066125154495 48.0761454105377 47.6452875137329 47.4760786294937 47.5866000652313 47.5320432186127 47.7543365955353 47.767112493515 47.6998077630997 47.9382263422012 47.8320496082306 47.949838757515 47.8665789365768 48.0889978408813 48.4221295118332 48.7399086952209 48.7156392335892 48.5962530374527 48.4549278020859 48.5003215074539 48.2885774374008 48.5736511945724 48.1386117935181 48.2122185230255 48.1697208881378 47.7611874341965 47.8507014513016 47.4829431772232 47.4115561246872 47.307851433754 47.1548904180527 47.0779465436935 47.1858905553818 46.8652046918869 47.07925593853 46.9412282705307 46.9602501392365 47.0593255758286 46.8028726577759 46.6251702308655 46.5401978492737 46.2436389923096 46.2388769388199 46.2633445262909 46.4690638780594
47.4840604066849 47.5124907493591 47.2967902421951 47.1333688497543 47.6001206636429 47.919282913208 47.5980789661407 47.6049535274506 47.5768035650253 47.5286574363708 47.5252605676651 47.8131308555603 47.6351127624512 47.8589061498642 48.0257408618927 48.2587682008743 48.3227863311768 48.3335877656937 48.7388753890991 48.5935297012329 48.8034347295761 48.7221492528915 48.4665839672089 48.531676530838 48.3912608623505 48.4115427732468 48.2725909948349 47.9861783981323 47.8475929498672 47.6931418180466 47.5277411937714 47.1917352676392 47.260907292366 47.229243516922 47.1794599294662 47.2045547962189 47.3193210363388 47.0927366018295 47.0582016706467 46.9314713478088 46.8627450466156 46.4249893426895 46.7677170038223 46.988467335701 46.8464862108231 46.5856536626816 46.4215825796127 46.537299990654 46.9696880578995
47.3245844841003 47.2936831712723 47.3185724020004 47.6767150163651 47.6278715133667 47.2246831655502 47.2618097066879 47.3082203865051 47.3339468240738 47.3202739953995 47.0573278665543 47.6998435258865 47.5294406414032 47.9553540945053 48.1030131578445 48.1795107126236 48.3621629476547 48.5944491624832 48.7797137498856 48.5862349271774 48.4747018814087 48.5995936393738 48.3251980543137 48.2376499176025 48.2054146528244 48.3130995035172 48.4410424232483 48.1369709968567 47.6075615882874 47.6686464548111 47.4350471496582 47.5404015779495 47.4881553649902 47.1315710544586 47.1939299106598 47.2552956342697 47.1209856271744 46.9412218332291 47.1186822652817 46.7518274784088 46.6078840494156 46.7727446556091 46.9538706541061 46.9099153280258 46.8083392381668 46.69353723526 46.8778694868088 47.0246385335922 47.7625657320023
47.1259205341339 47.3833352327347 46.902334690094 47.3406817913055 47.5316158533096 47.5906411409378 47.7214076519012 47.8255988359451 47.7446073293686 47.649765253067 47.7854890823364 47.8208335638046 47.7863358259201 48.05446434021 48.1645354032516 48.2325865030289 48.8390443325043 48.6609853506088 48.5403467416763 48.3043928146362 48.3459545373917 48.4082194566727 48.4076182842255 48.66439473629 48.2961287498474 48.2900091409683 48.5205003023148 48.2742030620575 48.1075654029846 47.6649706363678 47.3120882511139 47.4956303834915 47.2294211387634 47.24041056633 47.1903797388077 46.8444455862045 47.1247264146805 46.9080307483673 46.6857410669327 46.5604972839355 46.6173298358917 46.8987699747086 46.9187861680984 47.0974241495132 46.971871137619 46.9150595664978 47.0668298006058 47.0233879089355 46.9305419921875
47.4890519380569 47.9829705953598 48.1081255674362 48.0712734460831 47.8838828802109 48.0447605848312 47.8543426990509 47.7744008302689 47.9679633378983 48.1036741733551 48.2393097877502 48.0948280096054 48.3110544681549 48.4114943742752 48.8822852373123 48.6476508378983 48.6645092964172 48.5464079380035 48.4549920558929 48.4044865369797 47.9519641399384 48.1800719499588 48.203446149826 48.4037013053894 48.2611304521561 48.2516342401505 48.3184969425201 48.0518457889557 48.1018952131271 47.9495841264725 47.3652992248535 47.4745779037476 47.4688220024109 47.5131144523621 47.4898369312286 47.1228488683701 46.6858657598495 46.8206186294556 46.8640886545181 46.7327281236649 47.017570734024 46.9834420681 47.0329910516739 46.8112134933472 46.752436876297 46.8536149263382 47.0811245441437 47.0045022964478 47.0357229709625
48.1765695810318 47.9132437705994 47.8798364400864 48.2104847431183 48.1152319908142 48.0735628604889 48.1771671772003 48.2380274534225 48.038378238678 47.8734630346298 47.5192041397095 47.8685749769211 47.8199033737183 48.1832938194275 48.2539808750153 48.3808110952377 48.2960110902786 48.2139686346054 48.3422875404358 48.0774084329605 47.9918131828308 48.2467799186707 48.3735350370407 48.0499764680862 48.3389616012573 48.1972577571869 48.3701677322388 48.0581856966019 47.4831655025482 47.2412465810776 47.3026057481766 47.3418855667114 47.55695104599 47.6627795696259 47.5867259502411 46.9422918558121 47.0808252096176 47.1458488702774 47.1079308986664 47.1928007602692 47.1379293203354 47.1970757246017 47.2330607175827 47.0943958759308 47.0232775211334 46.8034702539444 46.9333559274673 47.0902714729309 47.0793677568436
