data/past_env/bio19_avg_1994_2009.asc
NCOLS 664 
NROWS 380 
XLLCORNER 3.91666666666667 
YLLCORNER 55.3333333333333 
CELLSIZE 0.0416666666666667 
NODATA_value -9999 
[rows 352 to 373 of 380, columns 441 to 489 of 664]
143.167150974274 141.392370462418 140.644540548325 138.635903835297 136.901361942291 134.868562698364 133.057452917099 133.031316518784 130.994117736816 128.554913520813 126.684016704559 125.863869190216 122.7564432621 120.799559593201 117.69459104538 119.593342781067 116.519047737122 114.381660938263 111.225916385651 109.201334238052 107.686653614044 105.747204303741 103.665471315384 102.513870239258 101.516246557236 101.475831985474 101.435418367386 101.505879402161 102.367873430252 103.347612380981 104.123074769974 104.277407884598 106.071754932404 106.142006158829 105.987406015396 105.918536901474 106.746361255646 106.537196159363 104.056156635284 103.875186920166 103.777784347534 103.680383205414 103.582979202271 103.615998268127 104.453526735306 105.429785966873 104.6899330616 104.6707508564 106.543426513672
143.627435684204 141.554090261459 138.509993553162 137.484579086304 135.677347660065 134.959539890289 132.924982786179 132.204922199249 130.067682266235 128.623893260956 126.629520893097 123.695293426514 122.699122428894 119.719096183777 117.760642051697 119.538296222687 116.460887908936 115.255142688751 113.298397064209 111.160599946976 108.004002571106 106.063023090363 105.952295780182 104.715473651886 102.827263355255 103.718059062958 104.491539478302 103.357738494873 103.311616659164 103.349710226059 104.231364011765 104.184650182724 105.035620927811 105.101439714432 105.961884260178 106.006229639053 105.914574384689 103.319894313812 103.96701836586 103.873053789139 103.040937423706 102.947953462601 102.85496711731 102.679061412811 102.90558719635 102.807229995728 103.782392263412 104.65385890007 105.435568332672
142.053677797318 141.163642883301 139.925021648407 137.883508205414 137.168759346008 135.274951457977 134.333528995514 132.29754781723 129.463896989822 128.697707176208 125.683855772018 124.864711284637 122.771211862564 119.658132791519 117.697066545486 120.417020320892 117.336247444153 115.304742336273 113.235304832458 111.206017494202 110.084286928177 108.017324209213 106.813486337662 105.950890779495 104.697764635086 104.561861753464 104.509768724442 103.370116472244 103.318766593933 103.351810693741 104.228003978729 104.176085233688 104.124168634415 104.883152723312 106.051213026047 105.866133928299 105.693744897842 103.179729938507 103.090186595917 103.132749795914 103.043220281601 102.953688621521 102.78045129776 102.115849733353 101.890599012375 101.797276496887 101.703955411911 104.373622655869 104.406129598618
143.006360769272 141.283433914185 141.191928863525 139.769599914551 138.03897690773 135.921176671982 134.98153758049 132.62752532959 130.760898828506 128.901968240738 125.758488893509 124.894421815872 123.595066070557 121.629785060883 119.609986782074 120.55649471283 117.3881316185 116.560087680817 115.237904548645 112.184714317322 111.220102310181 109.901451587677 108.027682542801 106.807441473007 106.748621463776 104.669435739517 104.612151861191 103.533599376678 104.413149356842 105.16988825798 104.224644184113 104.052931070328 104.110397577286 102.431450605392 105.825582504272 103.343046426773 103.256948709488 103.303725481033 103.084752559662 102.913951158524 102.960939884186 102.273646831512 102.183951377869 102.094256401062 101.872592687607 101.783075332642 101.693557739258 103.460356473923 104.371728181839
144.792216539383 142.767907381058 140.72957777977 139.934200763702 137.90451169014 137.192931413651 135.073758125305 131.631494283676 130.656892776489 129.550097465515 127.606229782104 125.721214056015 123.751678466797 121.653338432312 122.650722026825 120.611680030823 118.262007236481 117.321161746979 115.285895824432 114.430555820465 112.085327625275 111.035981893539 109.910244226456 108.956890106201 106.666246414185 106.601506471634 105.362948417664 105.29899930954 105.235050439835 105.255842447281 104.106311559677 103.958411931992 104.011411190033 102.421940326691 102.372673749924 102.75937962532 103.378257274628 103.29563999176 102.634990930557 102.416079521179 102.196449756622 102.110555648804 102.024664402008 101.806418418884 101.720668554306 101.634917020798 103.352881193161 104.203525543213 104.337329864502
144.193382740021 143.497656822205 140.363394737244 140.110929727554 138.081268310547 138.064869403839 135.946186304092 133.546185970306 131.563320159912 129.623541116714 128.865503311157 125.926738500595 123.954184770584 121.852698326111 120.709776639938 120.666863918304 119.607093334198 117.567844390869 116.514083862305 115.298470497131 114.358335494995 112.094107627869 109.949726581573 109.813062429428 106.807673692703 106.738031387329 106.584013700485 105.31099820137 105.356305837631 105.372457265854 105.303870201111 105.235283613205 104.082859992981 102.412430286407 101.746453285217 101.672981500626 102.624038696289 102.408683300018 102.326622247696 102.244560956955 102.297105550766 102.215090751648 101.865702867508 101.783742904663 101.701782941818 101.754668235779 102.612978696823 103.290908575058 104.302930593491
147.245202541351 145.159265041351 144.203655719757 140.228014469147 139.97950053215 137.85965681076 136.050231456757 134.649389266968 131.688387870789 129.831585645676 127.918273687363 126.002389907837 125.752250671387 123.783884525299 120.663511514664 119.796036958694 117.700995922089 116.561689853668 117.339266777039 112.638132572174 112.607700586319 109.495584726334 109.381778240204 107.494162559509 107.435547351837 105.046964645386 104.158427476883 104.101174116135 104.043921709061 102.899147033691 102.975937843323 102.920212507248 102.387546539307 101.78870344162 101.722221374512 101.64901971817 101.569100618362 102.387777090073 102.307327747345 102.226879358292 102.281540393829 102.20113658905 101.987960100174 101.907648801804 101.827337265015 101.74702501297 102.742265939713 103.416216850281 104.286044359207
148.999165534973 146.908916473389 144.854372262955 144.186063289642 140.938899040222 138.813359022141 137.870077133179 134.295450925827 132.436279535294 131.673497200012 129.678318738937 127.842348098755 125.882283210754 123.792276382446 122.442163228989 120.485101699829 118.398258924484 116.517946481705 114.56392288208 114.670642375946 112.587572574615 112.479340314865 109.505435466766 109.33441734314 107.35213136673 107.295841217041 105.93092083931 105.875189065933 105.819456100464 104.874354600906 103.731994867325 103.544097661972 103.48961186409 102.871816396713 102.807764053345 101.653213739395 102.3390147686 102.5265853405 102.177124977112 102.229295253754 102.283528327942 102.202509641647 102.121490240097 101.90777182579 101.826860189438 102.822514057159 103.467063426971 103.414543390274 103.391991853714
151.104343414307 149.314777612686 147.398723125458 145.203455448151 143.094483852386 139.945821762085 138.126327991486 137.86737203598 135.959129333496 132.412868022919 131.643288135529 129.647051095963 127.72752571106 125.777769804001 123.743330478668 121.73934841156 120.40625333786 118.459679841995 117.611280441284 115.666251897812 114.409319400787 112.597001552582 112.363825082779 109.37834405899 108.096869468689 107.213659286499 107.159740447998 106.014687299728 105.828634977341 105.909009933472 105.722294807434 103.559467792511 103.50745844841 102.738094568253 102.677576065063 102.740170955658 102.47666311264 102.26159286499 102.315486431122 102.36715221405 102.285516023636 102.07093167305 101.989414930344 101.907896995544 101.826380491257 101.744860649109 102.739851474762 103.412871837616 103.391805171967
152.548130273819 152.218416452408 150.212650775909 146.992695808411 144.879070281982 143.014885663986 140.963933944702 138.11742401123 137.388314247131 135.937254190445 133.493340969086 131.478907108307 129.538247585297 126.443978786469 125.470902681351 123.531891345978 120.48476266861 119.644717693329 118.318801641464 116.456160545349 114.519744634628 114.423993587494 112.488615989685 110.251159906387 109.323581695557 107.957856655121 107.165142297745 107.113752841949 105.971588850021 105.92126584053 105.870942592621 104.733045578003 103.965710401535 103.908918380737 103.852127075195 103.646679401398 102.66277551651 100.764998435974 101.719937562943 101.505418300629 102.154384374619 102.205253124237 102.123000860214 101.908022165298 101.825900554657 102.821360588074 102.738642930984 103.411198854446 103.391620397568
153.9705286026 152.231884479523 152.005575418472 150.216962814331 146.990504264832 143.964392662048 143.005671262741 141.08840918541 138.008556365967 136.088933467865 135.12615442276 132.016589164734 129.448793411255 127.462398529053 125.532338142395 123.470273733139 122.639053344727 120.42875123024 118.500021219254 117.53666472435 115.326403141022 114.49601483345 112.568509101868 112.321914672852 109.324035644531 109.2738904953 107.909508943558 107.121682882309 107.072819948196 105.933520317078 105.750895738602 104.678532600403 103.060551404953 103.007333993912 102.219500541687 101.882354259491 101.800445318222 102.755622625351 103.401846885681 103.185051679611 103.101719379425 102.073594093323 101.855093955994 102.360280990601 102.13223862648 101.742697000504 102.737434625626 102.952238082886 103.581359863281
154.319791793823 154.187076807022 151.148996353149 149.773363113403 149.791824817657 145.09695649147 145.045609474182 142.895461320877 140.831805229187 137.886300563812 136.04802441597 132.853358745575 131.284419059753 129.36395907402 126.288547039032 125.466354131699 123.45929646492 120.383254051208 119.561280727386 118.380717992783 116.535513401031 114.482125043869 114.399390220642 112.31930398941 112.183174133301 110.301152467728 110.031858921051 107.866352081299 107.08327460289 107.036939620972 105.90048289299 104.963615179062 105.504779100418 104.538198471069 103.388592243195 102.024493932724 101.80580163002 101.723237514496 101.776711463928 103.015589475632 103.592904090881 102.598918437958 100.747678756714 101.322892189026 103.205052137375 103.108086824417 103.011125087738 102.945468902588 102.911118030548
156.821871757507 155.073718547821 151.797720432281 151.058000087738 148.991641521454 145.816109895706 144.845944404602 143.005010843277 141.075737714767 140.103276252747 137.290573120117 135.981170654297 131.860173463821 129.369738101959 128.47003865242 125.40363740921 123.49275803566 122.260921478271 120.262106657028 119.449103832245 117.672028064728 115.339705228806 114.392000198364 112.451439380646 112.317543983459 111.175358772278 110.171769142151 108.966552257538 107.828383207321 107.784168958664 108.394168615341 107.429847955704 105.500993490219 105.440846681595 105.380697011948 103.311904430389 102.812092781067 101.864225625992 102.659277439117 103.689168453217 102.689892292023 102.36739397049 103.395161628723 103.297158241272 103.199153900146 103.10115146637 103.003150224686 102.938702106476 102.90780711174
157.171914100647 156.516667604446 153.741886854172 150.649631023407 150.495973348618 148.651156425476 146.717630386353 143.851107597351 142.78621673584 140.798573970795 137.841952323914 137.084591150284 134.907306671143 132.023832321167 129.221635341644 126.210468292236 125.273116827011 123.371298313141 122.280024528503 120.242773294449 118.339826583862 118.110862493515 115.906815290451 114.41863822937 112.453415393829 112.274245500565 111.135039329529 111.372145652771 108.516784906387 107.931730508804 107.978554725647 107.937035322189 106.581180810928 105.440536975861 105.383863210678 105.305559873581 103.720285654068 103.634862184525 103.018411874771 103.821993350983 102.687442064285 102.721964120865 103.391342401505 102.624343633652 103.193255662918 103.094214916229 102.995172023773 102.931932210922 103.127447128296
161.676366329193 160.876365184784 157.295207977295 153.863874912262 152.013261556625 151.941007614136 148.841073036194 145.991363048553 143.822524309158 140.720702171326 138.867883682251 136.149852752686 134.99445104599 132.282837152481 129.370460987091 127.555230140686 126.397184848785 125.380366325378 123.487685680389 120.435678720474 120.952472686768 119.0964012146 118.339897632599 116.900252580643 115.278971672058 113.896306037903 113.840938806534 111.694267034531 110.386096477509 108.560890674591 107.993478059769 107.954482078552 108.175954580307 106.357988119125 105.387027978897 105.309921979904 104.122202634811 104.021923780441 104.013772249222 103.68777346611 103.721082210541 102.58530330658 103.387525081635 103.287441253662 102.521468639374 103.851941108704 103.729487657547 103.648017406464 103.925071001053
164.075549840927 161.240313529968 160.434721708298 157.255276203156 156.9467420578 153.840805530548 151.894995927811 146.922361135483 143.498219490051 140.731183290482 140.563126087189 137.423880577087 135.12237071991 134.206353902817 131.215873241425 129.334850311279 128.416399002075 125.422196626663 124.961517810822 122.089559316635 121.021286249161 120.950961351395 119.101154565811 116.985029220581 115.138388633728 114.995109081268 113.844228029251 112.885480880737 111.648874998093 110.570473670959 109.197692632675 107.971927881241 108.421404838562 107.053841590881 106.199581384659 105.541205406189 105.21218919754 104.249700307846 103.243894338608 102.916944980621 103.719397783279 103.618064641953 103.38370680809 103.306937932968 104.084370851517 104.146278142929 104.02091550827 103.941177606583 103.907069683075
164.389129638672 160.159762382507 159.167105197906 157.979850292206 156.986665248871 153.87393450737 152.150668382645 148.949151992798 145.860493421555 141.332725524902 140.566784858704 136.896738529205 135.028678894043 134.257041931152 131.941906452179 130.7819211483 129.811245203018 129.070419549942 126.117688894272 124.954345703125 121.998791694641 121.026222705841 119.182926893234 119.078646659851 117.159597396851 115.086497306824 113.937422037125 113.797263622284 113.746999740601 111.926863431931 110.621240377426 110.572016000748 108.52889585495 108.391804933548 107.026982545853 106.1262550354 106.02184176445 105.112297534943 104.104280233383 104.045853376389 103.943147420883 103.615327835083 103.412407159805 104.509219169617 103.478759527206 104.253645181656 103.675527095795 103.916303873062 104.021174669266
163.69678735733 162.927192926407 159.807492733002 157.937340736389 156.937608718872 154.838430643082 152.879684209824 150.858750343323 146.782893657684 142.668801307678 140.482217788696 136.881520032883 136.255516529083 134.964161634445 132.559797763824 131.826761722565 129.995225906372 130.028337955475 127.082332134247 124.697083234787 123.092411756516 121.333322048187 119.941118001938 119.165204048157 117.249210357666 117.109767913818 115.804414510727 113.893431186676 113.616410732269 111.799738407135 111.663395404816 110.587666511536 108.775325536728 108.64000749588 108.367084741592 106.972639560699 106.863908290863 104.342902183533 105.010243654251 105.131808042526 102.811199426651 102.708104133606 103.509150981903 103.405709981918 103.526451587677 104.228621006012 102.877912282944 102.803340911865 104.003173589706
166.023571968079 162.898637771606 161.985819101334 160.783642292023 158.909268856049 156.79527592659 154.692353725433 151.708850383759 148.586325883865 145.720012426376 142.508728981018 140.660114765167 138.833560943604 136.852213382721 134.934300422668 133.105256795883 131.796171665192 129.875041007996 127.019659280777 124.865800619125 124.1326379776 122.97186422348 120.982629537582 119.108055591583 119.061064958572 118.693251848221 115.757422685623 114.170639514923 113.805933475494 113.53255033493 111.630927085876 110.557735919952 109.420881032944 109.378060817719 108.346972942352 107.180088758469 106.843614339828 106.733936548233 105.101858615875 104.86296248436 103.897161245346 102.662986278534 102.559252023697 103.359926700592 103.983125209808 103.151867866516 102.14431977272 102.087371349335 103.203768491745
165.997151851654 165.983150959015 162.856055736542 160.750421524048 160.64607167244 156.848502397537 154.653477668762 151.756898641586 148.925285100937 146.439521074295 145.663812398911 141.373468160629 140.638245582581 138.805022239685 138.06986951828 135.122426271439 132.034646272659 129.878835201263 126.788421869278 124.859955072403 124.79407286644 122.955465316772 121.862982988358 119.759606838226 118.954159021378 118.91100692749 117.00764298439 115.617876291275 113.808543205261 113.676613807678 111.870329380035 110.572783946991 109.348753929138 109.309462308884 108.374103784561 108.208862066269 107.007906913757 104.882126808167 104.109887838364 104.776876688004 102.904554605484 103.481505870819 103.37735247612 103.273195743561 102.264397382736 103.064887046814 102.056519269943 102.905466079712 103.121338129044
166.730687141418 165.953951835632 164.514380931854 162.716105937958 160.609346866608 157.481357097626 154.842387676239 151.715264797211 148.754512786865 145.80105137825 144.518918037415 143.76071023941 140.899199008942 138.741227865219 138.000695228577 135.046311378479 131.724488258362 129.883272171021 128.392148733139 126.624832630157 124.782323360443 124.70968914032 122.866715431213 122.764194726944 119.607536792755 119.568078517914 118.768631696701 116.871901988983 114.389123678207 113.683044195175 112.459453582764 110.723996639252 111.717879772186 109.24086356163 109.205101251602 108.237685203552 106.945737838745 105.019458770752 104.912762641907 103.918447256088 103.813091039658 102.622438192368 102.385297298431 102.28115272522 101.518470525742 102.072863578796 101.968721151352 101.915154695511 101.912173509598
168.923964500427 167.705716133118 165.905191898346 163.70328950882 159.809071779251 157.442453861237 155.562436342239 151.673629522324 149.660077571869 145.894297599792 143.827748775482 144.697902202606 140.841371774673 139.437443971634 138.600484848022 135.729911565781 133.656022071838 130.693030357361 128.618555545807 126.618065595627 125.438493251801 124.692008256912 124.840697526932 121.713200092316 120.917959213257 119.463274002075 118.760991334915 117.444968700409 115.713936805725 113.598713159561 113.473632335663 112.119763374329 110.389256000519 109.263216495514 108.915259122849 108.176423072815 105.172577142715 104.931418180466 104.824457883835 104.055324316025 103.949395418167 102.402669906616 102.298319578171 102.193970441818 102.089619636536 101.550621032715 102.101953983307 102.049926042557 102.050535202026
