data/past_env/bio15_avg_1994_2009.asc
NCOLS 664 
NROWS 380 
XLLCORNER 3.91666666666667 
YLLCORNER 55.3333333333333 
CELLSIZE 0.0416666666666667 
NODATA_value -9999 
[rows 154 to 175 of 380, columns 196 to 244 of 664]
39.7446157932281 40.1786696910858 40.2339376211166 40.5495496988297 40.8489557504654 41.2189610004425 41.1461479663849 40.7216333150864 39.3702517747879 39.23219871521 39.2808120250702 39.5272067785263 40.2428461313248 40.8149391412735 41.5851820707321 41.8680539131165 42.5078241825104 43.2884149551392 43.2084476947784 42.6709697246552 41.69291639328 41.0477147102356 40.4567459821701 40.0685069561005 39.245094537735 38.8681710958481 38.9488291740417 39.4171711206436 39.4473346471786 39.1639734506607 39.4565408229828 39.1340401172638 39.2403062582016 39.0404325723648 38.9281761646271 38.5737597942352 38.9135389328003 38.970440864563 38.821151137352 38.8017791509628 38.7741663455963 38.3330385684967 38.2628996372223 38.6844091415405 40.075963139534 40.7999622821808 41.2197372913361 39.2346234321594 38.6335777044296
39.5825729370117 40.1689324378967 40.9484272003174 41.037025809288 40.8393777608871 40.9815385341644 41.1957094669342 40.6731456518173 40.0752141475677 39.5776921510696 39.9654315710068 40.4374433755875 40.8647159337997 41.0603014230728 41.4376182556152 41.9614570140839 42.2767480611801 42.4127708673477 40.864469408989 40.1737878322601 39.6752477884293 39.389799952507 39.1593554019928 39.9122287034988 40.0308563709259 39.8808048963547 39.5295959711075 39.5630903244019 39.3954418897629 39.2329498529434 39.3411355018616 39.096651673317 39.2556512355804 39.1211941242218 39.494551897049 39.3532667160034 39.3791135549545 39.3018661737442 39.2616238594055 39.1177834272385 39.1375286579132 38.7652155160904 38.2917178869247 39.0733588933945 39.8803075551987 40.580740571022 41.100741147995 40.9045822620392 39.8506809473038
41.1986609697342 41.3109639883041 41.3767070770264 41.1858705282211 41.0049124956131 40.9331008195877 41.1464596986771 40.3917138576508 39.6178697347641 39.8910599946976 40.4630405902863 40.6696976423264 41.0690519809723 41.3671635389328 41.4696476459503 41.5845259428024 41.1828985214233 40.7787506580353 40.7587925195694 40.3801255226135 40.4303338527679 39.5151360034943 39.1067217588425 38.867102265358 38.986566901207 39.0491333007812 39.2811185121536 39.1183924674988 38.952821969986 38.862669467926 38.8407893180847 38.9291603565216 39.0507965087891 39.1949096918106 39.4532717466354 39.3490369319916 39.5207525491714 39.7946945428848 39.9542694091797 39.4556829929352 39.3252391815186 39.0870645046234 39.2246996164322 39.2746703624725 39.0994857549667 39.0607267618179 39.8449251651764 40.5231004953384 40.5562273263931
41.3637506961823 41.3883800506592 41.3287320137024 41.4411233663559 41.3023159503937 41.0629494190216 40.996962428093 40.4754257202148 40.1408625841141 40.5663387775421 40.8321543931961 40.9585207700729 40.8441278934479 40.1409548521042 39.3995989561081 39.2383190393448 39.9843065738678 39.9327380657196 39.3044818639755 39.3490186929703 39.5013493299484 39.476375579834 39.0824017524719 39.1786316633224 39.0531351566315 38.8728234767914 39.0074142217636 38.9519076347351 39.015163898468 39.1093773841858 39.2554239034653 39.2834631204605 39.0367096662521 39.056349158287 39.4467825889587 39.6321758031845 39.9121378660202 40.1523369550705 40.3676887750626 40.2749247550964 39.7509490251541 39.7871980667114 39.7929898500443 40.1964013576508 40.2304342985153 39.8100129365921 39.4716930389404 39.8517957925797 40.3445465564728
41.5043202638626 41.72611951828 41.6452844142914 41.3763207197189 41.3448357582092 40.9084018468857 40.7820551395416 40.8703662157059 40.8249174356461 41.0068795681 41.1944806575775 41.1283230781555 41.1029949188232 40.925523519516 40.8400127887726 40.5389152765274 40.2123703956604 40.5712043046951 40.4747931957245 39.8209909200668 39.3613024950027 39.4290570020676 39.3812791109085 39.2590866088867 39.0960243940353 39.0644389390945 39.2598266601562 39.2297011613846 39.0505524873734 39.1871519088745 39.0708039999008 39.1821691989899 39.2927523851395 39.4761781692505 39.6713800430298 39.7892918586731 39.8507056236267 39.875016450882 40.0449897050858 40.4963626861572 39.8932077884674 39.6811032295227 39.8340848684311 40.108457326889 40.3668771982193 40.5232136249542 40.678408741951 40.1170743703842 40.1129959821701
42.483922958374 41.6173593997955 40.8300681114197 40.2935072183609 40.3187254667282 40.5116780996323 40.8464434146881 41.0229759216309 40.7961896657944 40.3756121397018 40.4324510097504 40.3207130432129 40.3672962188721 40.812304019928 41.1432653665543 41.1636244058609 40.7278698682785 40.2156188488007 39.6746062040329 39.3555183410645 39.6559073925018 39.3534263372421 39.4079464673996 39.2897381782532 39.2488342523575 39.3437246084213 39.2828322649002 39.3700460195541 39.3778755664825 39.5529870986938 39.7708646059036 39.7294738292694 39.7201026678085 40.0389980077744 40.1196483373642 40.422767996788 40.5257856845856 40.6819694042206 40.5060404539108 40.4866509437561 40.3102974891663 40.3255902528763 39.9564384222031 40.0305129289627 40.0471540689468 40.2376462221146 40.2826741933823 40.427429318428 40.8532005548477
41.5541522502899 41.956778883934 41.6275514364243 41.3515549898148 40.6871619224548 40.7163395881653 40.3267817497253 39.8746453523636 40.1429972648621 40.5888315439224 40.5866553783417 40.6683341264725 40.7514152526855 40.9190582036972 41.0490455627441 40.9220215082169 40.8404752016068 40.565931558609 40.352469086647 40.1186481714249 39.9755911827087 39.7948174476624 39.6235152482986 39.5422848463058 39.5669147968292 39.7170935869217 39.740219950676 40.0249742269516 39.9539654254913 40.1358979940414 40.005180478096 39.9410245418549 39.8727546930313 40.0274821519852 40.2798843383789 40.293074965477 40.7347449064255 40.8734068870544 40.9601216316223 40.8865133523941 40.864985704422 41.0249290466309 40.8800679445267 41.0272564888 40.9696301221848 40.5753933191299 40.5440897941589 40.4122146368027 40.952782034874
41.5754764080048 41.0849779844284 40.6550071239471 40.5281612873077 40.5524740219116 40.9546880722046 40.5254596471786 40.1009773015976 39.9038337469101 39.9692959785461 40.1670923233032 40.2666699886322 40.2993332147598 40.4094702005386 40.4342429637909 40.3726338148117 40.2143466472626 40.3353258371353 40.5118606090546 40.2526099681854 39.6413276195526 39.5920399427414 39.7977911233902 39.7931445837021 40.0706812143326 39.8435246944427 39.8259882926941 39.8107987642288 40.0771232843399 40.1667639017105 39.9663504362106 40.0017045736313 40.3124848604202 40.4961420297623 40.6522938013077 41.1539732217789 41.2097976207733 41.43674659729 41.2448763847351 41.0767613649368 41.3400499820709 41.3814435005188 41.5882090330124 41.3755241632462 41.1074109077454 40.5373929738998 40.55914914608 40.4642062187195 40.3906186819077
40.1897144317627 39.8322792053223 39.5041475296021 39.3946516513824 39.3875061273575 40.2285093069077 40.8989305496216 40.5472238063812 40.4318169355392 40.2111407518387 39.9982895851135 40.16579246521 40.3902411460876 40.1196128129959 40.059042096138 39.9253418445587 39.7641042470932 39.8998712301254 40.290695309639 40.2615708112717 40.2230060100555 40.0270689725876 39.8150902986526 39.797882437706 39.6619606018066 39.7947899103165 39.9100598096848 39.9653347730637 40.2188805341721 40.645211815834 40.3937356472015 39.9528416395187 40.3821070194244 40.9024906158447 41.2017334699631 41.7265900373459 42.055144071579 42.2006071805954 42.0721883773804 42.2950365543365 42.2326782941818 42.284344792366 42.2483648061752 42.0248836278915 41.8399953842163 41.4173377752304 41.3049634695053 40.9718787670135 40.9481022357941
40.3505027294159 40.2755509614944 40.0303527116776 39.9253752231598 40.0739954710007 40.6210715770721 40.5033621788025 40.036752820015 40.0359399318695 39.9707599878311 40.1801894903183 40.3218964338303 40.555767416954 40.6285328865051 40.5980645418167 40.5838931798935 40.8236523866653 40.95561170578 40.6107476949692 40.4028415679932 40.4997346401215 40.3880621194839 40.1906813383102 39.9565796852112 40.0841147899628 40.0339457988739 40.3848149776459 40.5609014034271 40.5788221359253 40.6060420274734 40.442732334137 40.3074799776077 40.6963515281677 41.3374279737473 41.4429318904877 42.007484793663 42.1877864599228 42.7989002466202 42.4844572544098 42.9873089790344 43.0967335700989 42.9397406578064 42.9995899200439 42.8717696666718 42.7336554527283 42.6572322845459 42.2195937633514 41.8419198989868 41.4184254407883
40.4074788093567 40.4200221300125 40.2086510658264 40.2753171920776 40.4097173213959 40.6665139198303 40.7933821678162 40.4664492607117 40.2333959341049 40.095564365387 40.3153682947159 40.4483462572098 40.4490154981613 40.513091802597 40.4452452659607 40.2681504487991 40.0553494691849 40.2289987802505 40.7997162342072 40.9780995845795 41.1672532558441 41.128192782402 40.6872529983521 40.3342220783234 40.135359287262 40.0799878835678 40.3177869319916 40.7110813856125 40.4741822481155 40.0983682870865 40.4738771915436 41.0305135250092 41.6253464221954 41.9144475460052 42.558366894722 42.3377312421799 42.2785823345184 43.1006376743317 43.3762776851654 43.4789054393768 43.3154336214066 43.4870023727417 43.524423956871 43.4020072221756 43.2421572208405 43.0614395141602 43.0683476924896 43.0778994560242 42.5958434343338
40.0127894878387 40.2925087213516 40.4180961847305 40.9566013813019 41.0595153570175 41.1542600393295 40.7997931241989 40.6511437892914 40.5952821969986 40.5755854845047 40.5141520500183 40.5240856409073 40.7687270641327 40.8129193782806 40.8395429849625 40.8771572113037 40.8816452026367 40.974219083786 41.2336745262146 41.3495371341705 41.4985398054123 41.5457265377045 40.9887101650238 40.4634653329849 40.2611156702042 40.3450008630753 40.1582256555557 40.6551895141602 40.790242433548 41.1066216230392 41.2424209117889 42.260148525238 42.1727658510208 42.0514591932297 42.4406496286392 43.4474459886551 42.9258930683136 43.0687688589096 42.9155262708664 43.8986676931381 44.2199584245682 44.331027507782 43.7435767650604 43.6228439807892 43.7451080083847 43.7663776874542 43.4920809268951 43.5910863876343 43.4445259571075
41.3808406591415 41.5957448482513 41.7453105449677 41.7446739673615 41.5244439840317 41.3762274980545 41.1598073244095 40.8572450876236 40.8167053461075 40.8446686267853 40.9907771348953 41.0189173221588 41.0222845077515 41.0303646326065 41.0916447639465 41.1610465049744 41.2850675582886 41.4247344732285 41.4021989107132 41.5778888463974 41.7524167299271 41.2970634698868 40.6529915332794 40.353368639946 40.4302097558975 40.323627948761 40.4671225547791 40.9504910707474 41.2504853010178 40.9141026735306 40.9450980424881 40.9412440061569 41.4025617837906 42.0228593349457 42.3241834640503 42.8867480754852 43.3514410257339 43.5913540124893 43.8724310398102 43.5818244218826 43.6445026397705 43.2855440378189 43.9310741424561 44.303416967392 43.9658682346344 43.9804131984711 43.7836580276489 43.6409769058228 43.3260437250137
41.8716776371002 41.7888798713684 41.5651533603668 41.2224291563034 41.0302346944809 41.0572574138641 40.6715720891953 40.7461142539978 40.5108429193497 40.481015920639 40.5018565654755 40.5684432983398 40.7268739938736 40.8446354866028 41.0591722726822 41.2652009725571 41.2126787900925 40.5728371143341 40.7554228305817 41.1821106672287 40.898320555687 41.5350922346115 40.7122333049774 40.0854173898697 40.3674410581589 40.3662260770798 40.4542284011841 40.5466443300247 40.6268991231918 40.7973940372467 41.1393105983734 41.8158493041992 42.4784873723984 42.3129037618637 43.1213655471802 43.2903723716736 43.4545304775238 43.7502372264862 44.0139982700348 44.0032052993774 44.3542724847794 44.0750360488892 43.8688315153122 43.9034783840179 44.6743507385254 43.9238895177841 43.35311460495 43.3404448032379 43.3374451398849
40.9549784660339 40.7010678052902 40.4261612892151 39.9194891452789 39.8256297111511 39.9697589874268 40.3593499660492 40.4813778400421 40.409227848053 40.3265900611877 40.4828040599823 40.2885311841965 40.3684661388397 40.2596626281738 40.2007451057434 40.4794006347656 40.9510481357574 41.4984630346298 41.468985915184 41.678942322731 40.7182110548019 40.7783772945404 40.7002491950989 40.6342704296112 40.4456125497818 40.3520582914352 40.4232666492462 40.368759393692 40.90860414505 41.6321806907654 41.8281013965607 43.0694702863693 43.9647471904755 44.5802361965179 45.2560980319977 44.6647560596466 45.2770342826843 46.9123051166534 46.7870197296143 45.2521975040436 44.5425207614899 44.3484805822372 43.5188553333282 43.6554043292999 44.2267065048218 44.5128220319748 43.7360293865204 43.3621587753296 43.4680873155594
39.9397878646851 39.7530668973923 39.9981348514557 40.0521419048309 40.1705038547516 40.4776462316513 40.6828155517578 40.1829776763916 39.8406276702881 39.8388156890869 39.5436308383942 39.7225142717361 39.7896229028702 39.766215801239 39.8402625322342 39.9686731100082 40.7505105733871 41.4828286170959 42.3500125408173 41.4672311544418 41.9575653076172 41.9501047134399 41.5433909893036 41.4821085929871 41.4066215753555 40.7430285215378 40.3943983316422 40.6668951511383 41.4408574104309 42.8137185573578 43.5625555515289 44.1369017362595 44.2353788614273 44.5434789657593 45.6721544265747 46.8837277889252 47.3227150440216 48.1349070072174 49.0746006965637 49.921758890152 49.7407875061035 48.6654555797577 45.6067752838135 44.179491519928 44.1332312822342 43.20425593853 43.2558833360672 43.9515119791031 43.7625440359116
40.412726521492 40.4920105934143 40.4141930341721 40.5095810890198 40.5892472267151 40.1467249393463 39.794549703598 39.6664593219757 39.5477864742279 39.6367603540421 39.6292335987091 39.6125299930573 39.941330075264 40.1776877641678 40.1414343118668 39.8590422868729 39.9299285411835 40.2812893390656 41.8274170160294 42.5841157436371 42.0195466279984 42.5627553462982 42.3105355501175 41.7439769506454 41.2846220731735 40.41714823246 40.4503620862961 41.3981301784515 41.6203153133392 41.2059421539307 43.0554864406586 44.2625336647034 45.1407659053802 45.8984639644623 46.6301000118256 47.2556085586548 48.3001534938812 48.5622620582581 49.3743932247162 50.4329674243927 48.6832022666931 50.3770470619202 49.340913772583 46.8148655891418 45.8598973751068 44.7621937990189 43.9619827270508 43.9157648086548 44.1740622520447
40.5781136751175 40.5579073429108 40.2748657464981 40.1235853433609 40.1988371610641 40.0670436620712 40.1076908111572 39.9732930660248 39.5606336593628 39.6651566028595 39.5879405736923 39.7209768295288 40.1484302282333 41.0108549594879 41.146629691124 40.6232792139053 40.0206503868103 40.3298321962357 41.4998432397842 43.2928476333618 42.8886834383011 40.7336741685867 40.2582589387894 40.4940766096115 40.4819214344025 40.1514675617218 40.4025957584381 40.4886815547943 40.7417150735855 40.7591150999069 42.0894329547882 43.961865067482 45.3128364086151 46.0341529846191 47.1398475170135 47.7187306880951 48.9076614379883 49.1436057090759 49.1342051029205 50.1102857589722 48.0142779350281 47.8432419300079 46.9642863273621 47.2485282421112 44.8879020214081 44.3849151134491 44.6177073717117 44.297275185585 44.2380625009537
40.6123498678207 40.2094233036041 39.8908803462982 39.8211513757706 39.9208104610443 40.1239104270935 40.1303445100784 39.6694812774658 39.5027910470963 39.4256761074066 39.7685880661011 39.8932676315308 40.3154307603836 40.9022792577744 41.116110086441 41.436452627182 41.4566113948822 42.1116013526917 42.3094592094421 42.7495094537735 42.524156332016 40.1702497005463 39.5227636098862 40.2316852807999 40.4647977352142 40.6594052314758 41.2628067731857 41.1646040678024 41.2521225214005 40.6929904222488 41.532014966011 43.5675083398819 45.1094753742218 45.960385799408 46.7926206588745 47.9384522438049 49.2997574806213 50.2157590389252 51.9397287368774 52.8199815750122 51.9073891639709 50.9137351512909 48.3025350570679 45.8690673112869 44.6571633815765 44.5264977216721 44.6175459623337 44.7716134786606 44.2451184988022
40.5332726240158 39.9411035776138 39.8669090270996 39.801987528801 39.8598176240921 39.8231365680695 39.5615018606186 39.483090877533 39.4114520549774 39.6290023326874 39.8908371925354 40.0016161203384 40.1710129976273 39.8806791305542 40.4201905727386 40.8865200281143 41.1261014938354 42.0837537050247 42.6900092363358 42.7575309276581 42.7804690599442 41.6453627347946 40.095018029213 39.4860790967941 39.9441863298416 40.646754860878 40.6972017288208 40.3321410417557 40.3895882368088 40.2089471817017 41.8456906080246 43.9297766685486 45.2902135848999 45.893631696701 46.7858216762543 47.5635163784027 48.1012313365936 50.4126868247986 52.2840032577515 52.8632860183716 51.3929803371429 51.2850031852722 49.5159196853638 47.9752888679504 46.0295424461365 45.3699178695679 44.9084746837616 44.996635556221 44.9063860177994
40.2657791376114 40.1933914422989 40.0763781070709 39.6648155450821 39.4556699991226 39.6003140211105 39.6824069023132 39.6804344654083 39.7195513248444 39.6758321523666 39.7031031847 39.6141091585159 39.6339217424393 39.6522138118744 39.5378838777542 39.5482481718063 39.8343979120255 41.0055656433105 42.1827766895294 42.0314899682999 41.9892352819443 41.7686117887497 40.6330647468567 39.5902220010757 39.4800794124603 39.793828368187 40.1053199768066 41.1069819927216 42.2092363834381 41.8728575706482 41.6297471523285 44.0725847482681 45.0843541622162 45.6230452060699 46.4001433849335 47.559930562973 48.346034526825 49.1421749591827 49.3425064086914 50.6410217285156 51.767600774765 51.1579813957214 48.9322493076324 49.2822375297546 48.663628578186 47.8862671852112 46.6311314105988 45.5493601560593 45.4349180459976
40.2241028547287 40.0668034553528 39.5904483795166 39.6248202323914 39.8200175762177 40.0965588092804 40.100189447403 39.938979268074 39.8201920986176 39.7597395181656 40.0009907484055 39.9716988801956 39.5534783601761 39.4847811460495 39.552561879158 39.6981146335602 39.6992958784103 39.9831548929214 41.2018624544144 41.6489597558975 41.7874397039413 41.6242942810059 41.5071719884872 41.0321636199951 40.2253895998001 39.780952334404 39.9772996902466 40.9728006124496 41.6481889486313 41.9368398189545 40.877090215683 42.7954052686691 44.6431623697281 45.5489716529846 45.8452506065369 47.4283156394958 48.0960154533386 48.0707318782806 48.5628869533539 49.8593723773956 50.2652630805969 48.621435880661 48.1913416385651 48.8641939163208 48.9836044311523 47.7817273139954 46.9756773710251 46.1746971607208 45.9036595821381
