data/past_env/bio2_avg_1994_2009.asc
NCOLS 664 
NROWS 380 
XLLCORNER 3.91666666666667 
YLLCORNER 55.3333333333333 
CELLSIZE 0.0416666666666667 
NODATA_value -9999 
[rows 220 to 241 of 380, columns 490 to 538 of 664]
8.41002458333969 8.43763262033463 8.42090699076653 8.41551458835602 8.40912285447121 8.33773058652878 8.23800474405289 8.15727952122688 8.15355381369591 8.19649511575699 8.22578376531601 8.17575308680534 8.14505577087402 8.13969215750694 8.15066161751747 8.09463101625443 8.04693382978439 8.00490343570709 7.98120626807213 7.96450918912888 7.95347860455513 7.90778151154518 7.87070688605309 7.85292199254036 7.88047054409981 7.90801897644997 7.83823421597481 7.74611589312553 7.73099747300148 7.67421278357506 7.53476116061211 7.44397604465485 7.44285771250725 7.37007266283035 7.34674569964409 7.43154275417328 7.5423398911953 7.60113668441772 7.63226729631424 7.7400643825531 7.80519443750381 7.83032497763634 7.81612196564674 7.84091898798943 7.96971595287323 8.0411793589592 8.04802453517914 8.0565841794014 8.05147680640221
8.48459756374359 8.44066914916039 8.38740774989128 8.3951458632946 8.40188452601433 8.3286227285862 8.21036124229431 8.13309916853905 8.14783790707588 8.16757601499557 8.1493932902813 8.09428918361664 8.07351797819138 8.07741364836693 8.07730934023857 8.0928718149662 8.05810081958771 8.01299664378166 8.01155871152878 8.02278783917427 8.00701695680618 7.94224601984024 7.88149100542068 7.90041959285736 7.89934769272804 7.83294290304184 7.68687108159065 7.5004660487175 7.43139430880547 7.36398938298225 7.26158419251442 7.33151265978813 7.45077419281006 7.44303566217422 7.48842820525169 7.59628441929817 7.70047414302826 7.74133032560349 7.78885346651077 7.84337651729584 7.87289953231812 7.95308929681778 7.94527918100357 7.94946855306625 8.03399148583412 8.07151463627815 8.05639019608498 8.05828505754471 8.00751295685768
8.44383728504181 8.44270581007004 8.40324148535728 8.4124439060688 8.38697943091393 8.29918166995049 8.21438366174698 8.1819195151329 8.19745507836342 8.1559906899929 8.1563358604908 8.08882454037666 8.01497980952263 7.98613479733467 7.96362367272377 7.99211230874062 8.01393431425095 8.00642272830009 8.07824483513832 8.13339981436729 8.10055509209633 7.99471047520638 7.94327548146248 7.87658366560936 7.82522511482239 7.73820012807846 7.61917474865913 7.47448316216469 7.2984579205513 7.17076608538628 7.14374062418938 7.33638256788254 7.53102397918701 7.58533200621605 7.58011046051979 7.64569279551506 7.7112752199173 7.81452438235283 7.88210642337799 7.88035550713539 7.92260482907295 8.02185362577438 8.01810291409492 8.04401838779449 8.07760068774223 8.0548495054245 8.02642270922661 8.01098570227623 7.88854897022247
8.48207691311836 8.48240983486176 8.45174223184586 8.40940856933594 8.33974120020866 8.26440739631653 8.21874013543129 8.18040600419044 8.15240553021431 8.09907180070877 8.11294534802437 8.05269369482994 7.95710855722427 7.95452329516411 7.93160489201546 7.95435309410095 7.95343419909477 8.00484931468964 8.08693027496338 8.13701200485229 8.06576010584831 7.96517503261566 7.87105956673622 7.83774763345718 7.75776919722557 7.70645731687546 7.63247853517532 7.54416656494141 7.3518548309803 7.18954259157181 7.17623057961464 7.34191873669624 7.50294032692909 7.55962809920311 7.60612621903419 7.67343479394913 7.71607625484467 7.79805135726929 7.81135991215706 7.78733453154564 7.90664300322533 7.98395124077797 7.996926009655 7.98123443126678 7.93754279613495 7.84785109758377 7.83445447683334 7.89001986384392 7.80258509516716
8.51998299360275 8.52777940034866 8.47390955686569 8.41670602560043 8.29183614253998 8.22229954600334 8.1750962138176 8.17255944013596 8.10302278399467 8.0224860906601 7.99355494976044 7.96589595079422 7.92723706364632 7.93524476885796 7.96358570456505 7.99992680549622 7.96360120177269 7.94560858607292 8.00228309631348 8.02229073643684 7.94163170456886 7.83597284555435 7.72884413599968 7.70824533700943 7.66797977685928 7.58971440792084 7.5254490673542 7.39651700854301 7.24191838502884 7.2026526927948 7.23538720607758 7.38978838920593 7.48152330517769 7.482257604599 7.56714203953743 7.68684306740761 7.74454405903816 7.76591172814369 7.73727920651436 7.71264687180519 7.80468115210533 7.87104895710945 7.91641667485237 7.87111732363701 7.74348551034927 7.58751946687698 7.59948709607124 7.77472040057182 7.79528760910034
8.5235558450222 8.48981630802155 8.47374388575554 8.39600411057472 8.26959785819054 8.21085852384567 8.17345222830772 8.17637926340103 8.07397350668907 8.04656705260277 8.01816442608833 7.98943173885345 7.99803227186203 7.92796605825424 7.89223340153694 7.90216737985611 7.88643443584442 7.92603525519371 7.93963581323624 7.9202364385128 7.85450366139412 7.77643743157387 7.63129487633705 7.554742872715 7.52885720133781 7.45363822579384 7.41575282812119 7.29453411698341 7.17864826321602 7.19909611344337 7.27754405140877 7.36199155449867 7.35243967175484 7.40855377912521 7.52849134802818 7.61291807889938 7.63067835569382 7.67110568284988 7.69953238964081 7.71729275584221 7.74138659238815 7.76147991418839 7.80857354402542 7.84800058603287 7.70476108789444 7.52452099323273 7.51751923561096 7.6617546081543 7.75199043750763
8.60204601287842 8.47622707486153 8.43174171447754 8.38092264533043 8.27877068519592 8.22328516840935 8.17946642637253 8.19398072361946 8.11149525642395 8.09434309601784 8.07489469647408 8.09414970874786 8.05007147789001 7.97199338674545 7.85058185458183 7.78983661532402 7.77109178900719 7.85101342201233 7.92360228300095 7.92785704135895 7.85044547915459 7.8050337433815 7.73753106594086 7.66160389780998 7.58067628741264 7.48741549253464 7.41115483641624 7.34389424324036 7.24363344907761 7.28103935718536 7.29344522953033 7.28818467259407 7.36859053373337 7.44466298818588 7.50958588719368 7.57669180631638 7.60246488451958 7.6599041223526 7.67734375596046 7.69911673665047 7.70422267913818 7.72732880711555 7.73810175061226 7.77754119038582 7.73631432652473 7.59808707237244 7.5380984544754 7.62601563334465 7.73059919476509
8.53111991286278 8.50034525990486 8.43457046151161 8.35012885928154 8.23502093553543 8.15724620223045 8.1531380712986 8.14536353945732 8.11325535178185 8.10381436347961 8.10074570775032 8.1097172498703 8.08568826317787 8.03532642126083 7.94196391105652 7.84160172939301 7.78457269072533 7.81621062755585 7.86318179965019 7.87215292453766 7.86012423038483 7.82976186275482 7.78355202078819 7.71316123008728 7.67110359668732 7.56637933850288 7.42832174897194 7.24759769439697 7.15720668435097 7.20548236370087 7.28709146380424 7.34570044279099 7.41064316034317 7.51725181937218 7.58975893259048 7.59216424822807 7.62056955695152 7.64530819654465 7.61938005685806 7.54811856150627 7.5848571062088 7.61692890524864 7.60800090432167 7.65540650486946 7.68881192803383 7.63755023479462 7.5822252035141 7.61883625388145 7.62811434268951
8.42886033654213 8.30979654192924 8.27073264122009 8.24500194191933 8.08893781900406 7.9528740644455 8.05881014466286 8.17707976698875 8.22368216514587 8.17661836743355 8.14793029427528 8.09628430008888 8.09297171235085 8.07132545113564 7.99467942118645 7.91436669230461 7.88938739895821 7.86707445979118 7.84476161003113 7.81611582636833 7.815469622612 7.80749025940895 7.79223984479904 7.71405217051506 7.67319771647453 7.61067631840706 7.54382207989693 7.31830081343651 7.15111315250397 7.11225870251656 7.19907060265541 7.35654950141907 7.42502856254578 7.5325074493885 7.57893243432045 7.5293036699295 7.53367447853088 7.59504553675652 7.54674950242043 7.41378739476204 7.47815832495689 7.46019640564919 7.41823390126228 7.42427155375481 7.53364247083664 7.6240137219429 7.6470185816288 7.66299042105675 7.65929558873177
8.32326757907867 8.18158110976219 8.08956110477448 8.14620810747147 8.18152180314064 8.18383514881134 8.23348227143288 8.256128937006 8.20577594637871 8.09542298316956 8.0401149392128 8.06685143709183 8.07325500249863 8.04732504487038 8.03006160259247 8.00479826331139 7.91820168495178 7.90327152609825 7.9350084066391 7.93741181492805 7.8874816596508 7.85421854257584 7.82859462499619 7.74827644228935 7.7049585878849 7.59830722212791 7.38398897647858 7.18600431084633 7.12935271859169 7.12270161509514 7.29271692037582 7.45539888739586 7.51908099651337 7.5304297208786 7.54577228426933 7.55477574467659 7.58477932214737 7.62444916367531 7.63445276021957 7.62378957867622 7.66245985031128 7.51212981343269 7.37879973649979 7.32513681054115 7.50214016437531 7.70981043577194 7.72014501690865 7.67281118035316 7.68447732925415
8.27767443656921 8.16303223371506 7.99105659127235 8.03641444444656 8.19910541176796 8.23879644274712 8.26182103157043 8.26651173830032 8.21386960148811 8.11722713708878 8.07829943299294 8.05241864919662 8.03787133097649 8.04699069261551 8.05511036515236 8.01789635419846 7.94768232107162 7.96546879410744 7.99392139911652 7.96870782971382 7.90782690048218 7.79627990722656 7.68994906544685 7.50316742062569 7.4390524327755 7.41193759441376 7.2241558432579 7.13304105401039 7.11459246277809 7.14147800207138 7.27836307883263 7.49958139657974 7.61113345623016 7.6183514893055 7.59494549036026 7.5755814909935 7.60788381099701 7.67618653178215 7.71348893642426 7.7501248717308 7.78376063704491 7.61572986841202 7.3910326063633 7.29766836762428 7.47830420732498 7.68160676956177 7.68527171015739 7.66796538233757 7.6683257818222
8.12908178567886 8.04148343205452 7.99055206775665 8.08462017774582 8.17735561728477 8.21142417192459 8.31282594799995 8.3695612847805 8.29996302723885 8.19503155350685 8.1518169939518 8.06031957268715 8.0514879822731 8.06165683269501 8.0828258395195 8.06799495220184 7.96149709820747 7.95233228802681 8.01316824555397 7.94533690810204 7.8331723511219 7.67234143614769 7.47030332684517 7.33005851507187 7.25947961211205 7.20756801962852 7.14798936247826 7.12441089749336 7.16749942302704 7.21025440096855 7.31667572259903 7.52943071722984 7.65551868081093 7.63294050097466 7.59745234251022 7.573720484972 7.57632175087929 7.61759048700333 7.66652548313141 7.71112683415413 7.7743952870369 7.69599688053131 7.58393189311028 7.50986677408218 7.58980146050453 7.66740328073502 7.66739818453789 7.64611938595772 7.62884047627449
8.36082229018211 8.35693496465683 8.3377141058445 8.32916009426117 8.30593946576118 8.30305242538452 8.37883120775223 8.42761081457138 8.40305656194687 8.32016918063164 8.21633478999138 8.10588631033897 7.9314378798008 7.86132299900055 7.95087465643883 8.01909306645393 7.96397817134857 7.92752969264984 7.97041454911232 7.95963302254677 7.81985118985176 7.60506939888 7.38665786385536 7.29994893074036 7.24624034762383 7.19119837880135 7.1491564810276 7.1191143989563 7.1180724799633 7.14736396074295 7.32398891448975 7.51061323285103 7.61323776841164 7.6418624818325 7.64162561297417 7.61919298768044 7.60776010155678 7.59966087341309 7.65556165575981 7.70979556441307 7.72436308860779 7.66893038153648 7.63049805164337 7.60206532478333 7.61063253879547 7.62653335928917 7.66285812854767 7.64927345514297 7.6730220913887
8.47689628601074 8.51605305075645 8.4815428853035 8.42103305459023 8.39718973636627 8.38068020343781 8.35617026686668 8.36465999484062 8.43248328566551 8.40764030814171 8.33918577432632 8.20112058520317 8.04238820075989 7.95865604281425 8.04259026050568 8.07685795426369 8.06045913696289 8.05439323186874 8.04999467730522 7.97926253080368 7.87419667840004 7.70046415925026 7.5543455183506 7.44650661945343 7.42000088095665 7.3638288974762 7.22832301259041 7.13581776618958 7.1386456489563 7.26514026522636 7.39630138874054 7.50346225500107 7.57662358880043 7.58845153450966 7.55346515774727 7.55799853801727 7.645198315382 7.64039823412895 7.62326449155807 7.6084645986557 7.61899781227112 7.60719740390778 7.61606383323669 7.59726375341415 7.63179656863213 7.67966330051422 7.68498453497887 7.68109402060509 7.71287009119987
8.34497001767159 8.41817113757133 8.41137203574181 8.37923941016197 8.38310676813126 8.34697431325912 8.33550900220871 8.35404285788536 8.3965770304203 8.373111307621 8.35837030410767 8.27235382795334 8.21100482344627 8.20465514063835 8.20697224140167 8.10628947615623 8.05060678720474 8.08059060573578 8.09290778636932 8.01989161968231 7.94220867753029 7.83685937523842 7.73269987106323 7.60839766263962 7.50509506464005 7.42045944929123 7.27415704727173 7.15818777680397 7.14188548922539 7.26291647553444 7.42694756388664 7.55597820878029 7.62234273552895 7.64470705389977 7.62563839554787 7.6358038187027 7.64530318975449 7.63913545012474 7.60930106043816 7.56246641278267 7.58229875564575 7.62713104486465 7.61596331000328 7.61379551887512 7.66929399967194 7.73479318618774 7.71244478225708 7.70291468501091 7.74071821570396
8.37471050024033 8.42928916215897 8.41886734962463 8.42444583773613 8.40569093823433 8.34826877713203 8.32918086647987 8.30309209227562 8.22567048668861 8.19191551208496 8.25222143530846 8.28325447440147 8.29928812384605 8.30798801779747 8.31735429167747 8.1977211534977 8.1514210999012 8.1364543735981 8.08882102370262 8.02852100133896 8.01855435967445 7.98425418138504 7.89072090387344 7.77195510268211 7.62185576558113 7.51575675606728 7.3059906065464 7.16455790400505 7.11212527751923 7.15602633357048 7.3565936088562 7.54982751607895 7.66439524292946 7.70996257662773 7.74647825956345 7.76394304633141 7.7240743637085 7.6888724565506 7.65467044711113 7.60246860980988 7.62860012054443 7.68173110485077 7.68919584155083 7.70666053891182 7.70612496137619 7.71025642752647 7.72323766350746 7.73440212011337 7.75789994001389
8.44078463315964 8.45307382941246 8.48502978682518 8.46465149521828 8.41094091534615 8.34389674663544 8.25318589806557 8.24480828642845 8.21709734201431 8.19038650393486 8.25740572810173 8.30715504288673 8.25990435481071 8.27765390276909 8.29473650455475 8.27915272116661 8.28423550724983 8.24631825089455 8.15506798028946 8.09848353266716 8.07756572961807 8.04898226261139 7.99474215507507 7.9635124206543 7.85094967484474 7.66438692808151 7.43949112296104 7.33292806148529 7.19636538624763 7.14746916294098 7.31257319450378 7.54601037502289 7.67311424016953 7.6938847899437 7.69431862235069 7.71908208727837 7.65551251173019 7.60460984706879 7.61704021692276 7.61013731360435 7.62523430585861 7.70466467738152 7.72342845797539 7.73485887050629 7.69528943300247 7.6750530898571 7.74269759654999 7.78855618834496 7.76174804568291
8.44352492690086 8.38119181990623 8.36819151043892 8.39085832238197 8.35352465510368 8.26785805821419 8.23752468824387 8.32085755467415 8.39285761117935 8.41485795378685 8.40192323923111 8.36672246456146 8.22585424780846 8.17465338110924 8.19378551840782 8.2455843091011 8.27638334035873 8.26851573586464 8.23298087716103 8.15044635534286 8.09757819771767 8.07837688922882 8.04376336932182 8.01873695850372 7.99837690591812 7.83435079455376 7.67132440209389 7.6482979953289 7.44093871116638 7.22524550557137 7.26455253362656 7.51352626085281 7.6914998292923 7.65847337245941 7.63215819001198 7.58022132515907 7.52661734819412 7.44834661483765 7.42874306440353 7.46947246789932 7.5252021253109 7.6432648897171 7.69266113638878 7.67839074134827 7.70212015509605 7.74518322944641 7.78849077224731 7.82337701320648 7.80226314067841
8.38310959935188 8.34842053055763 8.29606536030769 8.26070994138718 8.20702138543129 8.16833251714706 8.25764378905296 8.36595490574837 8.42359980940819 8.48457786440849 8.45567557215691 8.39255973696709 8.29877710342407 8.17232838273048 8.17487913370132 8.26043033599854 8.34631463885307 8.34953254461288 8.32841634750366 8.2119674384594 8.12485161423683 8.13106960058212 8.10984635353088 8.06718245148659 8.05851873755455 8.01252165436745 7.95852464437485 7.86952754855156 7.62486401200294 7.39320024847984 7.40253663063049 7.57320606708527 7.70820909738541 7.72621196508408 7.68121543526649 7.59121945500374 7.54722318053246 7.49789401888847 7.3882315158844 7.38290205597878 7.48990616202354 7.65957698225975 7.69658079743385 7.66658490896225 7.70958882570267 7.77625957131386 7.800532579422 7.81307452917099 7.80561649799347
8.26320430636406 8.37842753529549 8.44365063309669 8.31020757555962 8.19176414608955 8.27798748016357 8.37954404950142 8.42843392491341 8.45165717601776 8.46954700350761 8.52932843565941 8.48200100660324 8.42967340350151 8.35201248526573 8.34168475866318 8.41002413630486 8.5100300014019 8.47336900234222 8.36404141783714 8.27804723381996 8.22671964764595 8.20739215612411 8.17732447385788 8.113849401474 8.07437437772751 8.08256608247757 7.99809119105339 7.81061628460884 7.62314140796661 7.60466647148132 7.7578584253788 7.83871650695801 7.81724166870117 7.81576684117317 7.81948989629745 7.78041034936905 7.77933073043823 7.75258472561836 7.7125049829483 7.67409226298332 7.6836798787117 7.70693373680115 7.67018762230873 7.5824416577816 7.70036220550537 7.84561601281166 7.8524896800518 7.83531579375267 7.7991418838501
8.27896577119827 8.34943431615829 8.42390301823616 8.36770501732826 8.31317344307899 8.43464213609695 8.54911062121391 8.55457937717438 8.51904797554016 8.49551638960838 8.56598111987114 8.58910843729973 8.55156877636909 8.58802962303162 8.62182366847992 8.61528435349464 8.62341165542603 8.53220582008362 8.41866677999496 8.35079374909401 8.32458767294884 8.28871539235115 8.22513598203659 8.1605162024498 8.12622997164726 8.06861078739166 7.8403245806694 7.62370526790619 7.58875235915184 7.75913310050964 8.00384685397148 8.13522732257843 8.125941157341 8.07032173871994 8.00543066859245 7.92826750874519 7.92210471630096 7.91560855507851 7.91877898573875 7.9379498064518 7.84812000393867 7.81229093670845 7.76212787628174 7.64229854941368 7.74180215597153 7.90397256612778 7.92144647240639 7.88622346520424 7.85566690564156
8.52572739124298 8.55644127726555 8.58515524864197 8.58120232820511 8.58791640400887 8.61829680204391 8.62767750024796 8.61805826425552 8.60077196359634 8.58648586273193 8.62763404846191 8.67588269710541 8.7327983379364 8.75338053703308 8.73629641532898 8.65154492855072 8.6441268324852 8.64970898628235 8.54429161548615 8.40520712733269 8.35045605897903 8.313371270895 8.23628026247025 8.17918288707733 8.13441923260689 8.06632170081139 7.87055766582489 7.85146051645279 7.92369654774666 7.99926593899727 8.1451687514782 8.26640439033508 8.27430725097656 8.21021020412445 8.150704652071 8.11212542653084 8.07354572415352 8.08863261342049 8.08405321836472 8.08380699157715 8.02289399504662 7.98798099160194 7.96640142798424 7.92548868060112 7.90690883994102 7.92632934451103 7.96073687076569 7.95379793643951 7.95085862278938
