data/past_env/bio2_avg_1994_2009.asc
NCOLS 664 
NROWS 380 
XLLCORNER 3.91666666666667 
YLLCORNER 55.3333333333333 
CELLSIZE 0.0416666666666667 
NODATA_value -9999 
[rows 176 to 197 of 380, columns 98 to 146 of 664]
-9999 -9999 -9999 -9999 -9999 -9999 -9999 -9999 -9999 -9999 -9999 -9999 -9999 3.70511718094349 -9999 4.02525040507317 4.0573406368494 4.2419112175703 4.29647429287434 4.24164494872093 -9999 -9999 -9999 -9999 -9999 -9999 -9999 -9999 -9999 -9999 -9999 -9999 4.57083030045033 4.68945746123791 4.74789543449879 4.66113041341305 4.55293659865856 -9999 4.95857349038124 4.99912306666374 5.08920991420746 5.07394486665726 5.1131885945797 5.1649404168129 5.2546925842762 5.30311140418053 5.29553020000458 5.33528244495392 5.38103440403938
-9999 -9999 -9999 -9999 -9999 -9999 -9999 -9999 -9999 3.55374006927013 -9999 -9999 -9999 3.82678385078907 4.06009121239185 4.11606223881245 4.25073347985744 4.44282783567905 4.51365956664085 4.53025588393211 4.39678213000298 4.33280642330647 -9999 -9999 -9999 -9999 -9999 -9999 -9999 -9999 -9999 -9999 4.59860834479332 4.72295433282852 -9999 -9999 -9999 5.05644947290421 5.10065671801567 5.19045916199684 5.33731582760811 5.37526232004166 5.43188133835793 5.48310214281082 5.49562895298004 5.4751552939415 5.5043486058712 5.53745496273041 5.52723509073257
-9999 -9999 -9999 -9999 -9999 -9999 -9999 -9999 -9999 -9999 -9999 -9999 4.05119846761227 4.1863524466753 4.31337155401707 4.35173630714417 4.53009247779846 4.66452449560165 4.73539938032627 4.75538425147533 4.73270243406296 4.45768739283085 4.39100563526154 -9999 -9999 -9999 -9999 -9999 -9999 -9999 -9999 -9999 -9999 -9999 -9999 -9999 5.02866685390472 5.15911194682121 5.35311037302017 5.48316743969917 5.56021910905838 5.5697495341301 5.54238539934158 5.63733723759651 5.62232646346092 5.64653897285461 5.39084914326668 5.32057628035545 5.42164152860641
-9999 -9999 -9999 -9999 -9999 -9999 3.89735212922096 3.92712567746639 4.05412152409554 4.22335587441921 4.29098351299763 4.31878955662251 4.3218824416399 4.42348952591419 4.52480845153332 4.61920361220837 4.73953239619732 4.81840714812279 4.84705850481987 4.86194628477097 -9999 -9999 -9999 -9999 4.66811455786228 4.72226510941982 4.70974878966808 4.55139935016632 -9999 -9999 -9999 -9999 -9999 4.97098025679588 4.97396746277809 -9999 -9999 5.34112340211868 5.4759835600853 5.59478318691254 5.62911295890808 5.6946927011013 5.72561758756638 5.50188782811165 5.54899173974991 5.56144595146179 5.42514309287071 5.38663551211357 5.41657263040543
-9999 -9999 -9999 -9999 -9999 -9999 -9999 3.96771256625652 3.99627213180065 -9999 -9999 4.37361815571785 4.4577334523201 -9999 -9999 4.79757930338383 4.86734279990196 4.92108753323555 4.95193752646446 4.97867465019226 4.99483355879784 5.0011397600174 4.9946936070919 4.91971582174301 4.84108707308769 4.87929439544678 4.80971153080463 4.67436799407005 4.65907260775566 -9999 -9999 4.82253870368004 4.854681879282 4.91803687810898 4.97507897019386 -9999 -9999 5.37706351280212 -9999 -9999 5.58468282222748 5.59480234980583 -9999 5.49208796024323 5.63325461745262 5.67604035139084 5.65832597017288 5.68561178445816 5.76356419920921
-9999 -9999 -9999 -9999 -9999 -9999 -9999 -9999 4.12175595760345 4.18342733383179 4.27644783258438 4.24546064436436 4.50475107133389 4.52487455308437 4.67618243396282 4.78640961647034 4.84241229295731 4.90470287203789 4.92483860254288 4.99415305256844 5.07613444328308 5.08844891190529 5.11143064498901 5.14324510097504 5.12572625279427 5.16237431764603 5.16594532132149 5.28900361061096 -9999 -9999 -9999 -9999 5.02738901972771 5.05484545230865 -9999 -9999 5.43471404910088 5.48580113053322 5.56608483195305 5.61883267760277 5.59820544719696 5.677335947752 5.81908228993416 5.73149442672729 5.69501784443855 5.6754857301712 5.81560614705086 5.90992125868797 5.97455555200577
-9999 -9999 -9999 -9999 -9999 -9999 -9999 -9999 4.16390666365623 4.27087208628654 4.46314074099064 4.61730273067951 4.69819684326649 4.81590038537979 4.8723658323288 4.87349796295166 4.94563010334969 4.98476228117943 4.98765155673027 5.08163166046143 5.15894496440887 5.23925864696503 5.25057193636894 5.2845521569252 5.31953206658363 5.35984551906586 5.31282576918602 5.21984273195267 5.11976498365402 5.12165457010269 -9999 5.15191033482552 5.21509632468224 5.38846090435982 5.44021859765053 5.43472820520401 5.43670052289963 5.67205762863159 5.59737971425056 5.67164906859398 5.74058538675308 5.8358548283577 5.84573855996132 5.88082134723663 -9999 5.83504197001457 5.90524727106094 5.90756386518478 5.94988051056862
-9999 -9999 -9999 -9999 -9999 -9999 4.09510976076126 4.1755835711956 4.42133510112762 4.57021181285381 4.65333822369576 4.74364547431469 4.87928599119186 5.02292639017105 5.10323351621628 5.12854072451591 5.10718110203743 5.09448802471161 5.02113127708435 5.14144346117973 5.23108887672424 5.27740108966827 5.20971339941025 5.17669257521629 5.26667132973671 5.28980794548988 5.23681434988976 5.14119127392769 5.27658700942993 5.34323242306709 5.37997162342072 5.24277654290199 5.32830363512039 5.54658091068268 5.47995379567146 5.55380168557167 5.52096763253212 5.73380047082901 5.71763300895691 5.6637991964817 5.68729826807976 5.78113085031509 5.89354661107063 5.9647122323513 -9999 -9999 5.8140869140625 6.05187326669693 6.23087203502655
4.07038013637066 4.17792257666588 4.16264751553535 4.20967416465282 -9999 4.01087021827698 4.10079918801785 4.27068401873112 4.46587480604649 4.66035683453083 4.7058389633894 4.74132117629051 4.94580349326134 5.13461899757385 5.25676783919334 5.3026310801506 5.27190768718719 5.25599226355553 5.20714953541756 5.24392196536064 5.25966903567314 5.32554391026497 5.2476050555706 -9999 5.13506036996841 5.12045496702194 5.08154380321503 5.19957688450813 5.31167560815811 5.38069891929626 5.53371900320053 5.52944830060005 5.55384415388107 5.66140684485435 5.65714403986931 5.80368465185165 5.78642779588699 5.84582379460335 5.87588626146317 5.92294889688492 5.95134487748146 6.03174060583115 5.99377879500389 5.95379307866096 5.95824584364891 6.08415460586548 -9999 6.22018274664879 6.27153000235558
4.35823853313923 4.41184043884277 4.47710898518562 4.49148151278496 -9999 -9999 -9999 4.30328452587128 4.54938617348671 4.75341919064522 4.82908970117569 4.89241382479668 4.97490417957306 5.1358243227005 5.35307994484901 -9999 -9999 5.03860720992088 5.06775721907616 5.05606716871262 5.10937705636024 4.94352003931999 5.16433030366898 5.23236215114594 5.28928288817406 5.30853021144867 5.42812505364418 -9999 5.24752232432365 5.52313977479935 5.60187828540802 5.52612939476967 5.53256997466087 5.50964537262917 5.69863620400429 5.82326209545135 5.74955463409424 5.87918052077293 5.95247286558151 6.10109853744507 6.10839122533798 6.11168342828751 6.0260112285614 6.07370740175247 6.13773691654205 6.18009975552559 6.1432087123394 6.18544444441795 -9999
4.52093036472797 4.55486926436424 4.62247502803802 4.64241430163383 4.59011515974998 4.45262551307678 -9999 -9999 -9999 -9999 -9999 4.99217259883881 4.6981717646122 4.83500401675701 4.96136003732681 4.9358115196228 5.01762214303017 5.11740273237228 5.163903683424 5.1662123799324 5.13652095198631 5.29394727945328 5.32584658265114 5.46061354875565 5.4653352200985 5.37173068523407 5.36937269568443 5.61357027292252 5.47569844126701 5.70379862189293 5.71221420168877 5.71940317749977 5.75592544674873 5.79878124594688 5.84230342507362 5.9064014852047 5.9970146715641 6.09787040948868 6.1140593290329 6.12458181381226 6.20710420608521 6.11462640762329 6.14024341106415 6.17828834056854 6.297333329916 6.18504497408867 6.29196885228157 6.28880161046982 -9999
4.5109551846981 4.56656478345394 4.62350772321224 4.66956673562527 4.68539361655712 4.27767007052898 3.96647845208645 -9999 -9999 -9999 4.74534125626087 4.82964006066322 4.91977271437645 4.9479541182518 5.0210372209549 5.09269684553146 5.20516318082809 5.07744818925858 5.22338336706161 5.33202415704727 5.31999835371971 5.45363906025887 5.5449466407299 5.52425381541252 5.67222827672958 5.62220203876495 5.7385094165802 5.73515033721924 5.59345743060112 5.6334316432476 5.68392008543015 5.78054717183113 5.73863255977631 5.86005157232285 5.82598441839218 5.87038946151733 6.01080822944641 6.09022700786591 6.04631280899048 6.1577316224575 6.15148401260376 6.14723601937294 6.1448090672493 6.22753605246544 6.33016178011894 6.3644412457943 6.37588402628899 6.34811100363731 6.35617133975029
4.30062741041183 4.26223954558372 4.23337396979332 4.17463572323322 4.22104017436504 4.23882539570332 -9999 4.43129459023476 4.58903267979622 4.71482633054256 4.78652623295784 4.89002439379692 4.94220671057701 4.95605596899986 5.03099194169044 5.02413272857666 5.07395234704018 5.06770226359367 5.22319647669792 5.30950266122818 5.3604756295681 5.54544848203659 5.63142129778862 5.72872766852379 5.73703354597092 5.85267344117165 5.89640384912491 5.78252387046814 5.74748593568802 5.78223150968552 5.6917091012001 5.76369115710258 5.69033986330032 5.79732209444046 6.03597083687782 5.95795282721519 6.08160194754601 6.14058378338814 6.14089933037758 6.28688156604767 6.20953023433685 6.29184558987617 6.35437473654747 6.51740893721581 6.52975535392761 6.3594266474247 6.45401123166084 6.48908695578575 6.54616284370422
4.09633874893188 4.10445588827133 4.05507346987724 4.0737462490797 -9999 4.48192521929741 4.4261210411787 4.50422257184982 4.67470173537731 4.8464375436306 4.86981645226479 5.0049222111702 5.04015040397644 5.13108167052269 5.12777283787727 5.13513001799583 5.06915420293808 4.98284518718719 5.15334305167198 5.2453145980835 5.42561969161034 5.60392466187477 5.72222954034805 5.81486797332764 5.88917291164398 5.81614485383034 5.79292181134224 5.8527547121048 5.83072632551193 5.87369805574417 5.90578979253769 6.00333520770073 6.01721385121346 5.98975923657417 5.97163790464401 5.94618314504623 6.07106187939644 6.24427393078804 6.38648599386215 6.38436448574066 6.41691014170647 6.47278860211372 6.61794018745422 6.75503143668175 6.62945607304573 6.57821393013 6.62130519747734 6.77939665317535 6.90915447473526
4.00264848768711 4.14288152754307 4.26005937159061 4.33848686516285 4.34808410704136 4.50084714591503 4.57018910348415 4.69167736172676 4.78405451774597 5.05043148994446 4.84880878031254 4.95751905441284 5.10369989275932 5.25127333402634 5.19365069270134 5.1293611228466 5.22773817181587 5.28278201818466 5.35699421167374 5.32504162192345 5.38908895850182 5.5511362850666 5.72118374705315 5.83323106169701 6.01661190390587 5.96632581949234 5.93704006075859 5.88175404071808 5.91746813058853 5.89451548457146 5.96064674854279 6.04886201024055 6.15941044688225 6.13129210472107 6.18684074282646 6.22438940405846 6.31393772363663 6.42581963539124 6.47470125555992 6.46491649746895 6.48346471786499 6.58467996120453 6.79513365030289 6.65115901827812 6.63585114479065 6.67354321479797 6.73023518919945 6.91792738437653 6.96595287322998
4.18524289131165 4.17295387387276 4.27699837088585 4.404042750597 4.50169837474823 4.48113146424294 4.54098859429359 4.8512659072876 4.84482665359974 5.02066522836685 5.07157328724861 4.94814810156822 5.05805611610413 5.2594259083271 5.35737210512161 5.35655796527863 5.49216187000275 5.50992977619171 5.44518554210663 5.49231532216072 5.76696714758873 5.71108385920525 5.85070049762726 5.89427182078362 6.00368386507034 5.85988384485245 5.7117505967617 5.7189504802227 5.8764840066433 6.01668405532837 6.0782795548439 6.00193801522255 5.94092932343483 6.06825432181358 6.28591248393059 6.33790400624275 6.35956218838692 6.47622030973434 6.57587862014771 6.66120344400406 6.61686158180237 6.76485314965248 6.87495470046997 6.78783297538757 6.75871121883392 6.72825640439987 6.77513453364372 6.82134637236595 6.89089146256447
4.40728136897087 4.49416497349739 4.53928062319756 4.56682060658932 4.65251375734806 4.69614323973656 4.76563766598701 4.78718785941601 4.97679331898689 5.05844470858574 5.10669907927513 5.23033255338669 5.34841033816338 5.40267241001129 5.36209404468536 5.31853291392326 5.3886384665966 5.31741079688072 5.45530652999878 5.27699255943298 5.56834530830383 5.50203108787537 5.68638390302658 5.66506978869438 5.84675571322441 6.07977521419525 5.87912780046463 5.76648041605949 5.72483325004578 5.96218580007553 6.17024612426758 6.16301387548447 6.30978178977966 6.42354965209961 6.43831765651703 6.39241886138916 6.45818665623665 6.47862136363983 6.59772270917892 6.72782406210899 6.7552584707737 6.75769311189651 6.84444263577461 6.84317380189896 6.8845719397068 6.92230302095413 6.94970071315765 6.99576553702354 7.05083012580872
4.10932040214539 4.21070943772793 4.41237632930279 4.6923765540123 4.72138437628746 4.73182143270969 4.94430151581764 5.01566940546036 5.08049604296684 5.0571328997612 4.99710258841515 5.02373933792114 5.23570919036865 5.35401245951653 5.67601931095123 5.55695235729218 5.55725541710854 5.45855858922005 5.43946278095245 5.61596810817719 5.7191399037838 5.87531200051308 5.9838171005249 5.99765577912331 6.02282777428627 6.05166640877724 5.95217153429985 5.98801028728485 6.09884893894196 6.25968760251999 6.42687895894051 6.5307565331459 6.50896760821342 6.53451183438301 6.4520560503006 6.49393379688263 6.5781446993351 6.68768909573555 6.82823348045349 6.68077746033669 6.79132187366486 6.72719943523407 6.82593041658401 6.86984786391258 6.96576526761055 7.00434949994087 7.09693372249603 7.15918445587158 7.20143538713455
4.26969222724438 4.36625362932682 4.45681524276733 4.57696017622948 4.89104944467545 4.8427379578352 4.90997526049614 5.03125396370888 5.09519907832146 5.19736659526825 5.20320069789886 5.21536809206009 5.2665356695652 5.25470304489136 5.37720397114754 5.64603796601295 5.85387200117111 5.91170614957809 5.92495200037956 5.91594359278679 5.96426808834076 6.05525949597359 6.08991730213165 6.10424181818962 6.08589985966682 6.09855765104294 6.16154885292053 6.35087364912033 6.55653145909309 6.54918929934502 6.51084536314011 6.45183250308037 6.3008199930191 6.44014063477516 6.44946128129959 6.42844861745834 6.55543601512909 6.63108995556831 6.82641050219536 6.84639796614647 6.92605194449425 6.75603944063187 6.75741824507713 6.9188549220562 7.09229227900505 7.13706266880035 7.14416652917862 7.17193678021431 7.22637376189232
4.49306420981884 4.6610201895237 4.68430988490582 4.72740611433983 4.93055510520935 4.72456701099873 4.78117206692696 5.03453704714775 5.23842832446098 5.33668348193169 5.4267153441906 5.46599692106247 5.61869531869888 5.66172707080841 5.74875903129578 5.82612383365631 5.90915557742119 5.97018727660179 5.9341085255146 5.94591888785362 5.9967295229435 6.06254002451897 6.13701722025871 6.24249449372292 6.29863828420639 6.28244888782501 6.3709260225296 6.36640334129333 6.39854717254639 6.46035760641098 6.49781164526939 6.54657536745071 6.6156724691391 6.64110273122787 6.6638665497303 6.60763013362885 6.54072722792625 6.35515758395195 6.39558801054955 6.64701837301254 7.01944872736931 7.17687919735909 7.00457268953323 7.03886273503304 7.09181907773018 7.17677587270737 7.22473260760307 7.24002251029015 7.18264585733414
4.69481129944324 4.62655791640282 4.72623912990093 4.84548841416836 4.99517232179642 5.23085632920265 5.17792427539825 5.23874613642693 5.16416895389557 5.36131551861763 5.4836693406105 5.63620015978813 5.69702208042145 5.78352034091949 5.81681388616562 6.00894668698311 6.27843895554543 6.2126684486866 6.16426461935043 6.05256125330925 6.085857629776 6.20815408229828 6.28545045852661 6.271080493927 6.13371026515961 6.0450068116188 6.22330331802368 6.04493319988251 6.00289636850357 6.24385952949524 6.12244462966919 6.24565130472183 6.47219151258469 6.67139813303947 6.66660490632057 6.71314507722855 6.70768520236015 6.57889184355736 6.71876540780067 6.85030537843704 7.04884558916092 7.23605236411095 7.30172696709633 7.12487012147903 7.07767954468727 7.0524890422821 6.86729872226715 6.88977494835854 6.97091782093048
4.79647506773472 4.9535536468029 5.07546550035477 5.07571080327034 5.13378939032555 5.26286780834198 5.42512056231499 5.50804752111435 -9999 -9999 5.47316139936447 5.59705209732056 5.58334842324257 5.5264418721199 5.66720226407051 5.95896244049072 6.27705579996109 6.05048277974129 5.90875402092934 5.94686987996101 6.03231909871101 5.88643491268158 5.93788388371468 6.44233313202858 6.00211563706398 5.76656478643417 6.23201391100883 6.15012985467911 5.9055789411068 5.9486947953701 5.99307751655579 6.05839395523071 6.37437716126442 6.4426936507225 6.38734346628189 6.62832653522491 6.79564300179482 6.79329279065132 6.91494262218475 7.01925921440125 7.11824217438698 7.15355870127678 7.3935481607914 7.12754395604134 7.05853974819183 6.72786909341812 6.41519808769226 6.71019396185875 7.12418976426125
