data/past_env/bio2_avg_1994_2009.asc
NCOLS 664 
NROWS 380 
XLLCORNER 3.91666666666667 
YLLCORNER 55.3333333333333 
CELLSIZE 0.0416666666666667 
NODATA_value -9999 
[rows 176 to 197 of 380, columns 343 to 391 of 664]
8.95603853464127 8.97500479221344 8.92054033279419 8.9617423415184 9.20094448328018 9.14014673233032 9.24168258905411 9.13621783256531 9.01041984558105 8.99862205982208 8.96882444620132 8.8783597946167 8.80456203222275 8.70799162983894 8.6626483798027 8.60063886642456 8.49362868070602 8.43361896276474 8.31027576327324 8.23593267798424 8.16725611686707 8.1379129588604 8.17323666810989 8.09189316630363 8.03021675348282 8.06983068585396 8.15440163016319 8.17997244000435 8.09654343128204 8.09811437129974 8.16068509221077 8.1759224832058 8.13582670688629 8.08773106336594 8.06530192494392 7.97220602631569 8.03844371438026 8.1023807823658 8.12101766467094 8.16598823666573 8.18329164385796 8.16592851281166 8.09756568074226 8.06053587794304 8.10083943605423 8.10180968046188 8.14078012108803 8.259417116642 8.31372067332268
8.66452157497406 8.75407111644745 8.82053762674332 8.97533714771271 9.22647005319595 9.35093659162521 9.39273643493652 9.29353606700897 9.01333582401276 8.48046863079071 8.55393499135971 8.63873472809792 8.59386757016182 8.51284047961235 8.4463195502758 8.46146568655968 8.38794493675232 8.30642440915108 8.31857070326805 8.27871662378311 8.16952937841415 8.07067531347275 8.04482141137123 8.01430067420006 7.95878010988235 7.98560500144958 8.00577619671822 8.00761395692825 8.00645163655281 7.98162254691124 8.03746017813683 8.07963103055954 8.06113547086716 8.03797301650047 8.02314400672913 7.98131513595581 8.01581925153732 7.98230794072151 7.95244744420052 8.07092019915581 8.13539287447929 8.08053231239319 7.99833837151527 7.9834777712822 8.05828389525414 7.99108991026878 8.03089594841003 8.05303546786308 8.06817507743835
8.94550955295563 8.92802101373672 8.79545879364014 8.9695640206337 9.29333508014679 9.410440325737 9.42921209335327 9.40231704711914 9.2647550702095 8.84552693367004 8.76963141560555 8.67040321230888 8.54017472267151 8.39141750335693 8.25213101506233 8.2555114030838 8.2818920314312 8.27427226305008 8.23965254426003 8.16303306818008 8.08708003163338 7.88779380917549 7.89450737833977 7.85488817095757 7.83526828885078 7.84431755542755 7.84770220518112 7.83975377678871 7.83213862776756 7.88052353262901 7.91524168848991 7.95762673020363 7.94534462690353 7.94372969865799 7.93578112125397 7.88249936699867 7.88055086135864 7.9142786860466 7.90068316459656 7.9620877802372 8.01849210262299 7.98889684677124 7.95630121231079 7.9313722550869 7.90711039304733 7.93884810805321 7.90758603811264 7.86932396888733 7.80772823095322
8.9630035161972 8.99785321950912 8.9976379275322 9.07075566053391 9.11020690202713 9.09199166297913 9.28610950708389 9.40356087684631 9.1610119342804 8.89979660511017 8.83691436052322 8.67936560511589 8.52915012836456 8.4827224612236 8.3514156639576 8.24077567458153 8.08780229091644 8.01916196942329 7.93352171778679 7.92454835772514 7.90357503294945 7.85393488407135 7.85596123337746 7.80632129311562 7.75801476836205 7.71330067515373 7.6978462934494 7.73339235782623 7.7536047399044 7.73948356509209 7.7366963326931 7.78290864825249 7.81045427918434 7.82633364200592 7.78454595804214 7.76275840401649 7.74663734436035 7.7759598493576 7.79739233851433 7.86915743350983 7.89058995246887 7.8603555560112 7.8567878305912 7.8208866417408 7.77737960219383 7.75575137138367 7.70684984326363 7.64094889163971 7.53554785251617
9.03383016586304 9.06135195493698 9.05248314142227 8.97794723510742 8.77574491500854 8.85054242610931 9.1056734919548 9.30747103691101 9.25326877832413 9.04606628417969 8.89286375045776 8.69866153597832 8.57145926356316 8.41636094450951 8.19370040297508 8.06270611286163 7.85837918519974 7.78171846270561 7.66239100694656 7.70406392216682 7.74540320038795 7.70440945029259 7.72074896097183 7.72908827662468 7.72376090288162 7.66428399085999 7.57932406663895 7.60769739747047 7.65473759174347 7.63011080026627 7.63548400998116 7.68519094586372 7.70923110842705 7.71460428833961 7.6953110396862 7.67868450284004 7.67372438311577 7.68130761384964 7.67143422365189 7.65289431810379 7.60968777537346 7.54381415247917 7.50928944349289 7.670734167099 -9999 7.61748734116554 7.5498920083046 7.46757420897484 7.31886720657349
9.07965689897537 9.25485092401505 9.16099536418915 9.08080565929413 8.97061622142792 9.01576036214828 8.85857081413269 9.10738152265549 9.15819209814072 8.98966932296753 8.81981354951859 8.56195732951164 8.38910147547722 8.24799945950508 8.1249848306179 8.0133036673069 7.84195595979691 7.74527513980865 7.66626074910164 7.65824609994888 7.64089834690094 7.59588399529457 7.596869379282 7.56852173805237 7.55317369103432 7.54460057616234 7.48980164527893 7.4656690955162 7.53753668069839 7.50740411877632 7.55527207255363 7.57813960313797 7.57134073972702 7.57020834088326 7.55274251103401 7.5562769472599 7.54947790503502 7.52865549921989 7.46514299511909 7.4001524746418 7.33786877989769 7.28349497914314 7.14601993560791 6.8816927075386 -9999 -9999 -9999 -9999 -9999
9.08415085077286 9.19035005569458 9.20217347145081 9.03499758243561 9.03848785161972 9.12064456939697 9.15146845579147 9.09629201889038 9.03011584281921 8.88060593605042 8.68776294589043 8.48358657956123 8.25807681679726 8.10530465841293 8.03226962685585 7.90856805443764 7.70219963788986 7.60483145713806 7.57912990450859 7.59042838215828 7.53705990314484 7.48769187927246 7.47065672278404 7.4199552834034 7.36825370788574 7.35558387637138 7.35194581747055 7.39264106750488 7.39166948199272 7.34652164578438 7.45272633433342 7.35471153259277 7.31645032763481 7.32514569163322 7.33184072375298 7.34486922621727 7.31789779663086 7.27358663082123 7.26000893115997 7.04003420472145 6.65499413013458 -9999 -9999 -9999 -9999 -9999 -9999 -9999 -9999
8.9899777173996 8.9871826171875 9.12868595123291 9.12285578250885 9.02402573823929 9.03019589185715 8.97369921207428 8.89553594589233 8.80703938007355 8.66620889306068 8.56037908792496 8.35521569848061 8.19938594102859 8.04360970854759 7.94655433297157 7.78116551041603 7.5914434492588 7.47538787126541 7.43866595625877 7.43427711725235 7.41155481338501 7.39049944281578 7.35144424438477 7.29672196507454 7.21199983358383 7.17290019989014 7.19375652074814 7.22661232948303 7.20146882534027 7.08081522583961 -9999 7.12114840745926 7.13461565971375 7.02574959397316 7.0756057202816 7.11546164751053 7.08483874797821 7.06701767444611 -9999 -9999 -9999 -9999 -9999 -9999 -9999 -9999 -9999 -9999 -9999
9.1181378364563 8.94968152046204 8.94586449861526 9.04738092422485 9.01256370544434 8.81774696707726 8.73893025517464 8.63011312484741 8.56729578971863 8.40714555978775 8.2303287088871 8.11217802762985 8.0360281765461 7.96758151054382 7.77650547027588 7.62742975354195 7.47602039575577 7.37894466519356 7.32386875152588 7.29879251122475 7.24838349223137 7.22997409105301 7.18956491351128 7.1418220102787 7.10574626922607 7.05323228240013 6.96818661689758 6.93191781640053 6.97840687632561 6.95012566447258 6.77860769629478 6.60509723424911 6.4753366112709 6.82585355639458 6.82637044787407 6.88572129607201 6.90108513832092 6.84169897437096 -9999 -9999 6.33230039477348 -9999 -9999 -9999 -9999 -9999 -9999 -9999 -9999
9.00563150644302 9.03484708070755 9.04837650060654 8.99823951721191 8.97676849365234 8.88729792833328 8.70749375224113 8.56735667586327 8.50321942567825 8.30241534113884 8.15094485878944 8.01014077663422 7.92500364780426 7.83422005176544 7.66812351346016 7.54269391298294 7.44159755110741 7.35083419084549 7.25907135009766 7.17297479510307 7.10421186685562 7.03944870829582 6.98935240507126 6.98558911681175 6.93615934252739 6.88920006155968 6.6887112557888 6.59488949179649 6.71773427724838 6.56418994069099 6.5096737742424 6.44626832008362 -9999 6.70695745944977 6.63906145095825 6.6896838247776 6.80049154162407 -9999 -9999 -9999 -9999 -9999 -9999 -9999 -9999 -9999 -9999 -9999 -9999
8.79712530970573 8.83634629845619 8.8488886654377 8.84276416897774 8.80830675363541 8.81951567530632 8.65639168024063 8.46326726675034 8.26980966329575 8.20301872491837 8.08789429068565 7.98743683099747 7.85197904706001 7.70685869455338 7.56007495522499 7.4306249320507 7.29050779342651 7.15839090943336 7.04760730266571 6.93915683031082 6.87237337231636 6.79892334342003 6.76713964343071 6.76402261853218 6.69523912668228 6.68696102499962 -9999 -9999 -9999 -9999 6.3975448012352 6.37021699547768 -9999 -9999 -9999 -9999 -9999 -9999 -9999 -9999 -9999 -9999 -9999 -9999 -9999 -9999 -9999 -9999 -9999
8.75628519058228 8.64717841148376 8.65673425793648 8.68028926849365 8.6151781976223 8.57506674528122 8.53195556998253 8.40684425830841 8.21139949560165 8.10428842902184 7.985177308321 7.8253992497921 7.72028833627701 7.58916381001472 7.40935960412025 7.25322216749191 7.06541791558266 6.88594731688499 6.69947680830956 6.63433912396431 6.61420160531998 6.56339767575264 6.54026022553444 6.54612267017365 6.45399910211563 -9999 -9999 -9999 -9999 -9999 -9999 -9999 -9999 -9999 -9999 -9999 -9999 -9999 -9999 -9999 -9999 -9999 -9999 -9999 -9999 -9999 -9999 -9999 -9999
8.88311213254929 8.84734418988228 8.69624590873718 8.61381444334984 8.57038283348083 8.52261784672737 8.47151970863342 8.37908798456192 8.14465630054474 7.99522513151169 7.87846010923386 7.73602843284607 7.62326347827911 7.49413549900055 7.29197752475739 7.07615306973457 6.85999494791031 6.69650390744209 6.52234584093094 6.43685466051102 6.41236340999603 6.35035809874535 6.34393662214279 6.36355629563332 6.33664804697037 -9999 -9999 -9999 -9999 -9999 -9999 -9999 -9999 -9999 -9999 -9999 -9999 -9999 -9999 -9999 -9999 -9999 -9999 -9999 -9999 -9999 -9999 -9999 -9999
8.80260583758354 8.73817637562752 8.5640911757946 8.54000604152679 8.52925425767899 8.5238356590271 8.41441717743874 8.29966509342194 8.05091348290443 7.86082792282104 7.73640948534012 7.60265758633614 7.44157242774963 7.27665290236473 7.06273859739304 6.82498136162758 6.59215542674065 6.44972705841064 6.3352153301239 6.25674906373024 6.17536577582359 6.08029082417488 -9999 5.84032294154167 -9999 -9999 -9999 -9999 -9999 -9999 -9999 -9999 -9999 -9999 -9999 -9999 -9999 -9999 -9999 -9999 -9999 -9999 -9999 -9999 -9999 -9999 -9999 -9999 -9999
8.51296484470367 8.59387928247452 8.56583115458488 8.56978338956833 8.47840222716331 8.37002068758011 8.29563945531845 8.14625811576843 7.93654358386993 7.71982863545418 7.55296126008034 7.38391807675362 7.16110178828239 7.00057461857796 6.76219835877419 6.45501428842545 6.3160012960434 6.07855093479156 5.99143403768539 5.85406705737114 5.77891936898232 5.87180534005165 -9999 -9999 -9999 -9999 -9999 -9999 -9999 -9999 -9999 -9999 -9999 -9999 -9999 -9999 -9999 -9999 -9999 -9999 -9999 -9999 -9999 -9999 -9999 -9999 -9999 -9999 -9999
8.24085685610771 8.28711885213852 8.36913266777992 8.24747931957245 8.23815947771072 8.20917302370071 8.14551958441734 8.05420017242432 7.81154695153236 7.63268336653709 7.45400533080101 7.24390318989754 6.99998539686203 6.87949606776237 6.72345289587975 6.19692367315292 6.03844976425171 -9999 5.74233567714691 5.62195727229118 5.59205517172813 -9999 -9999 -9999 -9999 -9999 -9999 -9999 -9999 -9999 -9999 -9999 -9999 -9999 -9999 -9999 -9999 -9999 -9999 -9999 -9999 -9999 -9999 -9999 -9999 -9999 -9999 -9999 -9999
8.37541496753693 8.27469184994698 8.26476699113846 8.24550861120224 8.18525010347366 8.02965873479843 7.90373343229294 7.88527151942253 7.64530465006828 7.49312543869019 7.05061680078506 6.90310847759247 6.84726709127426 6.31188917160034 6.28655874729156 5.99289521574974 -9999 -9999 -9999 -9999 -9999 -9999 -9999 -9999 -9999 -9999 -9999 -9999 -9999 -9999 -9999 -9999 -9999 -9999 -9999 -9999 -9999 -9999 -9999 -9999 -9999 -9999 -9999 -9999 -9999 -9999 -9999 -9999 -9999
8.46297323703766 8.45159831643105 8.23773461580276 8.10620439052582 7.96600762009621 7.81914418935776 7.69394728541374 7.67901226878166 7.48722046613693 7.40435683727264 7.05482667684555 -9999 -9999 6.28907430171967 -9999 -9999 -9999 -9999 -9999 -9999 -9999 -9999 -9999 -9999 -9999 -9999 -9999 -9999 -9999 -9999 -9999 -9999 -9999 -9999 -9999 -9999 -9999 -9999 -9999 -9999 -9999 -9999 -9999 -9999 -9999 -9999 -9999 -9999 -9999
8.4125317633152 8.41350463032722 8.32145231962204 8.08497962355614 7.9748760163784 7.75105577707291 7.63588851690292 7.48154956102371 7.29964044690132 6.94253268837929 6.7336198091507 6.68778735399246 -9999 -9999 -9999 -9999 -9999 -9999 -9999 -9999 -9999 -9999 -9999 -9999 -9999 -9999 -9999 -9999 -9999 -9999 -9999 -9999 -9999 -9999 -9999 -9999 -9999 -9999 -9999 -9999 -9999 -9999 -9999 -9999 -9999 -9999 -9999 -9999 -9999
8.42552435398102 8.36889573931694 8.1858845949173 7.87992975115776 7.81385585665703 7.64778214693069 7.49004146456718 7.42292594909668 -9999 6.70015326142311 6.69611644744873 6.72633883357048 -9999 -9999 -9999 -9999 -9999 -9999 -9999 -9999 -9999 -9999 -9999 -9999 -9999 -9999 -9999 -9999 -9999 -9999 -9999 -9999 -9999 -9999 -9999 -9999 -9999 -9999 -9999 -9999 -9999 -9999 -9999 -9999 -9999 -9999 -9999 -9999 -9999
8.28031450510025 8.21075204014778 8.06035736203194 7.88023680448532 7.80112057924271 7.69876775145531 7.53358861804008 7.35924285650253 7.13906362652779 6.7813848555088 6.72058054804802 -9999 -9999 -9999 -9999 -9999 -9999 -9999 -9999 -9999 -9999 -9999 -9999 -9999 -9999 -9999 -9999 -9999 -9999 -9999 -9999 -9999 -9999 -9999 -9999 -9999 -9999 -9999 -9999 -9999 -9999 -9999 -9999 -9999 -9999 -9999 -9999 -9999 -9999
8.22820609807968 8.12122344970703 7.95760598778725 7.89198830723763 7.72530737519264 7.58086451888084 7.29158008098602 7.25285148620605 -9999 -9999 -9999 -9999 -9999 -9999 -9999 -9999 -9999 -9999 -9999 -9999 -9999 -9999 -9999 -9999 -9999 -9999 -9999 -9999 -9999 -9999 -9999 -9999 -9999 -9999 -9999 -9999 -9999 -9999 -9999 -9999 -9999 -9999 -9999 -9999 -9999 -9999 -9999 -9999 -9999
