data/past_env/bio2_avg_1994_2009.asc
NCOLS 664 
NROWS 380 
XLLCORNER 3.91666666666667 
YLLCORNER 55.3333333333333 
CELLSIZE 0.0416666666666667 
NODATA_value -9999 
[rows 264 to 285 of 380, columns 588 to 636 of 664]
-9999 -9999 -9999 -9999 -9999 -9999 -9999 -9999 -9999 -9999 -9999 -9999 -9999 -9999 -9999 -9999 -9999 6.53496313095093 -9999 6.47861769795418 6.45770090818405 6.43487319350243 6.41371235251427 6.42421773076057 6.3843070268631 -9999 -9999 -9999 -9999 -9999 -9999 -9999 -9999 -9999 6.20745494961739 6.62915581464767 6.62918949127197 6.62726527452469 6.6533408164978 6.60274985432625 6.54215905070305 6.54290127754211 6.54831025004387 6.53171929717064 6.51234310865402 6.54951503872871 6.61468687653542 6.61119201779366 6.59936407208443
-9999 -9999 -9999 -9999 -9999 -9999 -9999 -9999 -9999 -9999 -9999 -9999 -9999 -9999 -9999 -9999 -9999 -9999 -9999 -9999 -9999 -9999 -9999 -9999 -9999 -9999 -9999 -9999 -9999 -9999 -9999 -9999 -9999 -9999 -9999 -9999 6.55528527498245 6.58988150954247 6.5492832660675 6.522685110569 6.48308685421944 6.4718219935894 6.52522358298302 6.54395887255669 6.55223742127419 6.58972606062889 6.70488125085831 6.76737004518509 6.77219200134277
-9999 -9999 -9999 -9999 -9999 -9999 -9999 -9999 -9999 -9999 -9999 -9999 -9999 -9999 -9999 -9999 -9999 -9999 -9999 -9999 -9999 -9999 -9999 -9999 -9999 -9999 -9999 -9999 -9999 -9999 -9999 -9999 -9999 -9999 -9999 6.00504234433174 6.61110344529152 6.57410889863968 6.49055922031403 6.43062034249306 6.44401496648788 6.48574316501617 6.52880391478539 6.53353196382523 6.51646527647972 6.55760395526886 6.68540918827057 6.77854779362679 6.79268652200699
-9999 -9999 -9999 -9999 -9999 -9999 -9999 -9999 -9999 -9999 -9999 -9999 -9999 -9999 -9999 -9999 -9999 -9999 -9999 -9999 -9999 -9999 -9999 -9999 -9999 -9999 -9999 -9999 -9999 6.75170692801476 6.78120130300522 6.83910459280014 6.8640350997448 6.12723186612129 6.26661944389343 -9999 -9999 6.67135488986969 6.5861684679985 6.4445561170578 6.458276450634 6.50599721074104 6.44905126094818 6.49710521101952 6.55335992574692 6.53548169136047 6.59227040410042 6.69205921888351 6.77218103408813
-9999 -9999 -9999 -9999 -9999 -9999 -9999 -9999 -9999 -9999 -9999 -9999 -9999 -9999 -9999 7.22262331843376 7.19141146540642 7.1828847527504 7.21561965346336 7.25481313467026 7.26244333386421 7.23251327872276 7.29262635111809 7.24491512775421 7.17129456996918 -9999 7.07988700270653 -9999 -9999 6.34902518987656 6.84568274021149 6.87352669239044 6.8816083073616 6.72987738251686 -9999 -9999 -9999 -9999 6.65011084079742 6.40615782141685 6.46101415157318 6.48700144886971 6.41981080174446 6.45498260855675 6.51758751273155 6.57835951447487 6.67346489429474 6.7389035820961 6.81067577004433
-9999 -9999 -9999 -9999 -9999 -9999 -9999 -9999 -9999 -9999 -9999 -9999 -9999 -9999 -9999 7.29928788542747 7.35476297140121 7.35786527395248 7.4023010134697 7.46340358257294 7.46137887239456 7.40156012773514 7.38740816712379 7.2972559928894 7.22243729233742 7.18795183300972 7.14779984951019 7.17182824015617 7.1729399561882 7.16551053524017 7.09974732995033 7.0170396566391 6.99814993143082 -9999 6.15606233477592 6.10376867651939 6.75147449970245 6.6700139939785 5.91355362534523 -9999 -9999 -9999 6.36687833070755 6.41940891742706 6.52481561899185 6.55957052111626 6.63432604074478 6.70541483163834 6.81583690643311
-9999 -9999 -9999 -9999 -9999 -9999 -9999 -9999 -9999 -9999 -9999 -9999 -9999 6.74554896354675 7.14513218402863 7.40806010365486 7.52352172136307 7.51884567737579 7.50417011976242 7.49282765388489 7.43931442499161 7.42663085460663 7.39928042888641 7.36059671640396 7.32558006048203 7.30456292629242 7.26154616475105 7.22386249899864 7.20484539866447 7.20516189932823 7.17114490270615 7.08146148920059 7.05613592267036 7.06277680397034 7.0218485891819 6.95959377288818 6.87576505541801 6.82374161481857 -9999 5.8830284178257 5.80156064033508 6.17009308934212 6.38195869326591 6.37972712516785 6.54537650942802 6.65844836831093 6.75985381007195 6.83225938677788 6.88299831748009
-9999 -9999 7.38606718182564 7.34642866253853 -9999 -9999 -9999 -9999 -9999 -9999 -9999 -9999 -9999 -9999 7.70443868637085 7.67465108633041 7.59461379051208 7.50949311256409 7.48570543527603 7.46825161576271 7.45591667294502 7.47303506731987 7.46315303444862 7.45527130365372 7.51438957452774 7.56950768828392 7.45529267191887 7.37541079521179 7.32019549608231 7.24364718794823 7.2287654876709 7.23388344049454 7.19878816604614 7.17614683508873 7.19383850693703 7.16619694232941 7.10555532574654 6.97891369462013 6.9478462934494 6.86466580629349 6.79082205891609 6.71419548988342 6.59821972250938 6.57573053240776 6.62093752622604 6.67899304628372 6.75738179683685 6.8687706887722 6.98082631826401
7.22960886359215 7.45952978730202 7.47761717438698 7.50874599814415 7.57910677790642 7.53893488645554 7.54413351416588 -9999 7.64489850401878 -9999 7.61676719784737 7.53279384970665 7.54030218720436 7.58468878269196 7.62474018335342 7.62860500812531 7.57537260651588 7.52547350525856 7.54357451200485 7.53300857543945 7.51085230708122 7.5661056637764 7.51235890388489 7.50927913188934 7.5561990737915 7.53411883115768 7.4040390253067 7.35229232907295 7.37354558706284 7.32146582007408 7.29605236649513 7.37463864684105 7.40677446126938 7.31545868515968 7.24480977654457 7.21782779693604 7.16451242566109 7.09653005003929 7.03788125514984 6.95389923453331 6.9692502617836 6.91426810622215 6.8409526348114 6.78797045350075 6.80316537618637 6.86787098646164 6.92324316501617 7.00628212094307 7.10532051324844
7.50591152906418 7.61652067303658 7.65616688132286 7.68881356716156 7.67812675237656 7.60610643029213 7.54373893141747 7.52606591582298 7.63612449169159 7.70445203781128 7.66362005472183 7.60785162448883 7.59517398476601 7.60883024334908 7.64348614215851 7.65514206886292 7.59913104772568 7.54578724503517 7.54477635025978 7.50276580452919 7.46512150764465 7.45117634534836 7.38123172521591 7.40328648686409 7.40367516875267 7.33106356859207 7.26945200562477 7.27950683236122 7.30656242370605 7.32395067811012 7.32667231559753 7.38272789120674 7.45509368181229 7.39443770051003 7.30144795775414 7.3141253888607 7.32946926355362 7.29747992753983 7.22482389211655 7.14783447980881 7.10751163959503 7.04352208971977 6.93186610937119 6.89387702941895 6.92639318108559 6.9907486140728 7.04643723368645 7.11912652850151 7.21581515669823
7.68395891785622 7.69659584760666 7.73612141609192 7.77698025107384 7.76717248558998 7.67269790172577 7.58722352981567 7.56308215856552 7.71632486581802 7.78695097565651 7.74191054701805 7.72087007761002 7.67416271567345 7.66345557570457 7.6654149889946 7.65970829129219 7.61500096321106 7.55062720179558 7.54125329852104 7.4932127892971 7.45044919848442 7.40062978863716 7.36047688126564 7.38999080657959 7.4181712269783 7.38068506121635 7.33353206515312 7.31337940692902 7.34122639894485 7.41207346320152 7.46525397896767 7.47910112142563 7.4833867251873 7.44211047887802 7.4045008122921 7.40189126133919 7.41694834828377 7.39433890581131 7.33972933888435 7.27445301413536 7.21084350347519 7.12790066003799 7.04062479734421 7.05401489138603 7.11588889360428 7.12257963418961 7.11093673110008 7.15996104478836 7.29298481345177
7.80819720029831 7.82392156124115 7.79681330919266 7.76937139034271 7.76559641957283 7.71848750114441 7.66937902569771 7.67127019166946 7.82855513691902 7.82590010762215 7.76257848739624 7.83892333507538 7.79693472385406 7.77394637465477 7.78862497210503 7.79730299115181 7.69664788246155 7.57399287819862 7.54567101597786 7.53068271279335 7.48416951298714 7.49646559357643 7.49809503555298 7.53739124536514 7.54335367679596 7.52064993977547 7.45961263775826 7.41724216938019 7.4588714838028 7.51116779446602 7.52213075757027 7.5014266371727 7.48831984400749 7.48047733306885 7.47996786236763 7.43212562799454 7.45261612534523 7.42777380347252 7.41759759187698 7.40175500512123 7.36224603652954 7.31673631072044 7.28189441561699 7.29805153608322 7.30365204811096 7.28236323595047 7.26674085855484 7.29145184159279 7.34116274118423
7.87832379341125 7.88458132743835 7.81450518965721 7.76242929697037 7.74768662452698 7.72661051154137 7.73353427648544 7.81379169225693 7.90678545832634 7.8918491601944 7.84424608945847 7.87330982089043 7.86070695519447 7.85110387206078 7.84050098061562 7.7912312746048 7.67862823605537 7.59102508425713 7.59642201662064 7.62148594856262 7.58355659246445 7.53730168938637 7.54771327972412 7.59979167580605 7.62020349502563 7.61794853210449 7.56269335746765 7.54543852806091 7.54218333959579 7.51459509134293 7.52600675821304 7.55275204777718 7.526586830616 7.48651108145714 7.52810215950012 7.53602623939514 7.52195084095001 7.48454171419144 7.48679941892624 7.4833904504776 7.4843145608902 7.53057259321213 7.53949710726738 7.48808798193932 7.45841586589813 7.46914687752724 7.48521175980568 7.49227607250214 7.502007573843
7.90028411149979 7.84890708327293 7.82119703292847 7.84482011198997 7.86311006546021 7.88173305988312 7.91402304172516 8.00131317973137 7.99834901094437 7.92479845881462 7.91991394758224 7.91836306452751 7.90681222081184 7.88292801380157 7.8233770430088 7.74415934085846 7.66660839319229 7.68639096617699 7.72217321395874 7.73162239789963 7.70527744293213 7.63547116518021 7.62266510725021 7.66819226741791 7.67405286431313 7.67257991433144 7.63644057512283 7.62196803092957 7.61282870173454 7.56935572624207 7.58121678233147 7.61441054940224 7.57985311746597 7.55121129751205 7.57723584771156 7.59959384799004 7.59161868691444 7.61897683143616 7.59766787290573 7.57502579689026 7.5777173936367 7.65407529473305 7.69009998440742 7.6007913351059 7.50017946958542 7.47893109917641 7.49068242311478 7.51043403148651 7.53185194730759
7.97324424982071 7.88989987969398 7.88755559921265 7.92821142077446 7.95520055294037 8.0198563337326 8.02717858552933 8.07883444428444 8.06691294908524 7.94774720072746 7.98724839091301 7.98108312487602 7.93291738629341 7.88208529353142 7.8095865547657 7.77142125368118 7.7655887901783 7.80542343854904 7.8309246301651 7.76809233427048 7.75099757313728 7.73330724239349 7.71961665153503 7.73459303379059 7.74323573708534 7.70454531908035 7.65352129936218 7.66249763965607 7.70280703902245 7.64678332209587 7.60675948858261 7.63073572516441 7.65878647565842 7.68324464559555 7.65970289707184 7.63316145539284 7.67928668856621 7.76774463057518 7.76920315623283 7.75532820820808 7.70811966061592 7.7425782084465 7.79870298504829 7.67882785201073 7.4969430565834 7.41404822468758 7.39848661422729 7.44925820827484 7.49036315083504
8.04220443964005 8.09255942702293 8.08791434764862 8.01660233736038 7.99395763874054 8.02397909760475 8.03100076317787 8.06002253293991 8.08681008219719 8.04402986168861 8.05791649222374 7.96680283546448 7.89368939399719 7.82590946555138 7.81612932682037 7.86134943366051 7.86590281128883 7.84812244772911 7.84400886297226 7.81056243181229 7.76838511228561 7.74747651815414 7.75223484635353 7.74832671880722 7.77641877532005 7.77251064777374 7.7406020462513 7.75269398093224 7.77745231986046 7.70421114563942 7.63830250501633 7.69139441847801 7.76205295324326 7.79827839136124 7.78550353646278 7.76039555668831 7.80395400524139 7.90117940306664 7.95340490341187 7.98029685020447 7.91952231526375 7.91374740004539 7.91697293519974 7.81353136897087 7.67537334561348 7.58349859714508 7.53362387418747 7.57408222556114 7.65087434649467
8.05049803853035 8.16021877527237 8.19493964314461 8.14566028118134 8.08838120102882 8.07810217142105 8.07882279157639 8.1288771033287 8.23704013228416 8.22831204533577 8.1519173681736 8.04518952965736 7.94812807440758 7.89840012788773 7.95600533485413 7.97494414448738 7.91721597313881 7.88548821210861 7.86776041984558 7.84669870138168 7.83743873238564 7.8109792470932 7.82251998782158 7.80906072258949 7.79193487763405 7.8214752972126 7.85134929418564 7.85622337460518 7.85243067145348 7.81130504608154 7.78084567189217 7.79571974277496 7.84265306591988 7.8626452088356 7.87230429053307 7.87062981724739 7.92028853297234 8.00394746661186 8.06027334928513 8.11459890007973 8.13359099626541 8.13825005292892 8.01857563853264 7.95056810975075 7.92480373382568 7.83228245377541 7.73242804408073 7.73657360672951 7.81438583135605
8.09812471270561 8.14754468202591 8.27063128352165 8.3250512778759 8.23747166991234 8.13655841350555 8.06364476680756 8.08106499910355 8.19060388207436 8.17692789435387 8.08125212788582 7.99624261260033 7.97756698727608 8.0055575966835 8.04588147997856 8.08753898739815 8.07086318731308 8.01452061533928 7.95951142907143 7.95050200819969 7.98082557320595 7.95081532001495 7.92580515146255 7.90579435229301 7.867117613554 7.90010738372803 7.88476318120956 7.83975297212601 7.87540927529335 7.92906558513641 7.94905504584312 7.91904482245445 7.85858583450317 7.85301208496094 7.8667711019516 7.90619695186615 7.96828988194466 8.05238229036331 8.07280844449997 8.07423430681229 8.14766037464142 8.19741961359978 8.07517871260643 7.96127134561539 7.92990058660507 7.912732899189 7.85556548833847 7.8353978395462 7.85423046350479
8.11141806840897 8.17153745889664 8.2799901664257 8.31410926580429 8.26089516282082 8.16568121314049 8.07946687936783 8.02358654141426 7.99616771936417 8.01321041584015 8.07625293731689 8.09496259689331 8.09500539302826 8.0777148604393 8.08575758337975 8.12713366746902 8.13517698645592 8.09021922945976 8.01126220822334 7.99530518054962 8.02054607868195 8.00465124845505 8.00108981132507 7.98852849006653 7.96663376688957 7.97807213664055 7.94384399056435 7.82394927740097 7.83838802576065 7.95749285817146 8.01626491546631 8.01937025785446 7.97718599438667 7.88504555821419 7.92257198691368 7.97376480698586 8.11129093170166 8.1401506960392 8.13134360313416 8.19887000322342 8.27772945165634 8.3692552447319 8.26311510801315 8.094641238451 7.97866407036781 7.92585009336472 7.88370299339294 7.87355571985245 7.87907516956329
8.18304488062859 8.25786340236664 8.31768187880516 8.33383375406265 8.32465234398842 8.3104707300663 8.19128912687302 8.04744112491608 7.99673098325729 8.0038258433342 8.05425432324409 8.06568256020546 8.06044414639473 8.04687222838402 8.08163371682167 8.09006208181381 8.11415699124336 8.07425174117088 7.97868022322655 7.96044182777405 7.98126655817032 7.93615385890007 7.93337497115135 7.88926231861115 7.87981662154198 7.93937063217163 7.99092468619347 7.95081233978271 7.93970012664795 7.97592076659203 7.93047496676445 7.84802877902985 7.82045260071754 7.85041236877441 7.96537253260612 8.12133261561394 8.23029243946075 8.30825209617615 8.36254543066025 8.42417180538177 8.44146504998207 8.47075793147087 8.32938441634178 8.12034469842911 7.9957612156868 7.96163415908813 7.90784004330635 7.91571322083473 7.94358631968498
8.16167166829109 8.28018963336945 8.3870404958725 8.37022534012794 8.27174273133278 8.24759379029274 8.21211111545563 8.14429566264153 8.12796130776405 8.11144217848778 8.11558881402016 8.09206941723824 8.00721594691277 8.00969609618187 8.06284329295158 8.12865680456161 8.15913733839989 8.09661754965782 7.94743129611015 7.89557835459709 7.88698694109917 7.87999007105827 7.87432649731636 7.87199619412422 7.87233278155327 7.90433591604233 7.93667218089104 7.95234206318855 7.95601162314415 7.89401456713676 7.87035122513771 7.90502059459686 7.91638588905334 7.91477933526039 7.98750656843185 8.10623335838318 8.21595987677574 8.3323535323143 8.38508021831512 8.47014033794403 8.48953413963318 8.45892778038979 8.28798773884773 8.14804810285568 8.09985816478729 8.06775140762329 8.01297780871391 7.98553776741028 8.03209775686264
8.20029866695404 8.2725156545639 8.31006562709808 8.29194918274879 8.24683287739754 8.25671651959419 8.29559993743896 8.26048344373703 8.20785826444626 8.16372403502464 8.11792331933975 8.09312245249748 8.02765476703644 7.98752042651176 8.02071970701218 8.06558519601822 8.03945094347 7.96898350119591 7.92884904146194 7.90671482682228 7.90504059195518 7.91715928912163 7.9276115000248 7.96106326580048 7.95418211817741 7.95863431692123 8.00608593225479 8.03387132287025 7.97632330656052 7.90377539396286 7.89422765374184 7.93767973780632 7.99298599362373 8.01381316781044 8.01097357273102 8.08446744084358 8.2006279528141 8.29278790950775 8.32594865560532 8.4284425675869 8.45960313081741 8.40143007040024 8.27292397618294 8.22008460760117 8.2042880654335 8.15686839818954 8.12444859743118 8.08336207270622 8.05427548289299
