data/past_env/bio3_avg_1994_2009.asc
NCOLS 664 
NROWS 380 
XLLCORNER 3.91666666666667 
YLLCORNER 55.3333333333333 
CELLSIZE 0.0416666666666667 
NODATA_value -9999 
[rows 352 to 373 of 380, columns 441 to 489 of 664]
24.0055841207504 24.1865097284317 24.3102159500122 24.2729431390762 24.1205012798309 24.0487093925476 24.0068784952164 23.9457767009735 23.9601312875748 23.9548765420914 23.941974401474 23.9488048553467 23.8558366298676 23.6657292842865 23.5728298425674 23.4691400527954 23.3124748468399 23.1634526252747 23.0156401395798 22.8681961297989 22.8209285736084 22.7847981452942 22.7552465200424 22.6058502197266 22.4017487764359 22.1504294872284 22.1092826128006 22.3869057893753 22.7978469133377 23.021958231926 23.0904543399811 23.1441720724106 23.4100525379181 23.5390659570694 23.5963976383209 23.6359548568726 23.6528524160385 23.6820727586746 23.6858887672424 23.7111406326294 23.7415310144424 23.8148347139359 23.8028874397278 23.8332545757294 23.8753584623337 23.9595402479172 23.9270671606064 23.8811882734299 23.881279706955
24.1644041538239 24.2137939929962 24.1451849937439 24.1200157403946 24.1678063869476 24.160827755928 24.105104804039 24.0935361385345 24.121529340744 24.0813057422638 23.9738733768463 23.8315671682358 23.7311987876892 23.7125926017761 23.7393213510513 23.5309927463531 23.288982629776 23.1138256788254 23.0407780408859 22.9428541660309 22.7773641347885 22.8161382675171 22.7913455963135 22.7041155099869 22.6706293821335 22.6467159986496 22.6197371482849 22.6700412034988 22.7281167507172 22.7934235334396 22.8946702480316 23.1030150651932 23.2361524105072 23.4633142948151 23.6257946491241 23.6363445520401 23.6307014226913 23.6870565414429 23.7122275829315 23.7602407932281 23.8191789388657 23.8679137229919 23.8611907958984 23.9278291463852 23.9379684925079 24.0402690172195 24.0700080394745 24.0574386119843 23.9428601264954
24.2283872365952 24.287655711174 24.2570216655731 24.2695388793945 24.3101350069046 24.3736519813538 24.2804716825485 24.2275338172913 24.2036743164062 24.0863324403763 23.9521334171295 23.8571488857269 23.7997390031815 23.7491747140884 23.7779639959335 23.6566596031189 23.4201622009277 23.2375370264053 23.1767072677612 23.1138812303543 22.9960746765137 22.8614203929901 22.7645342350006 22.7418894767761 22.7688548564911 22.7805114984512 22.812371134758 22.8189234733582 22.8352041244507 22.8298621177673 22.8477393388748 22.7812416553497 22.7010382413864 22.9611748456955 23.300599694252 23.4203350543976 23.505225777626 23.625390291214 23.7520743608475 23.8629244565964 23.9154965877533 23.9456734657288 23.9173911809921 24.0323417186737 24.0787205696106 24.1466093063354 24.1990810632706 24.0755207538605 23.8241889476776
23.9869141578674 24.1532130241394 24.2001465559006 24.2189104557037 24.2840082645416 24.2813727855682 24.2711921930313 24.2782561779022 24.3170714378357 24.2425445318222 24.0916390419006 23.9765042066574 23.9784417152405 23.987108707428 23.8719034194946 23.672012925148 23.4242353439331 23.2973818778992 23.2669900655746 23.1357805728912 23.0218307971954 22.956382393837 22.919654250145 22.9338569641113 22.9565987586975 22.9154667854309 22.8871887922287 22.9332304000854 23.0352679491043 23.0680893659592 23.0183757543564 22.9323444366455 22.8849016427994 23.068051815033 23.2434545755386 23.2936230897903 23.323223233223 23.4072426557541 23.6201276779175 23.814639210701 23.9307860136032 24.0413661003113 24.1127086877823 24.2688589096069 24.2935681343079 24.2685573101044 24.287440776825 24.1188032627106 23.8412688970566
23.9090906381607 24.0194267034531 24.0318977832794 24.0666710138321 24.1317082643509 24.1025139093399 24.0999686717987 24.0726335048676 24.1653826236725 24.1238570213318 24.0704741477966 24.0419861078262 23.9388082027435 23.8611871004105 23.7841429710388 23.6035766601562 23.4883197546005 23.4566206932068 23.4726808071136 23.3858259916306 23.2632728815079 23.0942648649216 22.9115254878998 23.0211373567581 23.1781913042068 23.1577985286713 23.1250965595245 23.1244369745255 23.0220861434937 22.9928727149963 23.1173589229584 23.2317004203796 23.1957055330276 23.2289859056473 23.2804797887802 23.3607971668243 23.4743854999542 23.5413047075272 23.577160358429 23.6564680337906 23.7135651111603 23.7889343500137 24.0361267328262 24.2363811731339 24.2815643548965 24.3136472702026 24.2344311475754 24.0601613521576 24.0283980369568
23.849240899086 23.9918559789658 24.0536338090897 24.0075836181641 24.0150710344315 24.0250478982925 24.0493148565292 23.9604948759079 23.9711406230927 23.9279824495316 23.9234257936478 23.9669568538666 23.8834452629089 23.720057964325 23.6702514886856 23.6095098257065 23.6446712017059 23.7149111032486 23.6097357273102 23.4740104675293 23.4724979400635 23.2287274599075 22.9570741653442 22.9762207269669 23.0892246961594 23.1289992332458 23.2182404994965 23.2833292484283 23.214656829834 23.2079809904099 23.3214935064316 23.3891893625259 23.3271576166153 23.3099942207336 23.4520770311356 23.4793639183044 23.5035457611084 23.5619037151337 23.665752530098 23.727645277977 23.6875233650208 23.7045356035233 23.8689370155334 24.0959547758102 24.1002657413483 24.1834172010422 24.1076129674911 24.0360912084579 24.1856632232666
23.7048478126526 23.8397068977356 23.9817525148392 23.9656904935837 24.0433841943741 24.0882369279861 24.0687066316605 24.0421648025513 24.0228310823441 23.8859466314316 23.8524425029755 23.8785778284073 23.8760358095169 23.8342132568359 23.8005555868149 23.7472755908966 23.7597607374191 23.7397683858871 23.4588508605957 23.2483390569687 23.3282014131546 23.2634880542755 23.1906586885452 23.1466672420502 23.1192234754562 23.1439788341522 23.2767508029938 23.4322671890259 23.4267683029175 23.436132311821 23.4513496160507 23.4823607206345 23.4977374076843 23.5259810686111 23.6155996322632 23.6136471033096 23.6120434999466 23.6449791193008 23.7252480983734 23.8753781318665 23.9342659711838 23.899062871933 23.9685844182968 24.1304961442947 24.1270254850388 24.1690596342087 24.1671706438065 24.2016258239746 24.3254544734955
23.5265214443207 23.6617348194122 23.8526278734207 23.8595535755157 23.9118868112564 24.0484274625778 24.0175060033798 23.8464258909225 23.9314210414886 23.8949596881866 23.8665453195572 23.8627140522003 23.8596631288528 23.8278625011444 23.7224175930023 23.6566269397736 23.6134104728699 23.5703366994858 23.4599770307541 23.3886122703552 23.4692813158035 23.4522994756699 23.3403356075287 23.3050402402878 23.2906954288483 23.274796962738 23.355609536171 23.5313235521317 23.5466521978378 23.5355223417282 23.5079466104507 23.5739829540253 23.618358373642 23.6812055110931 23.7252357006073 23.7128462791443 23.7714365720749 23.7959743738174 23.8928897380829 23.9840672016144 23.9744336605072 23.9342819452286 23.9768013954163 24.2143391370773 24.2416478395462 24.3020858764648 24.3672902584076 24.4224718809128 24.4944970607758
23.46548640728 23.5513464212418 23.7155256271362 23.7171225547791 23.7088500261307 23.8416751623154 23.8899478912354 23.8039878606796 23.7773199081421 23.8012206554413 23.8130903244019 23.8067759275436 23.7779005765915 23.6466294527054 23.5057890415192 23.4943619966507 23.4782341718674 23.4689803123474 23.4592047929764 23.4677407741547 23.5950189828873 23.6024197340012 23.4562612771988 23.4293397665024 23.4267638921738 23.3195185661316 23.3442593812943 23.4864395856857 23.5945909023285 23.6298344135284 23.6145272254944 23.6701840162277 23.74964594841 23.7898223400116 23.7807878255844 23.83016705513 23.8885288238525 23.9113129377365 23.9779014587402 24.0097057819366 24.0427212715149 24.037905216217 24.0437284708023 24.2505594491959 24.3495788574219 24.362933754921 24.412428855896 24.4773445129395 24.6065845489502
23.400652885437 23.4604675769806 23.578076839447 23.5903652906418 23.5769517421722 23.6938091516495 23.7832889556885 23.907727599144 23.7696837186813 23.6379977464676 23.5972182750702 23.5984913110733 23.6119065284729 23.5968037843704 23.5239253044128 23.5049678087234 23.5208644866943 23.5332098007202 23.3933774232864 23.3182971477509 23.4185837507248 23.5248286724091 23.5161988735199 23.4680409431458 23.4061686992645 23.3257199525833 23.4265872240067 23.5787419080734 23.6840015649796 23.7025499343872 23.607746720314 23.5920971632004 23.6718865633011 23.6654013395309 23.7041721343994 23.7918850183487 23.8825731277466 23.992792725563 24.1202592849731 24.1718852519989 24.2398062944412 24.2543548345566 24.2515225410461 24.3513580560684 24.4191052913666 24.4386379718781 24.4837719202042 24.6147881746292 24.6950954198837
23.1984740495682 23.4277867078781 23.4435752630234 23.4002714157104 23.4286665916443 23.6829558610916 23.8056381940842 23.8788304328918 23.7395833730698 23.6228860616684 23.5929093360901 23.5234221220016 23.5318539142609 23.712669968605 23.7650450468063 23.6842149496078 23.6682124137878 23.6863331794739 23.5481803417206 23.3710585832596 23.4556360244751 23.5552071332932 23.5471059083939 23.3959350585938 23.3964062929153 23.4762508869171 23.6223086118698 23.7438063621521 23.7442617416382 23.690388917923 23.5924310684204 23.5417566299438 23.5969038009644 23.5319378376007 23.5996204614639 23.7128159999847 23.8359596729279 24.0466042757034 24.2525084018707 24.3667801618576 24.4099160432816 24.346327662468 24.3489633798599 24.4134378433228 24.5660008192062 24.6807483434677 24.7388700246811 24.8005388975143 24.8676718473434
23.2343032360077 23.4945232868195 23.4898772239685 23.4014352560043 23.472728729248 23.6215555667877 23.7835639715195 23.8778306245804 23.8534786701202 23.7387290000916 23.6499969959259 23.5748417377472 23.6098622083664 23.8010569810867 23.8097796440125 23.7129790782928 23.6626133918762 23.7098758220673 23.6189172267914 23.5471171140671 23.6312617063522 23.7664053440094 23.6658575534821 23.4588181972504 23.546138882637 23.7203565835953 23.7789034843445 23.7812029123306 23.7730451822281 23.7987648248672 23.7996956110001 23.7022899389267 23.8005856275558 23.8388646841049 23.8466699123383 23.8739732503891 23.9238914251328 24.0628569126129 24.2047877311707 24.3491559028625 24.4745408296585 24.4272294044495 24.381210565567 24.4114404916763 24.519900560379 24.6662069559097 24.8365793228149 24.8909157514572 24.9132293462753
23.3878259658813 23.5695286989212 23.6183868646622 23.5874119997025 23.5830461978912 23.641331076622 23.7917026281357 23.9294403791428 23.9064079523087 23.6139760017395 23.3437589406967 23.372470498085 23.5328772068024 23.6448127031326 23.7476944923401 23.6975469589233 23.5558971166611 23.6148295402527 23.6535750627518 23.8315607309341 23.9173827171326 23.842668056488 23.7401975393295 23.6984797716141 23.7514276504517 23.832451581955 23.8363507986069 23.8128136396408 23.8312923908234 23.7945847511292 23.8363196849823 23.8617094755173 23.9749530553818 24.086172580719 24.097672700882 24.0684765577316 24.074601650238 24.1567088365555 24.225886464119 24.3807920217514 24.5116581916809 24.5369930267334 24.6503758430481 24.6923221349716 24.6827299594879 24.6198207139969 24.8309296369553 25.0128535032272 25.0993174314499
23.3017075061798 23.3842344284058 23.390732884407 23.2878329753876 23.3701031208038 23.6191689968109 23.7752887010574 23.9585040807724 24.0559312105179 23.7277499437332 23.4283170700073 23.4020198583603 23.5179051160812 23.6325941085815 23.8385775089264 23.8487815856934 23.7698305845261 23.8611191511154 23.8185517787933 23.8002423048019 23.7184571027756 23.7146550416946 23.8691108226776 23.8813744783401 23.7426756620407 23.7317489385605 23.8376548290253 23.9039450883865 23.9392687082291 23.9640055894852 24.054304599762 24.0778439044952 24.1093777418137 24.1469186544418 24.1293516159058 24.1406490802765 24.2404354810715 24.1913957595825 24.1817488670349 24.3132737874985 24.4272354841232 24.4182308912277 24.5939173698425 24.7862066030502 24.875111579895 24.9836955070496 25.0928132534027 25.11166203022 25.157457113266
23.1331629753113 23.1814593076706 23.2979543209076 23.3583383560181 23.5201684236526 23.6641199588776 23.7036010026932 23.9008306264877 24.0434710979462 23.8175592422485 23.6114846467972 23.6588311195374 23.7652525901794 23.7545235157013 23.7912027835846 23.8387303352356 23.7944089174271 23.8330159187317 23.7885123491287 23.6548384428024 23.5448096990585 23.6040279865265 23.7332750558853 23.7094093561172 23.6329528093338 23.7150722742081 23.774019241333 23.7800095081329 24.0073924064636 24.1763865947723 24.1719216108322 24.1143261194229 24.0566135644913 23.9950269460678 23.9737505912781 24.0157589912415 24.1594699621201 24.3456454277039 24.3885253667831 24.4536439180374 24.5391229391098 24.5583879947662 24.5597075223923 24.6691491603851 24.7068293094635 24.99489569664 25.1510602235794 25.2872273921967 25.3013678789139
23.0666537284851 23.1674540042877 23.3932931423187 23.5580078363419 23.5616335868835 23.5665682554245 23.5762220621109 23.7711750268936 23.8325536251068 23.6912949085236 23.6938138008118 23.8327420949936 23.8688859939575 23.8041073083878 23.7059582471848 23.5686812400818 23.5601793527603 23.4790549278259 23.4328073263168 23.3565943241119 23.4919662475586 23.6185847520828 23.6235221624374 23.3803791999817 23.3713276386261 23.5686234235764 23.7073931694031 23.8939535617828 24.0948624610901 24.1662110090256 24.127681016922 24.0898133516312 23.9460958242416 23.9023406505585 23.8827023506165 24.0492062568665 24.2293080091476 24.3461512327194 24.479794383049 24.6035319566727 24.6913754940033 24.6955667734146 24.6117446422577 24.5254582166672 24.5914734601974 24.9012613296509 25.0879943370819 25.2854021787643 25.2724416255951
23.4178733825684 23.6943117380142 23.7618715763092 23.7562487125397 23.7476971149445 23.7997690439224 23.7014455795288 23.7840193510056 23.8996504545212 23.7940028905869 23.719477891922 23.8013871908188 23.8739018440247 23.8088816404343 23.4785304069519 23.0420577526093 22.9528560638428 22.9540603160858 22.9847919940948 23.006617307663 23.4699425697327 23.6726003885269 23.6360512971878 23.6670863628387 23.6337571144104 23.5815750360489 23.63565325737 23.8752136230469 24.1611565351486 24.190887093544 24.0480691194534 24.0408469438553 24.0351492166519 24.0784612894058 24.1051958799362 24.2344162464142 24.3409795761108 24.4468871355057 24.5703418254852 24.6998362541199 24.8112730979919 24.907831788063 24.9324314594269 24.904248714447 24.7694770097733 24.8852862119675 25.040135383606 25.3488290309906 25.3901659250259
23.4491831064224 23.5891382694244 23.5332490205765 23.6270372867584 23.7163025140762 23.6578686237335 23.7004960775375 23.7413755655289 23.8074826002121 23.8750026226044 23.8888132572174 23.933197259903 23.8927767276764 23.5747728347778 23.1125251054764 22.8888753652573 22.8466861248016 22.8556169271469 23.0465329885483 23.0856684446335 23.412526845932 23.6074647903442 23.675540804863 23.7984584569931 23.8136579990387 23.7917227745056 23.7649050951004 23.7284777164459 23.8344947099686 24.0039292573929 24.004537820816 23.9021306037903 23.7924809455872 24.0012874603271 24.3185974359512 24.4564768075943 24.4648538827896 24.4926954507828 24.5880416631699 24.6810089349747 24.8259131908417 24.8222206830978 24.8801350593567 24.9650268554688 24.8958718776703 24.9123919010162 25.1481449604034 25.2274763584137 25.3821705579758
23.279504776001 23.4066582918167 23.681956410408 23.7295957803726 23.6886866092682 23.6744490861893 23.7792508602142 23.8683186769485 23.8300824165344 23.8138159513474 23.8750051259995 23.8843892812729 23.8286461830139 23.5987490415573 23.3508957624435 23.1784309148788 23.0894927978516 23.3466286659241 23.5349692106247 23.4671924114227 23.4519687891006 23.5617921352386 23.6551078557968 23.7119090557098 23.8240480422974 23.9429272413254 23.8753062486649 23.7149794101715 23.7689603567123 23.835341334343 23.8022465705872 23.8041043281555 23.8004682064056 23.9985063076019 24.3009355068207 24.4410310983658 24.4077545404434 24.4089952707291 24.5755474567413 24.7112065553665 24.8247264623642 24.7745596170425 24.7642608880997 24.9594336748123 25.044069647789 25.1657727956772 25.379422545433 25.3551037311554 25.4436250925064
23.1801701784134 23.4141108989716 23.7883362770081 23.7448961734772 23.6252510547638 23.7013032436371 23.8697791099548 23.9421572685242 23.8689212799072 23.7483410835266 23.7113474607468 23.7519410848618 23.7237864732742 23.6420713663101 23.5683722496033 23.5665123462677 23.5550286769867 23.6592522859573 23.7371085882187 23.6703104972839 23.6307867765427 23.5711930990219 23.5560773611069 23.6244512796402 23.8019382953644 23.9889861345291 24.0381115674973 23.95201587677 23.9560905694962 23.9118554592133 23.7843849658966 23.7044495344162 23.8326184749603 24.0086162090302 24.2548018693924 24.3316782712936 24.3499746322632 24.3816791772842 24.5524996519089 24.6897711753845 24.7570306062698 24.7469080686569 24.7877367734909 25.0118322372437 25.1400678157806 25.3383377790451 25.4730521440506 25.4731034040451 25.4441550970078
23.5292780399323 23.6328153610229 23.7873793840408 23.7968221902847 23.8144540786743 23.7977738380432 23.8018766641617 23.8546440601349 23.9207726716995 23.8973284959793 23.7899994850159 23.7507104873657 23.7873985767365 23.7801432609558 23.7722829580307 23.825737953186 23.7669650316238 23.6756167411804 23.769043803215 23.7138186693192 23.6556766033173 23.4990870952606 23.5050764083862 23.7474745512009 23.8399271965027 23.8518906831741 23.9451060295105 24.0347155332565 23.9779454469681 23.8687469959259 23.8075847625732 23.8403012752533 24.0290516614914 24.0985424518585 24.2089422941208 24.3469958305359 24.451714515686 24.4615135192871 24.4566625356674 24.6146757602692 24.6565899848938 24.6679351329803 24.791184425354 25.0033943653107 25.0125106573105 25.0892790555954 25.3385705947876 25.1368542909622 25.0988727807999
23.8629891872406 23.836169719696 23.8113023042679 23.8635995388031 24.0068109035492 23.9777407646179 23.9324065446854 23.9760820865631 23.9504044055939 23.9382084608078 23.8104578256607 23.7387565374374 23.7363690137863 23.7564735412598 23.7523530721664 23.8680211305618 23.8244953155518 23.684205532074 23.710214138031 23.6568292379379 23.5289093255997 23.4003105163574 23.5055093765259 23.7252663373947 23.7539294958115 23.7990477085114 24.0364105701447 24.1189739704132 23.9007966518402 23.8730546236038 23.9290992021561 24.0329401493073 24.2097239494324 24.2024455070496 24.1725566387177 24.272268652916 24.308033823967 24.3947592973709 24.4635072946548 24.5769071578979 24.6949473619461 24.7432123422623 24.9290870428085 25.1065191030502 25.0035494565964 24.8814107179642 25.0126168727875 25.0077923536301 25.1231347322464
