data/past_env/bio3_avg_1994_2009.asc
NCOLS 664 
NROWS 380 
XLLCORNER 3.91666666666667 
YLLCORNER 55.3333333333333 
CELLSIZE 0.0416666666666667 
NODATA_value -9999 
[rows 176 to 197 of 380, columns 147 to 195 of 664]
23.6098759174347 23.7544401884079 23.7129521369934 23.6405960321426 23.608668923378 23.347517490387 23.2336575984955 23.2930289506912 23.0323270559311 23.0346423387527 23.0184522867203 22.8910577297211 23.1168131828308 23.3313174247742 23.5296720266342 23.3829697370529 23.326094865799 23.2402890920639 23.2743977308273 23.2599469423294 23.3555129766464 23.3946924209595 23.6941936016083 23.7538160085678 24.0572285652161 23.8279882669449 24.0085079669952 23.9365454912186 24.0562078952789 -9999 -9999 -9999 23.6650325059891 23.6690372228622 23.6494842767715 23.3734529018402 23.0814183950424 22.4993849992752 22.5660437345505 22.9098516702652 23.0201464891434 23.0437424182892 23.3771959543228 23.715231180191 23.971361041069 24.146525144577 24.1223266124725 24.0659909248352 24.1757789850235
24.2074995040894 24.3194606304169 24.2724395990372 24.0661736726761 23.9918103218079 23.587006688118 23.3039234876633 23.2891793251038 23.1314996480942 23.3315609693527 23.4691301584244 23.3664677143097 23.3772493600845 23.4611260890961 23.3116705417633 23.2343189716339 23.1104950904846 23.0799446105957 23.1321731805801 23.2584155797958 23.3832166194916 23.4763267040253 23.9723066091537 24.4451551437378 24.3383672237396 24.188244342804 24.3287529945374 -9999 24.6032228469849 24.4891557693481 24.4494802951813 24.1271983385086 24.0039703845978 24.1002646684647 23.9904803037643 23.7602858543396 23.6112415790558 23.3647843599319 23.3534327745438 23.4291634559631 23.5231428146362 23.6475824117661 23.6457813978195 23.5442334413528 23.5579534769058 23.1979752779007 22.9157776832581 22.8880288600922 23.4161955118179
24.4660173654556 24.3459780216217 24.197812795639 24.0872904062271 24.0893950462341 23.7891981601715 23.851531624794 24.0684742927551 24.0028245449066 23.6702278852463 23.4737995862961 23.4569224119186 23.6887575387955 23.8062077760696 23.7270352840424 23.505456328392 23.4409899711609 23.5885742902756 23.7523245811462 24.0111403465271 24.1954632997513 24.379007101059 -9999 25.0152386426926 -9999 -9999 25.2067358493805 25.0265543460846 24.7560350894928 24.5053206682205 24.3661729097366 24.2172580957413 23.9083906412125 23.8644415140152 23.7749538421631 23.6173489093781 23.3481851816177 23.272283911705 23.34452688694 23.3546283245087 23.5115650892258 23.7348217964172 23.7713130712509 23.6836354732513 23.4089317321777 23.2513672113419 23.3210834264755 23.295851111412 23.2477416992188
24.3083057403564 24.2511918544769 24.1175576448441 24.0647019147873 24.4831944704056 24.3307243585587 24.1190761327744 24.1062841415405 24.1405520439148 23.9543541669846 24.0015808343887 24.1800155639648 24.4547117948532 24.8773038387299 24.5735251903534 24.467233300209 24.3676255941391 24.8456428050995 -9999 -9999 24.9099957942963 24.8909848928452 24.7896611690521 25.0756829977036 24.8683369159698 24.9047373533249 25.1655621528625 25.1928590536118 24.7713783979416 23.9950169324875 23.7721145153046 23.6822304725647 23.4178482294083 23.6975269317627 23.7136751413345 23.5205012559891 23.1995416879654 23.0026657581329 22.9882481098175 23.0435055494308 23.0792896747589 23.4369670152664 23.3858342170715 23.3693029880524 24.0282509326935 24.232818365097 24.4025909900665 24.0266228914261 23.7449790239334
24.8660531044006 24.7526123523712 24.699355840683 24.5540364980698 24.683697104454 24.8201248645782 24.5672116279602 24.199878692627 24.1516293287277 24.078275680542 24.2731288671494 24.7226396799088 25.066194653511 25.4576181173325 -9999 -9999 -9999 25.9885032176971 25.7753797769547 25.4959845542908 25.0840181112289 25.2187978029251 25.0839911699295 25.0458996295929 25.0376201868057 24.9204862117767 24.8822841644287 24.8763219118118 24.6563886404037 24.2100821733475 23.8846949338913 23.4497505426407 23.5289627313614 23.4996675252914 23.2049717903137 22.9764320850372 23.0077195167542 22.983689904213 22.9332382678986 22.9694385528564 22.9369533061981 22.7324018478394 22.71207010746 22.989138007164 23.0853850841522 23.6037373542786 23.9665096998215 23.9806839227676 23.8562992811203
25.3089315891266 25.1614379882812 24.9675357341766 24.9097125530243 24.9684488773346 24.8858426809311 24.7201594114304 24.6597011089325 25.1852188110352 25.2305970191956 25.1055442094803 25.58946621418 -9999 -9999 -9999 26.7532650232315 26.3622632026672 26.0727365016937 25.8202447891235 25.8068497180939 25.8901076316833 25.9852631092072 25.860200047493 25.5480418205261 25.0428905487061 24.7756675481796 24.5733296871185 24.5185885429382 24.5862814188004 24.4211392402649 23.9632402658463 23.9850898981094 23.6398257017136 23.3257522583008 23.3205053806305 23.2259342670441 23.30328810215 23.3057485818863 23.2017993927002 23.0289605855942 22.8695641756058 22.7810680866241 22.6960837841034 22.9422079324722 22.6248430013657 22.6034985780716 23.0853904485703 23.0846117734909 23.0829825401306
25.4868428707123 25.4374811649323 25.4050586223602 25.6413892507553 25.4032355546951 25.1353068351746 25.3519669771194 25.8165754079819 26.2138904333115 -9999 -9999 -9999 -9999 26.8120387792587 27.142667889595 27.1596010923386 27.05555331707 26.7384668588638 26.4039412736893 26.5866005420685 26.323282957077 25.9581034183502 25.5346038341522 25.1057381629944 24.9761489629745 24.8011463880539 24.6594151258469 24.6358190774918 24.6373398303986 24.5376224517822 24.14297747612 24.1708459854126 23.9607901573181 23.7613682746887 23.8873281478882 23.6633049249649 23.6776728630066 23.2361748218536 22.7046782970428 22.5674784183502 22.567099571228 22.9363609552383 23.317645072937 23.4787920713425 23.5666581392288 23.7633919715881 23.3712821006775 22.7964115142822 22.4768831729889
25.953885436058 25.7867121696472 25.9049425125122 26.1670273542404 -9999 -9999 -9999 -9999 -9999 -9999 -9999 -9999 -9999 -9999 -9999 -9999 -9999 27.1292887926102 27.0795123577118 26.7926059961319 25.8374470472336 25.48848092556 25.9452236890793 25.8718293905258 25.9794754981995 25.9057292938232 25.5684661865234 25.0261733531952 25.0951271057129 25.2478069067001 24.8795710802078 24.7408940792084 24.4505970478058 24.5381128787994 24.5722918510437 24.1457630395889 23.7922420501709 23.3375595808029 23.192177772522 23.2511284351349 23.2813484668732 23.3076956272125 23.4073536396027 23.3439044952393 23.4889743328094 23.6471611261368 23.0457673072815 22.6207499504089 23.0720217227936
26.5569803714752 26.3325967788696 -9999 -9999 -9999 -9999 -9999 -9999 -9999 -9999 -9999 -9999 -9999 -9999 -9999 -9999 -9999 27.5799926519394 27.4666254520416 27.480260014534 27.6823346614838 27.4822041988373 26.9752781391144 26.7548099756241 26.8372591733932 26.6634459495544 26.3100614547729 25.9421802759171 25.6221758127213 25.5982393026352 25.5430262088776 25.4342898130417 25.382731795311 25.1473077535629 24.8065079450607 24.4993739128113 23.9198316335678 23.6750204563141 23.2952288389206 23.2865319252014 23.6799165010452 24.0281677246094 23.6346389055252 23.2049171924591 23.3094671964645 23.4168858528137 23.2142839431763 23.4362072944641 23.7277344465256
-9999 27.1848905086517 27.0235011577606 26.5472697019577 26.0819048881531 26.1062455177307 26.3480628728867 26.9605915546417 27.3355997800827 27.4122583866119 27.3369038105011 27.3075529336929 27.1218444108963 27.0546418428421 27.1235154867172 27.3157126903534 27.2680532932281 27.5311617851257 27.5945552587509 26.9947817325592 27.4767751693726 27.6786891222 27.3943625688553 26.9599560499191 26.3974148035049 26.0341235399246 25.8476943969727 26.0440734624863 25.8554337024689 25.9037439823151 25.3577945232391 25.2675700187683 24.9859454631805 24.6633161306381 24.0433073043823 24.0958399772644 24.457990527153 24.7895264625549 25.0359013080597 25.4135766029358 25.5063909292221 25.1051653623581 24.2737545967102 23.8483681678772 23.7648867368698 23.4420479536057 23.3101600408554 23.2859922647476 23.3362278938293
27.2332700490952 27.2668619155884 27.1562687158585 26.4331637620926 26.4015856981277 26.4565984010696 26.6753418445587 27.1395354270935 27.4405913352966 27.2926295995712 26.9021953344345 26.9478118419647 26.7811436653137 26.7935751676559 26.9426177740097 26.9980244636536 26.9498136043549 27.2658243179321 27.3586812019348 27.1862090826035 26.9721128940582 27.0421327352524 26.9875642061234 26.9271980524063 26.9045751094818 26.2862948179245 25.7564703226089 25.5171307325363 25.3430918455124 25.787337064743 25.5001391172409 25.1926159858704 24.9047306776047 24.5915735960007 24.0805894136429 23.5021712779999 23.3249127864838 23.0299535989761 23.9342328310013 25.2228231430054 25.6148048639297 25.6251176595688 25.6123414039612 25.2242189645767 24.8243697881699 24.2295598983765 23.8637508153915 23.6488211154938 23.4359375238419
27.3147358894348 27.6210415363312 27.5792618989944 27.3943619728088 27.262166261673 27.2998937368393 27.3058767318726 27.4283326864243 27.5348179340363 27.3834897279739 27.2434452772141 27.1723195314407 26.9736107587814 26.7577393054962 26.7806644439697 26.7559853792191 26.8439636230469 27.1957918405533 26.9680757522583 26.9255831241608 26.626210808754 26.2988172769547 26.1864628791809 26.1020888090134 26.2914485931396 26.0721014738083 25.6450591087341 25.152240395546 25.0374670028687 25.1870886087418 25.3464064598083 25.1512475013733 24.4861187934875 23.852440237999 24.3653419017792 24.2226579189301 23.4786344766617 23.7245184183121 24.7016186714172 25.2208433151245 25.2182041406631 25.1924421787262 25.5291929244995 24.7741261720657 24.2674857378006 24.7574731111526 25.1849933862686 25.0813535451889 24.0899498462677
27.3242785930634 27.230116724968 27.45141685009 27.6920744180679 27.6620267629623 27.7510089874268 27.7569344043732 27.5290442705154 27.3139815330505 27.6336683034897 27.6088767051697 26.8837809562683 26.7603853940964 26.7581592798233 26.7380683422089 26.7957148551941 26.9142585992813 26.9494925737381 26.8929266929626 26.8175551891327 26.2768059968948 25.7469344139099 25.5625436306 25.6783058643341 26.112109541893 26.1651794910431 25.7939511537552 25.7321211099625 25.1299694776535 24.9675916433334 24.6559109687805 24.4257208108902 23.8059883117676 23.3805562257767 23.1626957654953 23.7424736022949 23.9744242429733 24.5676772594452 24.6959857940674 24.6579586267471 24.8851578235626 25.0367850065231 25.486023068428 25.4507052898407 24.962944149971 24.4926080703735 24.2527661323547 24.2429851293564 24.354273557663
27.3601094484329 27.2264739274979 27.2672663927078 27.6958221197128 27.8468421697617 27.9998588562012 27.3347576856613 26.7549175024033 27.4009234905243 27.7562062740326 27.5132703781128 27.3703334331512 27.3373310565948 27.1528208255768 27.2533469200134 27.2514233589172 27.0799102783203 27.2833267450333 27.2578988075256 27.0392218828201 26.8087413311005 26.7551202774048 26.729783654213 26.7486313581467 26.7665363550186 26.4675258398056 26.4756022691727 26.1986508369446 25.6463123559952 25.0844886302948 24.936012506485 24.4883979558945 24.3779265880585 24.2488154172897 23.9669799804688 24.0537617206573 24.1116614341736 24.0964645147324 24.0281447172165 24.1088893413544 24.304082274437 24.7365649938583 24.9834868907928 24.9218767881393 24.7431391477585 24.1073409318924 23.9005968570709 24.1919678449631 24.308792591095
27.5134115219116 27.3162832260132 27.4227957725525 27.4123268127441 27.821157336235 28.1073299646378 27.8302634954453 27.5456870794296 27.6494706869125 27.5879658460617 27.3465237617493 27.1205968856812 26.8793061971664 26.7838501930237 26.8997752666473 26.7398717403412 26.6638711690903 26.9341641664505 27.0046664476395 27.1517342329025 27.3024430274963 27.4469848871231 27.1945415735245 27.0745227336884 26.8808705806732 26.871370434761 26.4232590198517 26.2062036991119 25.7883847951889 25.2508577108383 24.9832973480225 24.5915328264236 24.3152469396591 24.5025491714478 24.6717805862427 24.3283338546753 24.2950224876404 24.0460023880005 24.021271944046 24.0883944034576 23.9247215986252 24.0347808599472 24.3683179616928 24.405414223671 24.3386701345444 24.1764892339706 24.1685481071472 24.326055765152 24.7158806324005
27.5770955085754 27.5917125940323 27.5522748231888 27.5159546136856 27.7448291778564 28.0502020120621 28.3194451332092 28.1231793165207 27.6437443494797 27.3728722333908 27.1570733785629 26.7802773714066 26.4680067300797 26.3582557439804 26.4630593061447 25.9944632053375 26.0289161205292 25.9929947853088 26.5678998231888 26.7482453584671 26.7610957622528 27.2308090925217 26.970994591713 27.0499370098114 27.1422190666199 27.2695707082748 26.9786163568497 26.9005082845688 26.3913193941116 26.1984399557114 25.9191896915436 25.5546127557755 25.403083562851 25.2175302505493 25.4580813646317 25.1070337295532 24.4255073070526 23.6667455434799 23.5913124084473 24.0239437818527 24.143758058548 24.2427762746811 24.2231570482254 24.0616991519928 24.2393108606339 24.3657917976379 24.5269916057587 24.5930663347244 24.7791599035263
27.7947113513947 27.8904368877411 27.7260283231735 27.7482684850693 28.019075512886 28.3422676324844 28.3337925672531 28.185239315033 28.0638267993927 27.8665127754211 27.3039658069611 26.8888030052185 26.5902243852615 26.3073872327805 26.2149841785431 25.6942281723022 25.3490754365921 25.8297300338745 26.2118954658508 26.3673204183578 26.5713970661163 26.6762233972549 26.8447796106339 26.7377107143402 26.5861126184464 26.5693618059158 26.3419493436813 26.0623885393143 26.5986104011536 26.4617072343826 26.2714658975601 25.9273518323898 25.6448335647583 25.3005287647247 25.027495265007 25.0360299348831 24.467072725296 24.3912197351456 24.5066287517548 24.6705325841904 24.69664478302 24.6718966960907 24.4578005075455 24.3825523853302 24.4568639993668 24.5537568330765 24.7370945215225 24.8253592252731 24.932546377182
28.0173008441925 27.9004989862442 27.9309964179993 28.2165348529816 28.513237118721 28.3024860620499 28.0993127822876 27.9253455400467 27.8078790903091 27.7053257226944 27.6272346973419 27.1652414798737 26.9655500650406 26.564044713974 26.484410405159 26.21797311306 25.9385856389999 25.950831413269 25.794021487236 26.0315116643906 26.3941285610199 26.3804844617844 26.4259163141251 26.7254999876022 26.7458646297455 26.3735148906708 25.9222997426987 25.8431081771851 26.4156118631363 26.9399443864822 26.9996135234833 26.8196507692337 26.5592143535614 25.7552163600922 24.9859622716904 25.3751063346863 25.1219024658203 25.3336969614029 25.5427423715591 25.5286475419998 25.2361940145493 24.8139432668686 24.6316806077957 24.5687242746353 24.7917587757111 24.7430329322815 24.8128305673599 24.9473378658295 25.0189460515976
27.974769115448 28.0177615880966 28.0798935890198 28.1504656076431 28.1223707199097 28.4030057191849 28.1088292598724 27.8477425575256 27.4261379241943 27.3053983449936 27.2284888029099 26.8775607347488 26.4860354661942 26.5077006816864 25.8812900781631 26.4144279956818 26.0364817380905 26.0168652534485 26.3011813163757 26.2697740793228 26.4755257368088 26.1249661445618 26.1444208621979 26.3629043102264 26.0973260402679 25.6314684152603 25.2927806377411 25.6552836894989 26.0135689973831 26.1650168895721 26.2659983634949 26.2098791599274 26.6649388074875 26.8813577890396 26.2178317308426 26.4026408195496 26.4383165836334 26.3886805772781 26.0959850549698 26.1634888648987 25.9130711555481 25.3691588640213 24.6764274835587 24.5467644929886 24.7892361879349 24.6923953294754 24.8793448209763 25.1580808162689 25.3339133262634
27.399557352066 27.6035455465317 27.8797789812088 27.678601026535 28.1666753292084 28.3034121990204 28.219603061676 27.9665279388428 27.8018066883087 27.7832943201065 27.5523808002472 27.1652606725693 26.937615275383 26.6522866487503 26.5307537317276 26.4925583600998 26.036682009697 26.1166499853134 26.7100961208344 26.8842704296112 26.6927086114883 26.3649319410324 26.085385799408 25.9616737365723 26.1463860273361 25.9888318777084 25.5651975870132 25.3499224185944 24.9810476303101 25.1869336366653 25.5393773317337 25.4375059604645 25.7571084499359 25.7028180360794 25.3745458126068 25.7840436697006 26.0155756473541 26.4892914295197 26.6184602975845 26.5376014709473 25.9746921062469 25.9648028612137 25.5645540952682 25.2861261367798 25.228658080101 25.2638604640961 25.2637588977814 25.3379871845245 25.1985495090485
26.8421366214752 27.1593689918518 27.890508055687 28.3135952949524 28.3583614826202 28.1798049211502 27.7106009721756 27.3515301942825 27.1650941371918 27.3809852600098 27.8852336406708 27.7037392854691 27.7979876995087 27.1873877048492 27.0996822118759 27.4061886072159 27.2126218080521 26.867125749588 27.3128128051758 27.4787782430649 27.4588584899902 27.3990668058395 26.9590109586716 26.7111290693283 26.6134443283081 26.5130492448807 26.1412991285324 25.7742655277252 25.5952467918396 25.504035949707 25.3497560024261 25.3240275382996 24.9638134241104 24.7598596811295 24.6399935483932 25.1022573709488 25.4254821538925 25.7513794898987 25.9359023571014 26.232138633728 26.2217555046082 26.1470665931702 25.8475034236908 25.6335544586182 25.7481820583344 25.7067067623138 25.6333845853806 25.5999872684479 25.7977206707001
27.6989052295685 28.046536564827 28.2523686885834 28.4777884483337 28.1408766508102 27.7947489023209 27.9240499734879 27.6913244724274 27.2787430286407 27.4342658519745 27.6678192615509 27.1684138774872 27.1992928981781 27.4897850751877 27.7708467245102 27.7105963230133 27.440527677536 27.2122720479965 27.0253064632416 26.9066944122314 26.7792847156525 26.6186153888702 26.9474868774414 27.3194200992584 27.4113968610764 27.4598571062088 27.3989336490631 27.1224644184113 26.4634193181992 26.2414751052856 26.1832340955734 25.752704501152 25.1837911605835 24.8704304695129 24.6527986526489 24.754157781601 24.5980736017227 24.5893778800964 25.0538110733032 25.7580718994141 25.8357521295547 26.2013071775436 26.4034802913666 26.3681489229202 26.3572099208832 26.2853165864944 25.8444701433182 25.1932902336121 25.1394071578979
