data/past_env/bio3_avg_1994_2009.asc
NCOLS 664 
NROWS 380 
XLLCORNER 3.91666666666667 
YLLCORNER 55.3333333333333 
CELLSIZE 0.0416666666666667 
NODATA_value -9999 
[rows 330 to 351 of 380, columns 98 to 146 of 664]
-9999 -9999 -9999 -9999 -9999 -9999 -9999 -9999 -9999 -9999 -9999 -9999 -9999 -9999 -9999 -9999 -9999 -9999 -9999 -9999 -9999 -9999 -9999 -9999 -9999 -9999 -9999 -9999 -9999 -9999 -9999 -9999 -9999 -9999 -9999 -9999 -9999 -9999 -9999 -9999 -9999 26.9534298181534 27.0578253269196 27.2671027183533 27.3272873163223 27.386950969696 27.3593596220016 27.2327183485031 27.1332501173019
-9999 -9999 -9999 -9999 -9999 -9999 -9999 -9999 -9999 -9999 -9999 -9999 -9999 -9999 -9999 -9999 -9999 -9999 -9999 -9999 -9999 -9999 -9999 -9999 -9999 -9999 -9999 -9999 -9999 -9999 -9999 -9999 -9999 -9999 -9999 -9999 -9999 -9999 -9999 -9999 27.3892254829407 27.415380358696 27.5449990034103 27.5773668289185 27.6064922809601 27.5906318426132 27.5695368051529 27.485741019249 27.428636431694
-9999 -9999 -9999 -9999 -9999 -9999 -9999 -9999 -9999 -9999 -9999 -9999 -9999 -9999 -9999 -9999 -9999 -9999 -9999 -9999 -9999 -9999 -9999 -9999 -9999 -9999 -9999 -9999 -9999 -9999 -9999 -9999 -9999 -9999 -9999 -9999 -9999 -9999 -9999 27.8007397651672 27.7812521457672 27.9025980234146 27.9837419986725 27.9995942115784 28.0024194717407 27.9888253211975 27.9103267192841 27.776186466217 27.6906096935272
-9999 -9999 -9999 -9999 -9999 -9999 -9999 -9999 -9999 -9999 -9999 -9999 -9999 -9999 -9999 -9999 -9999 -9999 -9999 -9999 -9999 -9999 -9999 -9999 -9999 -9999 -9999 -9999 -9999 -9999 -9999 -9999 -9999 -9999 -9999 -9999 -9999 28.0745269060135 28.0139107704163 28.1212322711945 28.1705561876297 28.3382625579834 28.5371781587601 28.6625845432281 28.6816065311432 28.4996351003647 28.313987493515 28.2046424150467 28.0652918815613
-9999 -9999 -9999 -9999 -9999 -9999 -9999 -9999 -9999 -9999 -9999 -9999 -9999 -9999 -9999 -9999 -9999 -9999 -9999 -9999 -9999 -9999 -9999 -9999 -9999 -9999 -9999 -9999 -9999 -9999 -9999 -9999 -9999 -9999 -9999 -9999 28.3858419656754 28.2858576774597 28.3794236183167 28.5456495285034 28.5667093992233 28.6987875699997 28.9881674051285 29.2033662796021 29.1117273569107 28.8777992725372 28.6988466978073 28.5993702411652 28.5062927007675
-9999 -9999 -9999 -9999 -9999 -9999 -9999 -9999 -9999 -9999 -9999 -9999 -9999 -9999 -9999 -9999 -9999 -9999 -9999 -9999 -9999 -9999 -9999 -9999 -9999 -9999 -9999 -9999 -9999 -9999 -9999 -9999 -9999 -9999 28.4766076803207 28.5850923061371 28.5924093723297 28.5643111467361 28.7230011224747 28.7589602470398 28.8221616744995 28.892804980278 29.0961248874664 29.2450202703476 29.117160320282 28.9580628871918 28.783896446228 28.6848908662796 28.5802422761917
-9999 -9999 -9999 -9999 -9999 -9999 -9999 -9999 -9999 -9999 -9999 -9999 -9999 -9999 -9999 -9999 -9999 -9999 -9999 -9999 -9999 27.7453827857971 27.6636271476746 27.5791153907776 27.4538735151291 27.3041710853577 27.7029383182526 28.0292108058929 28.2747844457626 28.4141783714294 28.3759390115738 28.203385591507 28.238114118576 28.4000557661057 28.5083894729614 28.6568800210953 28.7196334600449 28.7582341432571 28.7882872819901 28.7800906896591 28.8542965650558 28.9409935474396 28.9763172864914 28.9674504995346 29.00359416008 28.9674205780029 28.7533750534058 28.5682178735733 28.3247140645981
-9999 -9999 -9999 -9999 -9999 -9999 -9999 -9999 -9999 -9999 -9999 -9999 -9999 26.8162994384766 26.7937350273132 26.6672401428223 26.9279056787491 27.2956264019012 27.4535338878632 27.4949111938477 27.537489771843 27.7136023044586 27.7672423124313 27.6236320734024 27.3101346492767 27.2761921882629 28.0079803466797 28.2675088644028 28.474578499794 28.5954837799072 28.4861189126968 28.4156457185745 28.5191158056259 28.4575370550156 28.565039396286 28.6975938081741 28.7035431861877 28.5670803785324 28.3823074102402 28.2449400424957 28.3825316429138 28.5106518268585 28.5162988901138 28.4366706609726 28.7218724489212 28.9032645225525 28.746444940567 28.6104866266251 28.4565414190292
-9999 -9999 -9999 -9999 -9999 -9999 -9999 -9999 -9999 -9999 -9999 -9999 26.6392322778702 26.7320923805237 26.7353744506836 26.7734106779099 27.1632844209671 27.4911062717438 27.6431908607483 27.6616058349609 27.7018836736679 27.6874519586563 27.3462740182877 27.1123900413513 27.0776065587997 26.9645842313766 27.5244287252426 27.9824749231339 28.3843562602997 28.5205659866333 28.5319774150848 28.5224479436874 28.5164979696274 28.5018546581268 28.5104180574417 28.408833861351 28.1833237409592 27.8036626577377 27.3962537050247 27.1944878101349 27.2737135887146 27.6405699253082 27.9229694604874 27.8030450344086 28.1940413713455 28.5840830802917 28.5971554517746 28.443706870079 28.3564229011536
-9999 -9999 -9999 -9999 -9999 -9999 -9999 -9999 -9999 -9999 26.3249522447586 26.3431843519211 26.2629179954529 26.0812871456146 26.331202507019 26.6753560304642 27.0422732830048 27.2944450378418 27.4694437980652 27.5036936998367 27.2482089996338 26.8807300329208 26.6540961265564 26.4783266782761 26.4484816789627 26.1529057025909 26.2157297134399 26.7886329889297 27.3601521253586 28.0146422386169 28.3558013439178 28.314669251442 28.0750153064728 27.9277465343475 27.7806409597397 27.5437928438187 27.177525639534 26.1731539964676 -9999 27.6604697704315 28.1258685588837 28.8268694877625 29.0760271549225 29.1266661882401 29.1912988424301 29.1355862617493 29.0400404930115 28.9853028059006 29.0116173028946
-9999 -9999 -9999 -9999 -9999 -9999 -9999 -9999 -9999 26.2776358127594 26.4440397024155 26.5970419645309 26.5186122655869 26.5081707239151 26.7028125524521 26.8905816078186 26.9977784156799 27.094878077507 27.1080801486969 26.9412237405777 26.4843013286591 25.8137718439102 25.501274228096 -9999 -9999 -9999 -9999 -9999 -9999 26.8772292137146 27.2942491769791 28.0579731464386 28.3964816331863 28.6747764348984 28.7622708082199 28.811296582222 28.2642662525177 27.2926762104034 27.6886404752731 28.202179312706 28.9095820188522 29.1258360147476 29.2959561347961 29.3530892133713 29.4249948263168 29.3869798183441 29.2518748044968 29.1330231428146 29.0547964572906
-9999 -9999 -9999 -9999 -9999 -9999 -9999 25.6108216047287 26.3644683361053 26.6054488420486 26.7430783510208 26.819469332695 26.8907980918884 27.0106797218323 26.9371522665024 26.6505105495453 26.2948820590973 26.1916193962097 26.0461698770523 24.8594770431519 25.6133617162704 26.2666126489639 26.4514241218567 -9999 -9999 -9999 -9999 -9999 26.2452465295792 27.2094910144806 28.1162160634995 28.6360528469086 28.8368903398514 29.1424055099487 29.322412610054 29.386125087738 28.9005970954895 28.5035240650177 28.7078301906586 29.0712293386459 29.2060648202896 29.23812520504 29.3914535045624 29.2838624715805 29.3161772489548 29.4648479223251 29.3111672401428 29.1432143449783 29.0139336585999
-9999 -9999 -9999 -9999 -9999 -9999 -9999 25.9493587017059 26.3937848806381 26.6452211141586 26.8078829050064 26.9559615850449 27.008180141449 27.0466080904007 26.796571969986 26.0511748790741 25.190337896347 25.2288352251053 25.5673555135727 26.1039814949036 26.4244405031204 26.7022370100021 -9999 -9999 -9999 25.131609082222 25.2282650470734 -9999 26.868479013443 28.0683864355087 28.6436897516251 28.9728379249573 29.1314704418182 29.3173487186432 29.4139406681061 29.4594931602478 29.3294312953949 29.2679191827774 29.3522455692291 29.441188454628 29.4276745319366 29.351942896843 29.3574635982513 29.4115370512009 29.5158629417419 29.4667435884476 29.3223793506622 29.2857310771942 29.2234295606613
-9999 -9999 -9999 -9999 -9999 -9999 25.3820524215698 26.1792994737625 26.5540447235107 26.4995460510254 26.6359498500824 26.9005981683731 26.9743500947952 26.9356249570847 26.6198897361755 26.0514005422592 26.3223813772202 26.6282860040665 26.8808547258377 27.0321352481842 26.8615093231201 26.1125288009644 -9999 25.2463146448135 25.4975181818008 25.5625398159027 -9999 -9999 26.8319169282913 28.0865397453308 28.839443564415 29.1461273431778 29.1826432943344 29.322466135025 29.3767681121826 29.4205709695816 29.5277893543243 29.6246165037155 29.5830966234207 29.5770896673203 29.5142582654953 29.3620402812958 29.2662446498871 29.3754708766937 29.2891716957092 29.180105805397 29.2020494937897 29.2260074615479 29.2885460853577
-9999 -9999 -9999 -9999 -9999 23.1622741222382 24.4710605144501 25.7905658483505 26.4257333278656 26.6208809614182 26.589812874794 26.6111840009689 26.4518883228302 26.2962336540222 25.7116143703461 25.940571308136 26.8136904239655 27.3033952713013 27.4806886911392 27.4477100372314 26.9686553478241 -9999 26.1446297168732 26.086477637291 26.3006085157394 26.0314806699753 -9999 -9999 27.0886330604553 28.3053008317947 28.9651629924774 29.2245795726776 29.2981370687485 29.4571493864059 29.5428682565689 29.5830470323563 29.6196041107178 29.6568042039871 29.6569268703461 29.654165148735 29.5556811094284 29.3079980611801 29.0631142854691 28.965635061264 28.777477145195 28.7436349391937 28.8055670261383 28.9127759933472 29.123027920723
-9999 -9999 -9999 -9999 -9999 22.8773794174194 24.199324965477 25.4678679704666 26.1384463310242 26.4443745613098 26.2981417179108 25.6130267381668 24.8037608861923 25.3507105112076 25.7703160047531 26.2617443799973 26.8540875911713 27.2374694347382 27.4310219287872 27.5348221063614 27.1506909132004 26.3608973026276 26.6874732971191 27.5880291461945 27.806706905365 27.4136121273041 26.7889593839645 -9999 27.3269048929214 28.3991557359695 29.0129488706589 29.2858057022095 29.4336630105972 29.5814480781555 29.6947381496429 29.7125904560089 29.7103009223938 29.7073823213577 29.6542828083038 29.5620112419128 29.4391658306122 29.2055138349533 28.9816497564316 28.8438341617584 28.8345067501068 28.973251581192 28.9884855747223 29.0233575105667 29.1346056461334
-9999 -9999 -9999 -9999 -9999 22.3843152523041 -9999 25.0463339090347 25.565029501915 25.7635449171066 25.5952563285828 25.2020443677902 24.4172580242157 25.1239897012711 25.7016890048981 26.24298787117 26.5669342279434 26.6677004098892 26.6400327682495 27.1506119966507 26.7221800088882 26.8414535522461 27.5753313302994 28.321396112442 28.4471424818039 28.4280226230621 27.8039237260818 26.9330531358719 27.2101585865021 27.8769745826721 28.2159720659256 28.6912552118301 29.2976305484772 29.5945036411285 29.7280026674271 29.7390315532684 29.7390474081039 29.7735121250153 29.7042557001114 29.60380423069 29.4704792499542 29.3778579235077 29.2704464197159 29.1995114088058 29.2226713895798 29.3026827573776 29.3716292381287 29.2361328601837 28.9612118005753
-9999 -9999 -9999 -9999 21.5545358657837 21.613600730896 -9999 -9999 24.7628073692322 25.2827582359314 25.1775261163712 25.1917595863342 25.3289536237717 25.2966833114624 24.8462671041489 25.1393648386002 25.5099518299103 25.7029368877411 25.8377046585083 26.797271490097 27.3837282657623 27.7430812120438 28.0515189170837 28.4350656270981 28.48672914505 28.2686160802841 27.6428235769272 27.1610547304153 26.7805380821228 27.2066855430603 27.2197880744934 27.8365528583527 28.9600505828857 29.5796082019806 29.7360883951187 29.7672387361526 29.7339426279068 29.7225013971329 29.7101043462753 29.6653861999512 29.602991104126 29.5375145673752 29.4978494644165 29.3503397703171 29.1808778047562 29.1233571767807 29.0967174768448 29.0090998411179 28.7090331315994
-9999 -9999 -9999 22.1275455951691 22.0580615997314 22.4836248159409 -9999 -9999 -9999 -9999 25.2875281572342 25.4543507099152 25.5840355157852 25.441411614418 24.7864201068878 24.3334649801254 -9999 26.2248735427856 26.6348015069962 27.4089010953903 27.9819918870926 28.1498401165009 28.2986820936203 28.4732850790024 28.2328596115112 27.6348714828491 27.0621596574783 27.4765722751617 -9999 28.2525409460068 -9999 28.088531255722 28.9985226392746 29.5639797449112 29.7572605609894 29.7493051290512 29.6989462375641 29.6496939659119 29.6497118473053 29.5560858249664 29.498935341835 29.3984017372131 29.3445202112198 29.2081195116043 28.9466857910156 28.9115685224533 28.9206112623215 28.837660908699 28.7970488071442
-9999 -9999 -9999 22.314568400383 22.8674348592758 23.1872857809067 23.4607844352722 23.5064005851746 -9999 -9999 -9999 -9999 24.9831570386887 24.7694234848022 24.2514373064041 23.7491382360458 24.7149850130081 25.7855770587921 27.0099945068359 27.7267475128174 28.0917901992798 28.2428537607193 28.3935865163803 28.5247313976288 28.0817006826401 26.992559671402 28.1086781024933 28.6893783807755 29.0717681646347 29.1490759849548 28.6679198741913 28.5801714658737 29.1619181632996 29.6037659645081 29.8430261611938 29.8700842857361 29.8348566293716 29.7083218097687 29.5524559020996 29.4295908212662 29.4029462337494 29.4240235090256 29.3341014385223 29.2501500844955 29.1328884363174 29.1484010219574 29.2591704130173 29.2802050113678 29.190567612648
-9999 -9999 -9999 22.0936143398285 22.7864472866058 23.3502138853073 23.6508333683014 23.915319442749 24.1839408874512 24.5671246051788 24.8711793422699 25.0670636892319 24.8018901348114 24.6816785335541 23.8204481601715 24.0023566484451 -9999 24.972910284996 26.4294109344482 27.6020452976227 28.2400242090225 28.466747879982 28.5868780612946 28.8150414228439 28.7563414573669 28.7084257602692 29.1102570295334 29.5726720094681 29.7031074762344 29.5320888757706 29.0712919235229 28.4299800395966 28.793571472168 29.4862393140793 29.8725693225861 29.9298181533813 29.8462958335876 29.6287312507629 29.4030747413635 29.179429769516 29.16039955616 29.4102051258087 29.4677981138229 29.4079511165619 29.2462402582169 29.1688952445984 29.1346778869629 29.2028043270111 29.2374093532562
-9999 -9999 22.2454062700272 22.4474537372589 23.0280596017838 23.4551134109497 23.8006809949875 24.120246052742 24.4618088006973 24.7466012239456 25.0298388004303 25.2500624656677 25.4353400468826 25.199847817421 24.5453587770462 23.8396701812744 -9999 25.0802248716354 26.570836186409 27.8200402259827 28.2142827510834 28.3066070079803 28.6672662496567 29.1227806806564 29.2759960889816 29.4492090940475 29.534308552742 29.7311871051788 29.8173958063126 29.8364088535309 29.7692303657532 29.5050748586655 29.4721478223801 29.7072139978409 29.7725559473038 29.7513955831528 29.6365962028503 29.4414125680923 29.2235670089722 29.12067258358 29.2787485122681 29.2767909765244 29.2000013589859 29.1287395954132 29.205763220787 29.080162525177 28.9792213439941 28.9960341453552 29.0841953754425
