data/past_env/bio3_avg_1994_2009.asc
NCOLS 664 
NROWS 380 
XLLCORNER 3.91666666666667 
YLLCORNER 55.3333333333333 
CELLSIZE 0.0416666666666667 
NODATA_value -9999 
[rows 22 to 43 of 380, columns 441 to 489 of 664]
18.7868937849998 18.6565369963646 18.5437833070755 18.7489322423935 18.6376694440842 18.7656121253967 19.0562436580658 19.0075806379318 19.5722113847733 19.4911156892776 19.3224177360535 19.1734832525253 19.0389518737793 19.2944462299347 19.5021497011185 19.6776232719421 20.2448527812958 20.3540296554565 -9999 -9999 -9999 22.0350903272629 21.7995008230209 21.4380091428757 21.1609731912613 20.9985592365265 20.9405757188797 20.9227665662766 20.8920509815216 20.8581213951111 20.8137701749802 20.8128311634064 20.8241239786148 20.891255736351 20.9528961181641 21.0514936447144 21.1138784885406 21.178031206131 21.2443488836288 21.3178563117981 21.3451713323593 21.329102396965 21.3511677980423 21.445571064949 21.4732344150543 21.5406700372696 21.5817614793777 21.6399105787277 21.6550257205963
18.9551082849503 18.9862403869629 18.7042895555496 18.6672470569611 18.8175073862076 18.7967145442963 18.746684551239 19.0880128145218 19.2299845218658 19.2403155565262 19.2090978622437 19.4600236415863 19.6407433748245 19.7642073631287 20.0110931396484 20.4081372022629 20.6278549432755 -9999 -9999 -9999 -9999 22.0100997686386 21.7690491676331 21.4684273004532 21.2217849493027 20.9726680517197 20.9018406867981 20.9266357421875 20.940789937973 20.9512685537338 20.9644399881363 21.0074305534363 21.0547544956207 21.098491191864 21.1871381998062 21.2940095663071 21.3598161935806 21.4215873479843 21.529851436615 21.6066352128983 21.6214920282364 21.6013553142548 21.6322666406631 21.6746634244919 21.7304265499115 21.7688319683075 21.8045020103455 21.8678745031357 21.8829838037491
18.9602599143982 18.955441236496 18.8517911434174 18.7970060110092 18.9200605154037 19.0686955451965 19.2451766729355 19.048498749733 19.0967721939087 19.347248673439 19.4773297309875 19.625103354454 19.9234856367111 20.0368576049805 20.1796375513077 20.7297446727753 21.159858584404 21.2808591127396 -9999 -9999 -9999 21.8030195236206 21.7046627998352 21.7289038896561 21.4046754837036 21.1631155014038 21.1086248159409 21.0880576372147 21.0892798900604 21.0867953300476 21.0965006351471 21.1906931400299 21.3148415088654 21.4004949331284 21.4430704116821 21.4734107255936 21.5392243862152 21.5663758516312 21.7186245918274 21.816859960556 21.8670176267624 21.8885906934738 21.8919652700424 21.9279168844223 21.9557169675827 21.9822043180466 22.0293632745743 22.1019208431244 22.1724545955658
19.0965855121613 19.0600887537003 18.9994977712631 19.0404299497604 19.0536022186279 19.129584312439 19.2935880422592 19.2298965454102 19.2124462127686 19.3172425031662 19.4185494184494 19.720482468605 19.999716758728 20.2213354110718 20.43956553936 20.7659522294998 20.8885961771011 -9999 -9999 -9999 22.1626135110855 21.7670204639435 21.4407415390015 21.503022313118 21.4342912435532 21.3834712505341 21.3479899168015 21.3054761886597 21.3026349544525 21.316589474678 21.3437225818634 21.3905376195908 21.5121405124664 21.5903748273849 21.6204154491425 21.6442263126373 21.6379631757736 21.7001706361771 21.8046123981476 21.8399529457092 21.9374376535416 22.0278047323227 22.1096900701523 22.1769590377808 22.2025240659714 22.2492597103119 22.2624615430832 22.3258072137833 22.4159934520721
19.1004023551941 19.0472029447556 19.0199782848358 19.0331423282623 19.3186676502228 19.4920699596405 19.5191352367401 19.5812011957169 19.5931743383408 19.8223389387131 19.9452738761902 20.066924571991 20.1308801174164 20.2380064725876 20.3795915842056 20.5781841278076 20.8244960308075 -9999 21.2370034456253 -9999 22.0667825937271 21.7891682386398 21.7022294998169 21.5966440439224 21.3608725070953 21.3243737220764 21.3803843259811 21.3760237693787 21.4039067029953 21.4372321367264 21.4818725585938 21.5650268793106 21.6368823051453 21.7159488201141 21.7600126266479 21.8024128675461 21.8273537158966 21.8730877637863 21.923485159874 21.9971853494644 22.0907459259033 22.1674995422363 22.1958453655243 22.2619057893753 22.328897356987 22.3718720674515 22.3956986665726 22.4501750469208 22.5497374534607
19.2005482912064 19.5977895259857 19.7424236536026 19.6779271364212 19.796239733696 19.8653471469879 19.9296172857285 19.9848854541779 20.0070267915726 20.0672434568405 20.1102004051208 20.0884193181992 20.1318482160568 20.2864072322845 20.3488508462906 20.5535807609558 20.8124312162399 20.8980305194855 21.3800812959671 21.4305022954941 -9999 -9999 -9999 21.5501618385315 21.4788274765015 21.42389523983 21.3412985801697 21.442097902298 21.5032061338425 21.6792551279068 21.8111189603806 21.9189441204071 21.9470361471176 21.9156509637833 21.9378951787949 21.9296153783798 21.9686397314072 21.9291013479233 21.9205461740494 22.0683838129044 22.1920020580292 22.243799328804 22.2737199068069 22.315588593483 22.3563250303268 22.4125607013702 22.4940813779831 22.5215883255005 22.5812746286392
19.4203028678894 19.3726245164871 19.4938333034515 19.5873914957047 19.7077468633652 19.7912992238998 19.9113373756409 20.0116173028946 20.1023378372192 20.0707253217697 20.0548403263092 20.1362172365189 20.3138533830643 20.5302820205688 20.6668169498444 20.8313105106354 21.0261986255646 21.2211537361145 21.4918818473816 21.461837887764 21.4140169620514 -9999 21.6757847070694 21.7868329286575 21.6909999847412 21.6603797674179 21.7684273719788 21.9485148191452 22.0055840015411 22.1084766387939 22.1490738391876 22.1697760820389 22.1233186721802 22.1040284633636 22.1092215776443 22.1645107269287 22.1712681055069 22.180570602417 22.188516497612 22.2651847600937 22.2864744663239 22.3470076322556 22.3755445480347 22.4077639579773 22.4127650260925 22.4828536510468 22.5885113477707 22.6331822872162 22.6171495914459
19.7000362873077 19.676549077034 19.6776156425476 19.7274869680405 19.8210546970367 19.8406635522842 19.9379148483276 20.1058310270309 20.1414965391159 20.1675449609756 20.2489900588989 20.4115842580795 20.5964114665985 20.7740504741669 20.9091655015945 21.0865706205368 21.196429848671 21.2262381315231 21.3028810024261 21.2584910392761 21.4859828948975 21.5654439926147 21.6067556142807 21.606725692749 21.6312911510468 21.7431354522705 21.8238364458084 21.9719974994659 22.1123685836792 22.2691322565079 22.3111206293106 22.2684547901154 22.224757194519 22.211733341217 22.2410427331924 22.3139681816101 22.3586381673813 22.3812299966812 22.434767127037 22.4434707164764 22.4552867412567 22.5369234085083 22.6000796556473 22.6185501813889 22.5812631845474 22.63110435009 22.6838010549545 22.7352783679962 22.7249808311462
19.9402284622192 19.9503680467606 19.9577631950378 19.9751137495041 20.013533115387 20.0701727867126 20.1520284414291 20.2247859239578 20.3029792308807 20.398567199707 20.5078098773956 20.62604367733 20.8220639228821 20.9719438552856 21.106094121933 21.1663089990616 21.1457413434982 21.1842502355576 21.3198033571243 21.3606470823288 21.5058259963989 21.6156975030899 21.6462806463242 21.7433519363403 21.9347509145737 21.9895526170731 22.0357147455215 22.0981613397598 22.19164955616 22.3661745786667 22.3782076835632 22.387934923172 22.3754141330719 22.3752208948135 22.3749504089355 22.3733018636703 22.3757684230804 22.4262256622314 22.4936257600784 22.5863529443741 22.6687166690826 22.7143338918686 22.7311421632767 22.796189904213 22.8092839717865 22.8067889213562 22.8175910711288 22.8359823226929 22.853468298912
20.1183537244797 20.1561393737793 20.1800025701523 20.1812453269958 20.2558205127716 20.3263276815414 20.3802613019943 20.4500806331635 20.5276446342468 20.611487865448 20.7116105556488 20.8777670860291 21.0571888685226 21.1497654914856 21.1639710664749 21.1556720733643 21.2129343748093 21.3296607732773 21.4550888538361 21.546771645546 21.6391587257385 21.7658679485321 21.9723451137543 22.0165927410126 22.0009199380875 22.094055891037 22.171159029007 22.2798051834106 22.4173158407211 22.5603933334351 22.540899515152 22.5095882415771 22.5389523506165 22.5703496932983 22.5582767724991 22.5440604686737 22.5281649827957 22.5709638595581 22.5786446332932 22.6230084896088 22.6758886575699 22.706778883934 22.7864688634872 22.9231318235397 22.9664323329926 22.9956803321838 22.9920110702515 22.9526877403259 22.9394273757935
20.2938270568848 20.2775045633316 20.2834708690643 20.3012895584106 20.3584963083267 20.3786298036575 20.4812824726105 20.5770381689072 20.6462323665619 20.7344408035278 20.8636703491211 21.0285365581512 21.1461310386658 21.1785449981689 21.2435729503632 21.2810214757919 21.3666017055511 21.483070731163 21.6496465206146 21.7680771350861 21.884623169899 21.9767866134644 22.0746327638626 22.2270818948746 22.2298995256424 22.2572288513184 22.3711194992065 22.4681495428085 22.5904929637909 22.7627323865891 22.7888103723526 22.7924721240997 22.8554556369781 22.8799526691437 22.8248304128647 22.8046944141388 22.7878972291946 22.7777193784714 22.8249258995056 22.848087310791 22.8381435871124 22.8498026132584 22.9098581075668 23.0047191381454 23.1239005327225 23.1632889509201 23.1488395929337 23.1397829055786 23.1144456863403
20.4991984367371 20.4155631065369 20.4691339731216 20.504718542099 20.5345666408539 20.5334820747375 20.6037364006042 20.6918914318085 20.8268653154373 20.939062833786 21.0200238227844 21.0641803741455 21.1050543785095 21.2059767246246 21.348733663559 21.4897068738937 21.5930488109589 21.7177768945694 21.8458257913589 21.9838707447052 22.0955675840378 22.2015022039413 22.2446781396866 22.3583836555481 22.3763097524643 22.3713265657425 22.4327774047852 22.5416281223297 22.6800869703293 22.8366029262543 22.8902651071548 22.8952929973602 22.9198199510574 23.0365458726883 23.1097548007965 23.1289179325104 23.1045851707458 23.0512570142746 23.0183837413788 22.9972001314163 22.9824866056442 22.983039021492 23.1055272817612 23.1664037704468 23.2286612987518 23.2447564601898 23.2438147068024 23.22250020504 23.1992818117142
21.0311764478683 20.8956581354141 20.8540185689926 20.8334691524506 20.7807565927505 20.6804368495941 20.6727631092072 20.7918809652328 20.8988012075424 21.0049868822098 21.0529644489288 21.1254590749741 21.1776809692383 21.3049553632736 21.4630467891693 21.6141668558121 21.6948665380478 21.8348072767258 21.9628114700317 22.0484470129013 22.1269419193268 22.2098574638367 22.3211127519608 22.4477831125259 22.4643393754959 22.4741892814636 22.5423048734665 22.598848938942 22.6960293054581 22.7938032150269 22.7996433973312 22.7930806875229 22.8778567314148 22.9568102359772 23.099463224411 23.3215628862381 23.355637550354 23.2680797576904 23.1475809812546 23.1014975309372 23.0930134057999 23.1156812906265 23.1485909223557 23.2204576730728 23.3122892379761 23.3492311239243 23.3642530441284 23.3221110105515 23.2499479055405
21.2840461730957 21.2410862445831 21.1631587743759 21.0528455972672 20.9966673851013 20.9161639213562 20.8345137834549 20.837317943573 20.8437179327011 20.8851108551025 20.9663052558899 21.0269583463669 21.0718555450439 21.1719717979431 21.3014912605286 21.5132741928101 21.713855266571 21.8674076795578 21.9467930793762 22.0884512662888 22.234933257103 22.3929427862167 22.5022847652435 22.5858559608459 22.5857008695602 22.5618901252747 22.6418825387955 22.7299263477325 22.7913924455643 22.7870116233826 22.813437461853 22.8191215991974 22.8846848011017 23.0452923774719 23.2208598852158 23.3135721683502 23.3811070919037 23.3296158313751 23.2764164209366 23.2672168016434 23.2791594266891 23.3326724767685 23.3602061271667 23.4420676231384 23.5632780790329 23.6934967041016 23.6974511146545 23.5979269742966 23.4916926622391
21.3967666625977 21.3758742809296 21.3020833730698 21.2529547214508 21.2027689218521 21.0980271100998 21.0341165065765 20.9987334012985 20.981433391571 20.969907283783 21.0087077617645 21.0230740308762 21.0760614871979 21.1576840877533 21.2876795530319 21.4659596681595 21.6538739204407 21.7741272449493 21.9174976348877 22.10591340065 22.3189072608948 22.4637628793716 22.5892641544342 22.6549023389816 22.7026739120483 22.7049075365067 22.7576253414154 22.8850899934769 22.939713716507 22.9284071922302 22.914780497551 22.9499990940094 23.0225130319595 23.1433820724487 23.1821199655533 23.2653338909149 23.2553200721741 23.2948964834213 23.3884315490723 23.4665797948837 23.4744011163712 23.5038907527924 23.4972313642502 23.5868570804596 23.7222912311554 23.8278076648712 23.8002218008041 23.7307547330856 23.633874297142
21.4313495159149 21.4452365636826 21.4548462629318 21.4499784708023 21.3935567140579 21.3661420345306 21.3601291179657 21.2720160484314 21.1849663257599 21.1153517961502 21.0676137208939 21.1120762825012 21.2263886928558 21.3223246335983 21.4397780895233 21.5637763738632 21.6564385890961 21.8196246623993 22.0188934803009 22.2110600471497 22.2815964221954 22.3733043670654 22.4833116531372 22.6605155467987 22.7685573101044 22.8121149539948 22.8285394906998 22.8901880979538 23.0075052976608 23.0394840240479 23.0428719520569 23.0368157625198 23.0844868421555 23.188042640686 23.2384201288223 23.2688829898834 23.2678124904633 23.3917981386185 23.5289615392685 23.6061371564865 23.6064598560333 23.600438952446 23.6010304689407 23.6827087402344 23.7549222707748 23.8143150806427 23.7986524105072 23.7456446886063 23.7439213991165
21.5581129789352 21.600391626358 21.5782730579376 21.5422837734222 21.5155942440033 21.45953977108 21.4350552558899 21.3702481985092 21.3142549991608 21.2598366737366 21.2093921899796 21.1869601011276 21.2631750106812 21.4549100399017 21.6451594829559 21.7908246517181 21.8805278539658 21.9309344291687 22.101991891861 22.3057168722153 22.4199552536011 22.547480225563 22.6725332736969 22.7933716773987 22.8279802799225 22.843666434288 22.8820940256119 22.9628229141235 23.0153245925903 23.1016566753387 23.1294755935669 23.1316817998886 23.15827023983 23.2734280824661 23.3154088258743 23.3419705629349 23.4132906198502 23.5893684625626 23.6772923469543 23.7248765230179 23.694554567337 23.7117595672607 23.748970746994 23.7863419055939 23.7726142406464 23.7935734987259 23.8121783733368 23.8478569984436 23.8969576358795
21.6342819929123 21.6220808029175 21.5730142593384 21.5394196510315 21.4844717979431 21.4432889223099 21.4371200799942 21.4007041454315 21.4153935909271 21.4632586240768 21.4472762346268 21.3947824239731 21.4437252283096 21.6048312187195 21.7924147844315 22.0068885087967 22.2158778905869 22.2813085317612 22.3636975288391 22.4769045114517 22.6124074459076 22.6797618865967 22.7156561613083 22.8320599794388 22.8511834144592 22.8875637054443 22.9288383722305 22.9904264211655 23.0337066650391 23.0742797851562 23.1230137348175 23.1665726900101 23.268427491188 23.3486919403076 23.3676496744156 23.3981796503067 23.5323398113251 23.6787912845612 23.7677222490311 23.8183685541153 23.8230457305908 23.844221830368 23.8848868608475 23.8912992477417 23.8727784156799 23.8810956478119 23.9454265832901 24.0215290784836 24.104926109314
21.6045154333115 21.6013551950455 21.5462001562119 21.5017529726028 21.483130812645 21.531623840332 21.559103012085 21.5532950162888 21.6028488874435 21.6932055950165 21.6719987392426 21.6661380529404 21.7116812467575 21.841112613678 21.9709497690201 22.1824703216553 22.3890601396561 22.4906975030899 22.5380046367645 22.5759099721909 22.5758802890778 22.6288744211197 22.6831113100052 22.7878909111023 22.8704117536545 22.9171327352524 23.0288326740265 23.077957034111 23.152166724205 23.1704868078232 23.1747914552689 23.2597639560699 23.3687487840652 23.450443983078 23.4896280765533 23.5513892173767 23.6155737638474 23.6930506229401 23.8228430747986 23.8602985143661 23.8709374666214 23.9187862873077 23.9693423509598 24.0168540477753 24.0610101222992 24.0989543199539 24.1488902568817 24.2208912372589 24.3061966896057
21.6521010398865 21.6652826070786 21.6664727926254 21.629524230957 21.6304502487183 21.6798188686371 21.7057482004166 21.710193157196 21.7728835344315 21.8216478824615 21.8373503684998 21.8684159517288 21.9463006258011 22.0270340442657 22.101833820343 22.2233082056046 22.4053443670273 22.5945899486542 22.6803506612778 22.6804064512253 22.6107002496719 22.6615660190582 22.7624278068542 22.8884080648422 22.9561904668808 22.9965182542801 23.092001914978 23.1544139385223 23.2228356599808 23.2816302776337 23.3357605934143 23.4394258260727 23.4856071472168 23.5055577754974 23.5167391300201 23.5282726287842 23.5796747207642 23.6661986112595 23.8363003730774 23.9411885738373 23.9572622776031 23.9805436134338 24.0475533008575 24.1729444265366 24.2502815723419 24.2524209022522 24.2707736492157 24.3416343927383 24.3893439769745
21.7450355291367 21.790568113327 21.8724601268768 21.9025272130966 21.8651778697968 21.853382229805 21.8394047021866 21.8158643245697 21.7930779457092 21.8060455322266 21.8667795658112 21.9857939481735 22.1383930444717 22.1944278478622 22.2875705957413 22.4641507863998 22.5867581367493 22.7171447277069 22.7943444252014 22.7918028831482 22.7206692695618 22.7420694828033 22.8142787218094 22.9133591651917 22.9654183387756 23.0672827959061 23.1636644601822 23.2612054347992 23.3006975650787 23.3850240707397 23.4583619832993 23.4977231025696 23.5200088024139 23.525511264801 23.580867767334 23.6313314437866 23.6861066818237 23.7504801750183 23.8661733865738 23.9448229074478 23.9408611059189 23.9925853013992 24.1190271377563 24.2775849103928 24.3128921985626 24.3453052043915 24.3852949142456 24.473818063736 24.4942514896393
21.9018353223801 21.9527580738068 22.0367267131805 22.0718270540237 22.0149120092392 21.9964191913605 21.9451584815979 21.9125093221664 21.8155502080917 21.8215355873108 21.9379111528397 22.1132888793945 22.2419617176056 22.2870490550995 22.3998950719833 22.6350600719452 22.7559034824371 22.7691245079041 22.8043439388275 22.827539563179 22.8121314048767 22.8086888790131 22.8064187765121 22.8716737031937 22.999933719635 23.1342074871063 23.2600908279419 23.375804066658 23.3823488950729 23.4118510484695 23.4557807445526 23.4429838657379 23.4790984392166 23.5675144195557 23.6553204059601 23.7422635555267 23.7531327009201 23.7081484794617 23.7893834114075 23.8826353549957 23.935822725296 23.9793890714645 24.0978667736053 24.2775906324387 24.3873677253723 24.4499468803406 24.4439581632614 24.545630812645 24.5943731069565
