data/past_env/bio5_avg_1994_2009.asc
NCOLS 664 
NROWS 380 
XLLCORNER 3.91666666666667 
YLLCORNER 55.3333333333333 
CELLSIZE 0.0416666666666667 
NODATA_value -9999 
[rows 176 to 197 of 380, columns 245 to 293 of 664]
17.153423845768 17.5976129174232 18.1180517077446 18.1444386839867 18.4170237779617 18.6213580369949 18.6519438028336 18.8632780313492 19.0563631057739 19.1806981563568 19.1232833862305 18.935738325119 18.8142037391663 18.6382927894592 18.5110685825348 18.6903994083405 18.8962833881378 19.0711675882339 19.2450993061066 19.3801099061966 19.4593696594238 19.4781292676926 19.5391391515732 19.5581510066986 19.4936606884003 19.3919221162796 19.5121821165085 19.6615718603134 19.8090897798538 19.9191081523895 20.079626083374 20.1358940601349 20.1701619625092 20.1801809072495 20.1924483776093 20.1714673042297 20.2895132303238 20.5229618549347 20.5644094944 20.5819613933563 20.7091144323349 20.6482663154602 20.5084203481674 20.6100733280182 20.8557258844376 20.8008790016174 20.4785308837891 20.6651841402054 20.8988370895386
17.2092949748039 17.0144575238228 17.4083696603775 17.7925701737404 18.5340559482574 18.678292632103 18.5265295505524 18.5503417253494 18.683088183403 19.0468324422836 19.2085775136948 19.2303223609924 19.274068236351 19.1938120126724 18.7595574855804 18.8599733114243 18.8930593729019 18.9941458702087 19.2232316732407 19.3490741252899 19.5064313411713 19.633539557457 19.6686465740204 19.710254073143 19.7916133403778 19.751470208168 19.7273279428482 19.8611402511597 19.8419046401978 19.8674199581146 19.9781849384308 20.1474508047104 20.2694667577744 20.3500765562057 20.2585448026657 20.2192624807358 20.3464838266373 20.4459526538849 20.5979210138321 20.4244589805603 20.4385650157928 20.4116718769073 20.6062794923782 20.8323849439621 20.8469928503036 20.8915984630585 20.991205573082 21.0158123970032 21.1014170646667
17.2808241248131 17.0980739593506 17.3308241963387 18.0780633091927 18.6072925329208 18.6412731409073 18.7107744216919 18.7730255126953 18.8584588766098 18.865198135376 19.0519374608994 19.3746758699417 19.5055248737335 19.4041543006897 19.1958932876587 19.2303406000137 19.260687828064 19.271878361702 19.3863184452057 19.5017589330673 19.5511999130249 19.5693901777267 19.6568323373795 19.7690228223801 19.9532136917114 20.0866543054581 20.0958453416824 20.0867606401443 20.0539000034332 19.9517560005188 19.9183386564255 20.0469201803207 20.2475020885468 20.3855837583542 20.4196670055389 20.4372475147247 20.4458286762238 20.495411157608 20.5504928827286 20.5621823072433 20.60697889328 20.7167748212814 20.6800715923309 20.7443672418594 20.7256630659103 20.6654582023621 20.8552557229996 21.1280516386032 21.0113469362259
17.8767620921135 18.1137118339539 18.1841613054276 18.1313861608505 18.4729835987091 18.6572985649109 18.70649933815 18.7924299240112 19.0302203893661 19.2717624902725 19.2780394554138 19.2088471651077 19.4916384220123 19.290181517601 19.3077237606049 19.3616255521774 19.1248835325241 19.061644077301 19.1624045372009 19.3294142484665 19.4819246530533 19.5061837434769 19.5929437875748 19.7349544763565 19.9670548439026 20.110461473465 20.1689839363098 20.2124664783478 20.1957544088364 20.1900403499603 20.1233284473419 20.0911157131195 20.1004023551941 20.2266898155212 20.3244776725769 20.446765422821 20.4635518789291 20.3423401117325 20.4836266040802 20.4801312685013 20.4783532619476 20.5560747385025 20.5887959003448 20.3495177030563 20.4717382192612 20.6984592676163 20.9056811332703 20.6539019346237 20.6891249418259
17.6205381155014 17.9483914375305 18.2102441191673 18.5536445379257 18.6456582546234 18.7548253536224 18.9314758777618 18.8233768939972 18.7508600950241 19.0368150472641 19.2780854701996 19.4959188699722 19.5665037631989 19.5863362550735 19.5822627544403 19.4926662445068 19.2505818605423 19.0826612710953 19.0777406692505 19.0940248966217 19.0006350278854 18.9142431020737 19.0663529634476 19.4439615011215 19.7400718927383 19.9261791706085 20.0582883358002 20.1598397493362 20.2053326368332 20.2163246870041 20.2578181028366 20.3223115205765 20.3073033094406 20.3182969093323 20.3917899131775 20.3607831001282 20.4142739772797 20.1912672519684 20.1592602729797 20.1595802307129 20.0667266845703 20.2623730897903 20.6105198860168 20.5541669130325 20.660814166069 20.7319600582123 20.7621073722839 20.6482552289963 20.470401763916
18.7637346982956 18.4249893426895 18.6262440681458 18.8569023609161 19.1563687324524 19.188583612442 19.2065496444702 19.0455148220062 18.8344801664352 18.7956949472427 18.9649112224579 19.2344042062759 19.5006830692291 19.6999629735947 19.7418991327286 19.6573894023895 19.3613090515137 19.1929090023041 19.1077207326889 19.0545315742493 18.8288420438766 18.6916537284851 18.7294653654099 19.0497748851776 19.4300872087479 19.7078973054886 19.8652100563049 20.0497133731842 20.1964124441147 20.2966108322144 20.2973092794418 20.3250072002411 20.3747050762177 20.4334027767181 20.3906017541885 20.3142995834351 20.3829988241196 20.3551968336105 20.2768944501877 20.2265281677246 20.044100522995 20.1746735572815 20.1837449073792 20.3478171825409 20.6254658699036 20.7699625492096 20.6440335512161 20.6195958852768 20.7708064317703
19.1489304304123 19.1945873498917 19.2562446594238 19.3551601171494 19.5517116785049 19.5827616453171 19.5025622844696 19.4046142101288 19.0569138526917 18.8517158031464 18.8300168514252 18.9055675268173 19.2131171226501 19.5762795209885 19.7742202281952 19.7018588781357 19.4414987564087 19.2400114536285 19.0707916021347 18.7530370950699 18.8380497694016 18.9870634078979 18.9755773544312 19.1010891199112 19.1541020870209 19.3331158161163 19.680128455162 19.9465864896774 20.1104902029037 20.2303944826126 20.2482987642288 20.2412025928497 20.2001053094864 20.300509095192 20.4124121665955 20.3453168869019 20.2952198982239 20.1221227645874 19.9600276947021 20.1444772481918 20.2684760093689 20.2709717750549 20.1899696588516 20.4152652025223 20.6266607046127 20.587557554245 20.5502051115036 20.6051006317139 20.6587476730347
18.7941256761551 19.1017504930496 19.394401550293 19.4786690473557 19.5748051404953 19.7401906251907 19.8415766954422 19.7082133293152 19.4293485879898 19.1234859228134 18.9781212806702 19.0790079832077 19.146892786026 19.4080290794373 19.7249156236649 19.7116708755493 19.4045438766479 19.2861684560776 19.1247905492783 18.6394146680832 18.5937876701355 18.7431622743607 18.7216883897781 18.8569034337997 18.983118891716 19.1723337173462 19.3465496301651 19.6889616250992 19.8135694265366 19.9461786746979 20.2662891149521 20.2928980588913 20.2055060863495 20.2501151561737 20.3847241401672 20.2063329219818 20.1864428520203 20.1450513601303 20.1011600494385 19.83742582798 19.8078492879868 20.1133544445038 20.2444384098053 19.9312723875046 20.0918560028076 20.4126892089844 20.4510222673416 20.5831063985825 20.7229402065277
18.3483214974403 18.9741199016571 19.4914165735245 19.6556761264801 19.7813979387283 19.838120341301 19.8720914125443 19.9620623588562 19.8282835483551 19.4272552728653 19.2217262983322 19.2146985530853 19.3596694469452 19.5136414766312 19.7108620405197 19.7597326040268 19.3707529306412 19.2832707166672 19.3855401277542 19.1623095273972 18.9955773353577 18.9558475017548 18.9421155452728 19.0483845472336 19.1254041194916 19.2939242124557 19.4556916952133 19.6856249570847 19.6982228755951 19.9155697822571 20.2852792739868 20.3570926189423 20.2224073410034 20.1562212705612 20.225035905838 20.3288507461548 20.1931654214859 20.1154799461365 20.1156451702118 19.9666979312897 19.8922234773636 20.0509895086288 20.1875089406967 19.9120306968689 19.7350506782532 20.1680715084076 20.0808416604996 20.16286277771 20.4388833045959
19.5025414228439 19.5319879055023 19.6211832761765 19.7671858072281 19.8027420043945 19.929548740387 19.9828553199768 19.9956612586975 20.0045465230942 19.9259994029999 19.6714508533478 19.4641528129578 19.4346958398819 19.6045553684235 19.7332582473755 19.9702951908112 19.6864594221115 19.3886243104935 19.5755386352539 19.5804531574249 19.3243684768677 19.2227822542191 19.2424479722977 19.2916125059128 19.2762765884399 19.3401908874512 19.518105506897 19.9127159118652 20.0565205812454 20.1198265552521 20.225767493248 20.3757879734039 20.4318082332611 20.1423281431198 20.246355175972 20.1903668642044 19.9930272102356 20.1490579843521 20.2223390340805 20.2949585914612 20.1321654319763 19.9566233158112 20.0700795650482 20.1000369787216 19.6642456054688 19.8054534196854 19.9371610879898 19.8301181793213 20.0470762252808
19.6142629384995 19.6918566226959 19.8189505338669 19.8196933269501 19.7650852203369 19.7159764766693 19.7403025627136 19.8191331624985 19.9039633274078 19.9405447244644 20.0061248540878 20.0402045249939 20.0062856674194 20.0033662319183 19.8614472150803 19.9226129055023 20.0441160202026 19.8712277412415 19.9135380983353 19.9623484611511 19.8876579999924 19.5879683494568 19.5297776460648 19.2958396673203 19.2491493225098 19.4249588251114 19.6797690391541 20.0363067388535 20.2768199443817 20.2960839271545 20.2357585430145 20.2204831838608 20.2457090616226 20.1999340057373 20.3441586494446 20.5713849067688 20.5840816497803 20.4683352708817 20.6172831058502 20.3822734355927 20.0696114301682 20.229257106781 20.2526510953903 19.9690454006195 19.8641902208328 19.6048345565796 19.7722289562225 19.841123342514 19.786768078804
19.6692329645157 19.6747242212296 19.7894666194916 19.8365837335587 19.7744278907776 19.7777537107468 19.9374620914459 20.005170583725 19.9881298542023 19.8955892324448 19.8252993822098 19.9472585916519 20.1349672079086 19.9336763620377 19.5968853235245 19.4948832988739 19.679670214653 20.2084567546844 20.3129929304123 20.4002795219421 20.3478150367737 20.2601538896561 20.0458600521088 19.5263149738312 19.4035212993622 19.4834773540497 19.8371822834015 20.1521461009979 20.3036193847656 20.2693405151367 20.2243127822876 20.2160339355469 20.2170060873032 20.1749792098999 20.0524700880051 20.014901638031 20.3316341638565 20.8343054056168 20.8299765586853 20.6379777193069 20.4134614467621 20.6176158189774 20.4097706079483 20.2330532073975 20.3643311262131 19.9937168359756 19.8067972660065 19.9531285762787 20.1217103004456
19.8224306106567 19.8468428850174 19.8926372528076 19.9661059379578 19.9291945695877 19.864533662796 19.9443712234497 20.1762082576752 20.1887975931168 20.038135766983 20.0082224607468 20.0628103017807 20.0928994417191 20.2182376384735 20.0378251075745 19.8844040632248 20.013974905014 20.1620454788208 20.2153655290604 20.3361376523972 20.4757388830185 20.5230896472931 20.5106464624405 20.0904681682587 19.8266435861588 19.7767444849014 19.9195955991745 20.1717369556427 20.3634179830551 20.4383469820023 20.3242779970169 20.2319384813309 20.206849694252 20.1797606945038 20.2461708784103 20.1718317270279 20.4427436590195 20.5476545095444 20.9480654001236 20.7767959833145 20.2238478660583 20.6456487178802 20.5147004127502 19.883250951767 19.9968020915985 20.2553541660309 20.0896544456482 19.9338854551315 20.0062574148178
19.630301117897 19.5997742414474 19.6702462434769 19.8054323196411 19.9200968742371 19.9225630760193 19.8897799253464 20.0617455244064 20.1662131547928 19.8771800994873 19.7296472787857 19.9388647079468 19.9535804986954 19.9082977771759 19.8542641401291 19.8561747074127 19.9855293035507 20.0418834686279 20.059739112854 20.1050926446915 20.3074482679367 20.4115529060364 20.4321563243866 20.4980118274689 20.558516740799 20.450263261795 20.4482597112656 20.2508268356323 20.3372168540955 20.4565258026123 20.4093843698502 20.6177439689636 20.4588530063629 20.4517118930817 20.3675715923309 20.0549309253693 20.1550390720367 20.2648992538452 20.4870079755783 20.7085362672806 20.7334834337234 20.9776813983917 21.0328797101974 20.3780761957169 20.2687743902206 20.4864721298218 20.4461697340012 20.2941182851791 20.1423151493073
19.6983525753021 19.6527688503265 19.6501867771149 19.7105079889297 19.7337336540222 19.759370803833 19.833903670311 19.9077014923096 19.99223279953 19.9350157976151 19.8840473890305 19.9858292341232 20.0321115255356 19.6706439256668 19.6116765737534 19.629935503006 19.7479250431061 19.9456648826599 20.1719024181366 20.2978929281235 20.2428814172745 20.1213698387146 20.227358341217 20.4288477897644 20.5894011259079 20.5410505533218 20.6501996517181 20.8200261592865 20.9389593601227 20.8377529382706 20.3877433538437 20.3849846124649 20.5999464988708 20.6131325960159 20.6730650663376 20.5790009498596 20.7014344930649 20.2386186122894 20.2285537719727 20.3203774690628 20.2643404006958 20.7488040924072 21.305268406868 20.9222322702408 20.6446950435638 20.7039086818695 21.041622877121 21.123086810112 20.8167991638184
19.8103687763214 19.7371621131897 19.7320683002472 19.7454289197922 19.7477786540985 19.7900898456573 19.8169002532959 19.8527104854584 19.8061052560806 19.736389040947 19.9304239749908 20.14570748806 20.1877416372299 19.9590264558792 19.5755598545074 19.5346896648407 19.710911989212 19.8408862352371 19.9693593978882 20.0948324203491 20.2238057851791 20.2985283136368 20.293001294136 20.4052255153656 20.5156983137131 20.6029207706451 20.5383945703506 20.6911996603012 20.7828358411789 20.7524728775024 20.8818596601486 20.8437453508377 20.9231326580048 21.0960184335709 20.904655456543 20.82779276371 21.0496785640717 21.0043151378632 20.8104519844055 21.1073206663132 21.0649200677872 21.1242680549622 21.3491181135178 21.4364657402039 20.923815369606 20.3266643285751 20.7355130910873 21.4086122512817 21.3857114315033
19.9087855815887 20.0147321224213 20.0114288330078 19.9462968111038 19.934721827507 19.9303681850433 19.9968965053558 19.9534422159195 19.8574774265289 19.8442625999451 19.9270504713058 20.0275857448578 20.2131232023239 20.2311589717865 20.1099448204041 19.9299414157867 19.8326497077942 19.8366068601608 19.877564907074 19.8962715864182 19.9499802589417 19.9814375638962 20.1193944215775 20.2491017580032 20.4743093252182 20.5420179367065 20.3447242975235 20.4108735322952 20.3329626321793 20.3138015270233 20.3331409692764 20.3594794273376 20.5093175172806 20.7789072990417 20.8187457323074 20.7215847969055 20.7101743221283 20.7657634019852 21.0013508796692 20.904762506485 20.8479969501495 21.1199816465378 21.2099660634995 21.3372006416321 21.2399353981018 20.7664198875427 20.9014041423798 21.2933875322342 21.5406223535538
19.9836294651031 20.1490831375122 20.259537935257 20.1581590175629 20.1684457063675 20.1592351198196 20.1177726984024 19.9528113603592 19.8938500881195 19.7911386489868 19.570925951004 19.4897137880325 19.4977533817291 19.6655408143997 20.1453294754028 20.2779446840286 19.9748865365982 19.8958290815353 20.1210205554962 20.1657118797302 20.0949034690857 20.0308454036713 20.0100381374359 20.0634806156158 19.9741719961166 20.0526143312454 20.3788057565689 20.222797870636 20.1620893478394 20.0946296453476 20.2579206228256 20.3984618186951 20.5055032968521 20.1697942018509 20.2530845403671 20.3686265945435 20.3874176740646 20.5889595746994 20.7097498178482 20.6104552745819 20.2608247995377 20.5651952028275 20.7623153924942 20.3691844940186 20.7093051671982 20.8669242858887 20.6580438613892 20.4689141511917 20.8822833299637
19.8847236633301 20.0884345769882 20.2311456203461 20.2960205078125 20.3358108997345 20.3761012554169 20.3223915100098 20.1241807937622 20.0722204446793 20.0432616472244 19.7643018960953 19.6235924959183 19.5278830528259 19.6659235954285 19.8657138347626 20.0014470815659 20.1978735923767 20.0512989759445 19.9712264537811 20.1671521663666 20.0878283977509 20.0240049362183 20.0281807184219 19.9873579740524 20.1187839508057 20.1377100944519 19.9891368150711 20.019721865654 20.3639656305313 20.181458234787 20.2092018127441 20.3561952114105 20.2234381437302 20.2274314165115 20.0224257707596 19.9616692066193 20.1034113168716 20.4866559505463 20.4603981971741 20.4056482315063 20.5021535158157 20.3869081735611 20.7264147996902 20.4744197130203 20.4224244356155 20.828430056572 20.858434677124 20.8696908950806 21.054945230484
19.9183189868927 20.060035943985 20.1367530822754 20.2556329965591 20.3909251689911 20.4959675073624 20.4077590703964 20.415302157402 20.1405940055847 20.1116361618042 20.1286790370941 19.8949716091156 19.772763967514 19.746556520462 19.9035977125168 20.020200252533 20.0643594264984 19.9700217247009 19.8939312696457 20.1010918617249 20.0602532625198 19.8776643276215 20.1678249835968 20.1367357969284 20.2393964529037 20.4655560255051 20.3307173252106 20.275896191597 20.1355912685394 20.4185366630554 20.1762322187424 20.4406784772873 19.9871242046356 20.2725702524185 20.0705159902573 20.0784615278244 20.2239071130753 20.428102016449 20.4652971029282 20.2168402671814 20.1574819087982 20.2751222848892 20.3707625865936 20.7299035787582 20.8795436620712 20.9721847772598 21.0990751981735 21.1469650268555 21.1731060743332
19.2021621465683 19.7138874530792 20.1733602285385 20.3609948158264 20.4900382757187 20.601332783699 20.401878118515 20.4939218759537 20.2857172489166 20.2037607431412 20.3168059587479 20.2950993776321 20.0561443567276 19.9284389019012 19.9684827327728 20.0519518852234 20.0548466444016 20.0629914999008 19.8821378946304 19.8835322856903 20.2079272270203 20.0410733222961 20.1199682950974 20.2073632478714 20.3487575054169 20.3681526184082 20.4212976694107 20.2765700817108 20.0227165222168 20.2213662862778 20.4135128259659 20.460660815239 20.4030591249466 20.4207073450089 20.363605260849 20.273252248764 20.3421512842178 20.3112986087799 20.5059456825256 20.3962841033936 20.5010592937469 20.498835682869 20.3923622369766 20.6336374282837 20.8991634845734 20.790439248085 21.0514653921127 21.1504926681519 21.272767663002
19.2992577552795 19.3197381496429 19.4304691553116 19.9176063537598 20.456903219223 20.556449174881 20.4334964752197 20.3922928571701 20.2295887470245 20.1828840970993 20.3341820240021 20.2834776639938 20.1327737569809 20.1740703582764 20.2936174869537 20.2359557151794 20.03433406353 19.9832136631012 20.0843425989151 20.1074724197388 19.9786021709442 20.2997310161591 20.3558609485626 20.2072410583496 19.9711199998856 20.1577489376068 20.5098782777786 20.3779929876328 20.5203436613083 20.3849440813065 20.570293545723 20.8948938846588 20.6764941215515 20.7660939693451 20.9796942472458 20.7582950592041 20.6283946037292 20.5694954395294 20.6548455953598 20.5669763088226 20.491387963295 20.446549654007 20.4694600105286 20.5921231508255 20.8372832536697 20.9941954612732 21.1073559522629 21.0897672176361 20.9166798591614
