data/past_env/bio5_avg_1994_2009.asc
NCOLS 664 
NROWS 380 
XLLCORNER 3.91666666666667 
YLLCORNER 55.3333333333333 
CELLSIZE 0.0416666666666667 
NODATA_value -9999 
[rows 110 to 131 of 380, columns 392 to 440 of 664]
20.1061222553253 20.356364607811 20.5961079597473 20.7758511304855 21.1788395643234 21.3769617080688 20.9915852546692 20.6287080049515 20.3660809993744 20.2749534845352 20.4323263168335 20.3934489488602 20.2137941122055 20.2384967803955 20.3314266204834 20.4013547897339 20.3962842226028 20.3712128400803 20.4221408367157 20.4332679510117 20.4930866956711 20.3889030218124 20.2689712047577 20.1400399208069 19.9946322441101 19.8130013942719 19.8388406038284 19.8649146556854 19.8436383008957 19.8610622882843 19.8016713857651 19.7697724103928 19.7428886890411 19.7573952674866 19.8374322652817 19.7433799505234 19.7279834747314 19.9481037855148 20.1745096445084 20.3124922513962 20.4927577972412 20.6440237760544 20.7247892618179 20.8528039455414 20.9928206205368 21.1503360271454 21.1298521757126 21.1201175451279 21.2232358455658
20.6949112415314 20.6231772899628 20.7476562261581 20.8947865962982 20.9361659288406 21.1570475101471 21.458177447319 21.2820570468903 20.861686706543 20.7628171443939 20.7676966190338 20.7545778751373 20.4144076108932 20.4745961427689 20.5487855672836 20.5489752292633 20.5591647624969 20.5963537693024 20.4974511861801 20.4352660179138 20.5515837669373 20.4093987941742 20.2519663572311 20.1327838897705 20.0321860313416 20.0319442749023 20.1140398979187 20.0688148736954 19.8788682222366 19.729204416275 19.885528922081 20.0071040391922 19.7329442501068 19.7997833490372 19.8986315727234 19.9566136598587 19.9267963171005 19.8419477939606 19.8781774044037 20.1897506713867 20.3522491455078 20.4744975566864 20.5787454843521 20.6079934835434 20.5227423906326 20.7444913387299 21.0114891529083 21.2839865684509 21.3577123880386
20.7302004098892 20.7575831413269 20.7489694356918 20.983607172966 21.1854953765869 21.2331315279007 21.2477684020996 21.4976567029953 21.5019081830978 21.2116550207138 20.8415685892105 20.8952057361603 20.9968074560165 20.9773727655411 20.8701453208923 20.7445951700211 20.7140690088272 20.7141346931458 20.757948756218 20.5267653465271 20.425830245018 20.3678954839706 20.2704608440399 20.1392759084702 20.249737739563 20.2520773410797 20.2289942502975 20.2324140071869 20.1595325469971 19.7906510829926 19.7595204114914 19.9486144781113 20.0130591392517 20.0789614915848 20.0551134347916 20.1202646493912 20.0857387781143 19.7777842283249 19.752778172493 20.0297595262527 20.045490026474 20.0814716815948 20.3187024593353 20.270182967186 20.2481635808945 20.4211457967758 20.882625579834 21.1113564968109 21.2919375896454
20.6349939107895 20.7681375741959 20.7800327539444 20.8359272480011 20.9490714073181 21.1232171058655 21.3458608388901 21.4097567796707 21.5726511478424 21.7102770805359 21.3424401283264 21.0563341379166 21.1393147706985 21.1608780622482 21.1874424219131 21.0245070457458 20.9143198728561 20.7496343851089 20.7844492197037 20.7597638368607 20.3943277597427 20.4746421575546 20.5549558401108 20.4277703762054 20.2815408706665 20.3475098609924 20.4239991903305 20.2912384271622 20.1884771585464 19.9412173032761 19.8944449424744 19.8186241388321 19.9970706701279 20.269199848175 20.4368276596069 20.4057062864304 20.3356795310974 19.9057064056396 20.0538588762283 20.0317678451538 19.6684815883636 19.9936950206757 20.1499085426331 20.0923726558685 20.1193361282349 20.3947992324829 20.702262878418 21.0444775819778 21.1896631717682
20.7815424203873 20.8964438438416 20.9178459644318 20.9342484474182 21.0846508741379 21.2678009271622 21.3314538002014 21.24085521698 21.2287572622299 21.4641598463058 21.6540613174438 21.5475292205811 21.2565692663193 21.2331320047379 21.1706963777542 21.2598340511322 21.191571354866 20.9248856306076 20.8969489336014 20.751011133194 20.7818236351013 20.8191378116608 20.7337012290955 20.6235146522522 20.4893437623978 20.3865737915039 20.5167417526245 20.5386602878571 20.3570785522461 19.969496011734 19.8289762735367 19.9031323194504 20.0055820941925 20.1799376010895 20.5742928981781 20.6876493692398 20.7200405597687 20.5467466115952 20.3770805597305 20.2652776241302 20.0664731264114 20.1476699113846 20.1916154623032 20.0660619735718 19.9810087680817 20.301704287529 20.4229007959366 20.831597328186 21.1193881034851
20.4708405733109 20.8392503261566 21.0996595621109 21.1725689172745 21.187477350235 21.1793867349625 21.2512961626053 21.2604546546936 21.1721132993698 21.2025238275528 21.3396809101105 21.7382204532623 21.526761174202 21.3558883666992 21.306950211525 21.1747624874115 21.1285737752914 21.2223864793777 21.219198346138 20.9825104475021 20.8970710039139 20.9733828306198 20.8646947145462 20.6012569665909 20.4246463775635 20.6146376132965 20.7324842214584 20.7950183153152 20.6407768726349 20.2412766218185 19.8243772983551 19.6410623788834 19.7727386951447 19.9253352880478 20.3509312868118 20.8280531167984 20.9260374307632 20.9029271602631 20.8263521194458 20.6898849010468 20.5092135667801 20.3921436071396 20.3780716657639 20.3642512559891 20.2006797790527 20.2723586559296 20.307037115097 20.4284664392471 20.8248640298843
20.6381393671036 20.8965554237366 21.2354725599289 21.3553876876831 21.1930558681488 21.0654715299606 20.9956374168396 21.1798040866852 21.3729702234268 21.4216367006302 21.3418035507202 21.4669115543365 21.7426002025604 21.7570921182632 21.3115829229355 21.1570150852203 21.0868257284164 21.2036360502243 21.3306964635849 21.2207573652267 20.9970688819885 21.0358803272247 20.9686895608902 20.9432505369186 20.9341999292374 20.9157747030258 21.0014144182205 20.9740517139435 20.8396905660629 20.4875818490982 20.1701158285141 20.1306555271149 19.9878293275833 20.4407532215118 20.7121769189835 21.1188499927521 21.2290546894073 21.2255380153656 21.164021730423 20.9392540454865 20.673956155777 20.6598672866821 20.6865289211273 20.6289404630661 20.4543511867523 20.3902634382248 20.2816745042801 20.369335770607 20.5988397598267
20.9161890745163 21.0216127634048 21.130285859108 21.3302085399628 21.5293825864792 21.4673062562943 21.2672307491302 21.2429028749466 21.0610765218735 21.2534996271133 21.2069244384766 21.4585970640182 21.6953393220901 21.91714823246 21.8534590005875 21.5077685117722 21.4325774908066 21.4353872537613 21.4419471025467 21.2827557325363 21.2283149957657 20.9966254234314 20.8876851797104 20.9427441358566 20.9275599718094 21.1945154666901 21.1543183326721 20.9018362760544 20.7653546333313 21.0897116661072 20.9126878976822 20.8021618127823 20.695912361145 21.0890738964081 21.3822357654572 21.4528977870941 21.5320717096329 21.4922556877136 21.3111900091171 21.1846247911453 20.8641976118088 20.5040907859802 20.3849861621857 20.6066120862961 20.7305240631104 20.7996674776077 20.6908115148544 20.5049557685852 20.4908155202866
21.062358379364 21.2127492427826 21.2338919639587 21.3240336179733 21.3871766328812 21.4721522331238 21.5489617586136 21.5668553113937 21.5572465658188 21.5323889255524 21.3685312271118 21.3554229736328 21.5361067056656 21.9193296432495 22.0520535707474 21.9477767944336 21.8847514390945 21.5467239618301 21.6756981611252 21.4406718015671 21.3528944253922 21.2078684568405 20.8648416996002 21.0548151731491 20.6963284015656 20.9337503910065 21.1809480190277 21.232692360878 21.1994370222092 21.3109314441681 21.5334272384644 21.3789201974869 21.1129581928253 20.9322859048843 21.1138029098511 21.4507250785828 21.521742105484 21.4688528776169 21.4192134141922 21.2643243074417 21.1151857376099 20.9510449171066 20.6831561326981 20.4445170164108 20.6773787736893 20.7247399091721 20.8498494625092 20.8692108392715 20.6834003925323
20.7718951702118 20.9112191200256 20.9360417127609 20.8326145410538 21.0992912054062 21.1287076473236 21.1251245737076 21.0914059877396 21.2094795703888 21.2490518093109 21.4768754243851 21.6364487409592 21.6933866739273 21.81418800354 22.1049908399582 21.9087927341461 22.048846244812 21.8843990564346 21.8552008867264 21.5462530851364 21.3530561923981 21.2493577003479 21.1944115161896 21.0397133827209 20.9884128570557 20.9777367115021 20.9485518932343 20.877369761467 20.77818608284 21.0597523450851 21.3265689611435 21.2267215251923 21.4823977947235 21.2915745973587 20.988587975502 21.2584280967712 21.4561715126038 21.5127335786819 21.3955446481705 21.1238567829132 21.2326685190201 21.0940774679184 21.0290418863297 20.9481024742126 20.8194144964218 20.8664766550064 20.7835384607315 20.856600522995 20.9663469791412
20.6414332389832 20.750936627388 20.894690990448 20.9436947107315 20.882697224617 20.9587022066116 21.0544549226761 20.9714585542679 20.9835129976273 20.8944654464722 20.924468755722 21.2014719247818 21.8091650009155 21.7787967920303 22.2483850717545 21.9750597476959 21.8351911306381 21.9933220148087 22.1297035217285 21.5850859880447 20.5842168331146 20.6963483095169 21.1649791002274 21.1623601913452 21.149139046669 21.0533200502396 20.96450984478 20.8947930335999 20.9778631925583 20.9642946720123 21.1392244100571 21.2651559114456 21.1918367147446 21.3692684173584 21.3526984453201 21.4148807525635 21.5853514671326 21.6361154317856 21.4369702339172 21.3863258361816 21.4129015207291 21.3035233020782 20.9854270219803 21.0531898736954 20.997451543808 20.9354645013809 21.0102266073227 21.0039895772934 20.9462928771973
20.7707220315933 20.8371565341949 20.7375900745392 20.8547732830048 20.8182082176208 20.8613928556442 20.7467370033264 20.7996536493301 21.1570693254471 21.3191288709641 21.3705629110336 21.4832472801208 21.8701938390732 22.2129044532776 22.3374900817871 22.3140742778778 21.9982857704163 21.8892461061478 22.0729571580887 21.9051679372787 20.8898772001266 20.6303375959396 21.0622997283936 20.7820097208023 21.1280444860458 21.1512299776077 21.0811648368835 20.9390995502472 20.8345350027084 20.7934708595276 20.8236558437347 21.1880919933319 21.0887764692307 21.2282128334045 21.536647439003 21.5475835800171 21.692032456398 21.6574960947037 21.236708521843 21.3221716880798 21.2888855934143 21.2530992031097 21.2213118076324 21.0597759485245 20.916738152504 21.052201628685 20.9871654510498 21.0298784971237 20.83748960495
20.8395090103149 21.0416262149811 21.0862392187119 20.982353925705 20.850457906723 21.06487596035 21.1712925434113 21.1937075853348 21.360625743866 21.4645429849625 21.5569067001343 21.6390219926834 21.8317232131958 22.0782626867294 22.2175512313843 22.1810915470123 22.1603809595108 22.129420876503 21.9724600315094 21.7722495794296 21.6470388174057 20.7820779085159 21.0553674697876 20.9146575927734 20.9131995439529 21.3641381263733 21.3038275241852 21.2092682123184 21.0529580116272 20.7321469783783 20.9630870819092 21.0042771100998 21.2827161550522 21.5001559257507 21.5843464136124 21.5117859840393 21.5834629535675 21.6733781099319 21.3542906045914 21.2422046661377 21.2801189422607 21.4832836389542 21.499197602272 21.3401118516922 21.3165253400803 21.4854398965836 21.3683528900146 21.062518119812 21.028935790062
21.0857985019684 20.777593255043 20.6968883275986 20.9189348220825 21.1080143451691 21.0324302911758 21.11434674263 21.2277634143829 21.1466598510742 21.2257055044174 21.3044999837875 21.4125454425812 21.5432524681091 21.6638700962067 21.8589893579483 21.8521070480347 21.803976893425 21.8453443050385 22.0282133817673 21.9808315038681 21.9439502954483 21.8833358287811 21.5966736078262 21.5876460075378 21.4538538455963 21.5372976064682 21.5482422113419 21.2911862134933 21.4146300554276 21.3475732803345 21.3232678174973 21.3732117414474 21.3519055843353 21.2541004419327 21.1667941808701 21.3662384748459 21.4923931360245 21.5627582073212 21.5523725748062 21.5279878377914 21.5128529071808 21.7672165632248 21.7433316707611 21.6574462652206 21.7050620317459 21.718927025795 21.5997912883759 21.2174067497253 21.1181324720383
21.1290872097015 20.0888191461563 20.4255386590958 20.7345135211945 20.912239074707 21.065215587616 21.0174411535263 20.9384167194366 20.9721419811249 21.2513686418533 21.2160935401917 20.9410697221756 21.2365310192108 21.4014786481857 21.6616760492325 21.6383734941483 21.5483213663101 21.5227690935135 21.554215669632 21.4056626558304 21.3516103029251 21.5548979043961 21.8059148788452 22.0516818761826 21.8161808252335 21.6867074966431 21.6421557664871 21.6901042461395 21.7113025188446 21.3552511930466 21.2844494581223 21.5781471729279 21.6238461732864 21.5555440187454 21.1714932918549 21.2589412927628 21.5133235454559 21.5348892211914 21.3469537496567 21.1162703037262 21.106586098671 21.4151518344879 21.5989674329758 21.5835325717926 21.6850996017456 21.7229138612747 21.589230298996 21.4445463418961 21.2645783424377
21.9073750972748 21.3613744974136 21.2554374933243 21.3505947589874 21.301750421524 21.2079067230225 21.0913118124008 20.9412190914154 20.8703747987747 21.1767818927765 21.196188211441 21.0178445577621 21.0003103017807 21.0628370046616 21.1888628005981 21.5776399374008 21.0981668233871 21.2809417247772 21.4953690767288 21.4191678762436 21.3533139228821 21.5479592084885 21.592605471611 21.9587498903275 21.9710972309113 21.7751448154449 21.5653195381165 21.6550217866898 21.7075381278992 21.2516778707504 21.2021305561066 21.4435822963715 21.6210361719131 21.7824887037277 21.6996915340424 21.5003935098648 21.5530039072037 21.5530194044113 21.1742866039276 21.0090528726578 21.1340699195862 21.380335688591 21.4418519735336 21.579118847847 21.6838847398758 21.6681524515152 21.3531682491302 21.3001840114594 21.1060246229172
22.0010145902634 22.1239318847656 22.0263465642929 21.7999243736267 21.7357605695724 21.5938467979431 21.4814345836639 21.5685211420059 21.4273582696915 21.336443901062 21.261031627655 21.0885968208313 21.3420898914337 21.561194896698 21.5735510587692 21.6387397050858 21.3685899972916 21.5526759624481 21.4804503917694 21.37322306633 21.2734972238541 21.3882709741592 21.683794260025 21.5730682611465 21.8975116014481 21.8896266222 21.9542400836945 21.83835542202 21.7097194194794 21.3558330535889 21.0940617322922 21.2202676534653 21.6754763126373 21.8214322328568 21.8651396036148 21.5443469285965 21.5386842489243 21.5491509437561 21.5926191806793 21.5048353672028 21.4190524816513 21.435270190239 21.38498711586 21.4299545288086 21.4149231910706 21.4656389951706 21.4671076536179 21.3455737829208 21.2819721698761
21.7330689430237 21.9204684495926 22.0162366628647 22.0845038890839 21.9975214004517 22.0172878503799 21.9978049993515 21.9083226919174 21.4765907526016 21.3801070451736 21.5326254367828 21.5016530752182 21.2031350135803 21.5760531425476 21.7986350059509 21.8452785015106 21.7176710367203 21.8385635614395 21.6878769397736 21.3427786827087 21.3771802186966 21.641582608223 21.7912331819534 21.6661349534988 21.6349267959595 21.5836075544357 21.7030389308929 21.8434697389603 21.8021506071091 21.8070811033249 21.7160124778748 21.7851926088333 21.664914727211 21.7343763113022 22.0060873031616 21.9077998399734 21.6701132059097 21.5650327205658 21.4917002916336 21.4868689775467 21.4560371637344 21.3489537239075 21.3863723278046 21.1092915534973 21.2454589605331 21.3538774251938 21.3190438747406 21.3512132167816 21.3216680288315
21.3967396020889 21.5291876792908 21.3883848190308 20.9548335075378 20.9595309495926 21.4514795541763 22.0874272584915 22.1823756694794 22.064572930336 21.6182708740234 21.3277914524078 21.3887090682983 21.7579587697983 21.8525410890579 21.8804250955582 22.1305676698685 21.940002322197 21.8670235872269 21.9378038644791 21.7575842142105 21.5653644800186 21.5361444950104 21.8589224815369 21.8874537944794 21.6653418540955 21.2390896081924 21.1430876255035 21.4410849809647 21.2633322477341 21.5223300457001 21.5705766677856 21.7305740118027 21.7968215942383 21.9210706949234 22.0605372190475 21.9745016098022 21.7222937345505 21.6574133634567 21.5712826251984 21.5519014596939 21.5265200138092 21.4693890810013 21.4850083589554 21.2471269369125 21.164745926857 21.2491141557693 21.2522330284119 21.0093524456024 21.0844670534134
20.8700286149979 21.3056563138962 21.0027850866318 20.7891638278961 21.0372922420502 21.6901696920395 21.9867992401123 22.0334274768829 21.9105559587479 21.9176836013794 21.8368464708328 21.6834404468536 21.6862827539444 22.0680181980133 22.3538610935211 22.2887043952942 22.3055840730667 22.1075727939606 21.9969811439514 22.0983897447586 22.0627969503403 21.9072046279907 21.9241132736206 21.9272704124451 21.8147572278976 21.6223212480545 21.562884926796 21.5641993284225 21.4880131483078 21.4598276615143 21.208390712738 21.3834558725357 21.5392695665359 21.6060832738876 21.7651476860046 21.7544620037079 21.5753636360168 21.5168536901474 21.4403434991837 21.3785840272903 21.2863236665726 21.3095639944077 21.3418046236038 21.2762950658798 21.325782418251 21.2643520832062 21.1854220628738 21.0940065383911 20.9839352369308
21.118768453598 21.434650182724 20.8920359611511 21.0615435838699 21.6823017597198 21.8450593948364 21.9263180494308 21.9650774002075 21.9898357391357 21.9748438596725 21.8191014528275 21.5860304832458 21.6562855243683 21.6578788757324 22.2011309862137 22.1068154573441 22.178050994873 22.4119220972061 22.1630418300629 22.1231617927551 22.1575336456299 21.9004032611847 22.0132735967636 22.0588943958282 21.8758255243301 21.6490659713745 21.3963092565536 21.5378004312515 21.541292309761 21.4607844352722 21.4687752723694 21.4142674207687 21.5050088167191 21.3475000858307 21.4809919595718 21.6404837369919 21.6485849618912 21.4494763612747 21.4051423072815 21.3490563631058 21.2684719562531 21.2743873596191 21.2225519418716 21.1599667072296 21.1351310014725 21.1200466156006 21.0762115716934 21.0241267681122 20.8695433139801
21.2283073663712 21.4621411561966 21.5848863124847 21.5452854633331 21.6738111972809 21.7293990850449 21.7719863653183 21.8666203022003 21.8991618156433 21.9349999427795 21.9608377218246 21.8305070400238 21.9475409984589 21.9025933742523 21.9808188676834 22.1552363634109 22.2214025259018 22.5275701284409 22.4047367572784 22.1576538085938 22.1023211479187 22.0284881591797 22.0829058885574 21.7633229494095 21.3747962713242 21.14457654953 21.3438571691513 21.4411380290985 21.5924181938171 21.358698964119 21.2472281455994 21.3865082263947 21.346789598465 21.3860702514648 21.4248511791229 21.5198811292648 21.5152997970581 21.4661068916321 21.3474540710449 21.2959092855453 21.2255910634995 21.1710232496262 21.1117062568665 21.1251386404037 21.0628207921982 20.9322527647018 20.889684677124 20.8669110536575 20.8787934780121
