data/past_env/bio5_avg_1994_2009.asc
NCOLS 664 
NROWS 380 
XLLCORNER 3.91666666666667 
YLLCORNER 55.3333333333333 
CELLSIZE 0.0416666666666667 
NODATA_value -9999 
[rows 88 to 109 of 380, columns 588 to 636 of 664]
19.7847156524658 19.8139193058014 19.7993729114532 19.8038269281387 19.7850323915482 19.7119858264923 19.5549405813217 19.5346440076828 19.3927639722824 19.4552989006042 19.5731374025345 19.3339667320251 19.170085310936 19.4164551496506 19.4398257732391 19.3116940259933 19.1312049627304 19.190692782402 19.136931180954 19.0669186115265 18.8918009996414 18.6383302211761 18.4023592472076 18.5538861751556 18.8144164085388 18.6602972745895 18.5433869361877 18.414608001709 18.2887575626373 18.1936588287354 18.2425592541695 18.3712099790573 18.4590673446655 18.5418827533722 18.3584499359131 18.4847660064697 18.5413315296173 18.7893960475922 18.978963136673 18.925564289093 18.8803441524506 18.9247986078262 18.8484153747559 18.9042836427689 18.9551893472672 18.9477310180664 18.7686706781387 18.5581073760986 18.6492960453033
19.84197473526 19.8802719116211 19.8963174819946 19.7373636960983 19.5844098329544 19.591206073761 19.379753112793 19.0547981262207 18.8988448381424 19.1523884534836 19.2586975097656 19.1765358448029 19.1883729696274 19.1944601535797 19.3417987823486 19.2556359767914 19.0184738636017 18.8126060962677 18.8011491298676 18.9467368125916 18.9885751008987 18.9174126386642 18.8644999265671 18.9620879888535 18.9119257926941 18.6233314275742 18.3682510852814 18.1088644862175 18.1516493558884 18.1631845831871 18.4179698228836 18.5330040454865 18.5647221803665 18.3296242952347 18.5587764978409 18.727179646492 18.849081993103 18.9632332324982 18.9456366300583 18.832288146019 18.8076913356781 18.6858429908752 18.5609961748123 18.6143870353699 18.5612288713455 18.6493933200836 18.5692554712296 18.3923696279526 18.6924819946289
19.5317338705063 19.5876222848892 19.6870099306107 19.4256500005722 19.0717879533768 19.2711772918701 19.1438155174255 18.8887045383453 18.9194252490997 18.888228058815 18.8960318565369 18.9013345241547 18.8754148483276 19.1657165288925 19.1542719602585 18.9980781078339 18.8471341133118 18.7299393415451 18.8239952325821 18.8400509357452 18.898090839386 18.9686118364334 19.0446319580078 19.0221540927887 18.7336747646332 18.5836956501007 18.4927167892456 18.4823708534241 18.2650398015976 18.3112088441849 18.52962911129 18.4517982006073 18.4166257381439 18.4538654088974 18.6216034889221 18.7965925931931 19.0205819606781 19.0670706033707 18.9803096055984 18.6020492315292 18.4170377254486 18.6310261487961 18.7242649793625 18.9462387561798 19.0492662191391 18.9698039293289 18.7565916776657 18.8938802480698 19.062481045723
19.6849918365479 19.6499736309052 19.4462056159973 19.008936047554 18.833916425705 19.1841473579407 19.294629573822 19.1271098852158 19.2226015329361 19.123375415802 19.2636497020721 19.3289239406586 19.342697262764 19.4407215118408 19.3019953966141 19.3122696876526 19.4082934856415 19.2948172092438 19.3283410072327 19.3036152124405 19.1628546714783 19.2790603637695 19.310514330864 19.2627192735672 19.0214228630066 18.8541289567947 18.8570832014084 18.8396604061127 18.8519704341888 18.8292353153229 18.6267881393433 18.5188411474228 18.6845319271088 18.8191064596176 18.9511812925339 19.0922559499741 19.2040823698044 19.0209070444107 19.0134824514389 18.8858089447021 18.8078842163086 18.7522099018097 18.7812843322754 18.5978593826294 18.8200042247772 18.9387152194977 18.9809281826019 18.8851413726807 18.9771143198013
19.8465024232864 19.4458248615265 19.3176478147507 19.4372217655182 19.4755444526672 19.5228686332703 19.4584407806396 19.4257607460022 19.3505166769028 19.3280087709427 19.586750626564 19.7517424821854 19.5364855527878 19.262727856636 19.17171895504 19.4309620857239 19.687204003334 19.5814455747604 19.5296885967255 19.596179485321 19.6558706760406 19.6470084190369 19.5688962936401 19.4603202342987 19.3434091806412 19.3414974212646 19.3416990041733 19.2770869731903 19.1027088165283 18.872260093689 18.7369475364685 18.655134677887 18.69493496418 18.8213467597961 19.0295081138611 19.1431711912155 19.1898330450058 19.011744260788 18.9014061689377 18.7715690135956 18.7422310113907 18.8136662244797 18.917432308197 18.9746961593628 19.1670964956284 19.2533855438232 18.8314234018326 18.5264015197754 18.4170391559601
19.7712602615356 19.6454257965088 19.800843000412 19.7122577428818 19.7374233007431 19.6100883483887 19.5755056142807 19.5026074647903 19.6135338544846 19.668553352356 19.8006016016006 19.66781270504 19.4262723922729 19.2187323570251 19.2766926288605 19.3649035692215 19.4281134605408 19.5865745544434 19.8480343818665 19.9597444534302 19.8911358118057 19.7837067842484 19.7487783432007 19.5974279642105 19.4589221477509 19.3789935112 19.3543161153793 19.345387339592 19.3322638273239 19.2428815364838 19.1861069202423 19.0463451147079 19.0303399562836 19.0983369350433 19.2303369045258 19.3358346223831 19.3330842256546 19.2660819292068 19.1935790777206 19.2868280410767 19.3437714576721 19.3896963596344 19.2478725910187 19.3507986068726 19.4948865175247 19.3001358509064 19.0028833150864 18.848633646965 18.6039745807648
19.9830491542816 19.9716681241989 19.9920367002487 19.8489059209824 19.7612737417221 19.9088925123215 19.8745118379593 19.9377813339233 19.9147316217422 19.9023680686951 19.8700029850006 19.7366373538971 19.6832724809647 19.6421580314636 19.4882932901382 19.3039280176163 19.2810626029968 19.4479472637177 19.8638324737549 20.2009683847427 20.236841917038 20.0962039232254 19.8230656385422 19.6701784133911 19.487539768219 19.3131524324417 19.2240363359451 19.3826817274094 19.5388271808624 19.6049734354019 19.5895241498947 19.5699541568756 19.5588699579239 19.5549556016922 19.4457910060883 19.3988761901855 19.4642125368118 19.5320491790771 19.464635848999 19.4092212915421 19.3184473514557 19.3679392337799 19.4261807203293 19.4364229440689 19.439532995224 19.4500116109848 19.4069916009903 19.3359704017639 19.2228062152863
20.0211168527603 20.1522995233536 20.1049809455872 19.9936635494232 19.9760967493057 20.00727891922 20.0185037851334 20.0282781124115 19.950142621994 19.9215961694717 19.6370487213135 19.4652184247971 19.3054857254028 19.3725017309189 19.3475185632706 19.4485341310501 19.5315504074097 19.8615671396255 20.1020839214325 20.0176002979279 20.1187381744385 19.9962477684021 19.7135078907013 19.5730167627335 19.5392768383026 19.4370373487473 19.4033589363098 19.3756288290024 19.5613985061646 19.7956688404083 19.7647694349289 19.7218242883682 19.6250920295715 19.5416989326477 19.566123008728 19.4870483875275 19.2857222557068 19.3998970985413 19.6148211956024 19.6047457456589 19.5249199867249 19.3223450183868 19.3881050348282 19.3120661973953 19.2197823524475 19.1465322971344 19.1699950695038 19.0617245435715 19.1442031860352
19.8201854228973 19.9759312868118 20.0401763916016 20.0866724252701 20.1076687574387 20.0676642656326 20.0574095249176 20.1464064121246 20.1506229639053 20.145534992218 19.9919471740723 19.8513603210449 19.8306982517242 19.9710958003998 19.9124927520752 19.9416416883469 20.004539847374 20.0554376840591 20.0268357992172 19.9779827594757 19.9088851213455 19.8915420770645 19.7821992635727 19.5956065654755 19.5385137796402 19.5184216499329 19.7116807699203 19.6160757541656 19.4532978534698 19.6676803827286 19.8022594451904 19.6384437084198 19.5729471445084 19.5113244056702 19.564705491066 19.5982191562653 19.5249828100204 19.4902443885803 19.5875073671341 19.4670212268829 19.2985345125198 19.2997970581055 19.2185596227646 19.1303234100342 19.1038218736649 18.9730563163757 18.8195406198502 18.8742761611938 18.983206987381
19.7672517299652 19.8725627660751 20.0156219005585 20.1166814565659 20.1532402038574 20.158300280571 20.1318597793579 20.1342761516571 20.1561027765274 20.1420727968216 20.1508516073227 20.1778806447983 20.2181602716446 20.2719396352768 20.3207185268402 20.322748541832 20.3135279417038 20.2285561561584 20.2300850152969 20.2643648386002 19.9820313453674 19.7718360424042 19.8553913831711 19.8266954421997 19.7060002088547 19.7163052558899 19.6020035743713 19.486022233963 19.4728634357452 19.6413472890854 19.7690800428391 19.6518123149872 19.6228023767471 19.5877999067307 19.7342885732651 19.774640083313 19.6522423028946 19.7738440036774 19.7401961088181 19.5752956867218 19.4123975038528 19.1594997644424 19.0086005926132 18.9444525241852 18.8671128749847 19.1302720308304 19.1427519321442 19.1959810256958 19.481210231781
19.8550711870193 19.9409438371658 19.9588176012039 20.0291899442673 20.0915625095367 20.1899361610413 20.2015602588654 20.1657744646072 20.1819808483124 20.1646406650543 20.1458020210266 20.174462556839 20.1631233692169 20.1922833919525 20.1981946229935 20.1768550872803 20.1962649822235 20.1274251937866 20.0865865945816 20.0979964733124 20.0001788139343 19.95663189888 20.0490831136703 20.094285607338 20.0489885807037 19.8761910200119 19.4668266773224 19.0223442316055 18.8394293785095 19.2355133295059 19.5828473567963 19.7324314117432 19.6684077978134 19.6542761325836 19.6333718299866 19.8673114776611 19.7740020751953 19.5361919403076 19.375630736351 19.2633212804794 19.2227613925934 19.2659519910812 19.4071242809296 19.4889968633652 19.4185463190079 19.6300253868103 19.8295048475266 19.8442347049713 19.651714682579
19.8676379919052 19.8140749931335 19.7930115461349 19.8579497337341 19.9598852396011 20.0385720729828 20.0940097570419 20.1321959495544 20.176195025444 20.1870083808899 20.1820027828217 20.0425440073013 20.1310859918594 20.1971273422241 20.2334195375443 20.2147114276886 20.2645033597946 20.3025453090668 20.2815883159637 20.2171294689178 20.0135757923126 20.1721757650375 20.2575249671936 20.2641246318817 20.1312249898911 20.1213808059692 19.9816489219666 19.3809171915054 19.2069952487946 19.2289308309555 19.3828663825989 19.7658008337021 19.8072643280029 19.6541746854782 19.5049542188644 19.6992330551147 19.6347604990005 19.4597896337509 19.4940677881241 19.4628465175629 19.5533757209778 19.5899034738541 19.8510477542877 20.0481400489807 20.1165509223938 20.0925295352936 20.1172584295273 20.0404875278473 19.5359672307968
19.902205824852 19.8777061700821 19.8724575042725 19.8814579248428 19.9682086706161 20.0314582586288 20.0632086992264 20.1184588670731 20.1922166347504 20.2247295379639 20.2659939527512 20.2233755588531 20.2167992591858 20.2602208852768 20.2341448068619 20.3055683374405 20.3642414808273 20.3959152698517 20.3470883369446 20.2737612724304 20.1997222900391 20.2184689044952 20.2237161397934 20.2289640903473 19.9511879682541 19.8065791130066 20.0004717111588 19.9370232820511 19.6223109960556 19.3715965747833 19.3961334228516 19.6396708488464 19.6553690433502 19.5851694345474 19.5292865037918 19.3856539726257 19.260270357132 19.2616373300552 19.3992555141449 19.3443709611893 19.3337388038635 19.6638562679291 19.8252229690552 19.9972833395004 20.0815532207489 20.2057824134827 20.2275117635727 20.1039905548096 19.9079705476761
20.0450239181519 19.986586689949 20.005401968956 20.0719656944275 20.0750306844711 20.1185938119888 20.0531582832336 20.0237231254578 20.1412371397018 20.1867018938065 20.1584153175354 20.2464567422867 20.2705110311508 20.130066037178 20.0761203765869 20.0236759185791 19.8182301521301 20.14528465271 20.020339846611 20.0576441287994 20.1828691959381 20.2602634429932 20.212158203125 20.0677447319031 19.7798246145248 19.7099612951279 19.6943501234055 19.9722377061844 19.9258759021759 19.6195147037506 19.3961530923843 19.1922899484634 19.2132239341736 19.1349521875381 19.3346821069717 19.3073251247406 19.2515308856964 19.2539860010147 19.3479408025742 19.4266477823257 19.6363532543182 19.7273082733154 19.8341464996338 19.915677189827 19.9858080148697 20.0570355653763 20.114266037941 20.196744799614 20.2199742794037
20.0893419981003 20.1014689207077 20.1495960950851 20.1477239131927 20.1946017742157 20.1977308988571 20.1531083583832 20.0619860887527 19.9890086650848 20.0294234752655 20.0263388156891 20.1490029096603 20.1772241592407 19.731160402298 19.8248465061188 19.3312820196152 19.6922188997269 19.6381546258926 19.0471966266632 18.8148249387741 20.0997718572617 20.2154124975204 20.1720530986786 20.0051937103271 19.5372349023819 19.2119730710983 19.4932123422623 19.904203414917 19.8629419803619 19.8169304132462 19.4106702804565 19.1839104890823 19.1145795583725 19.2916786670685 19.4745275974274 19.5328780412674 19.4100404977798 19.2368339300156 19.3383781909943 19.6539217233658 19.8504664897919 19.9222614765167 19.9965555667877 20.0070698261261 19.8770598173141 19.8990389108658 20.1577687263489 20.1232481002808 20.2567269802094
20.1126586198807 20.0068502426147 20.1492911577225 20.2207328081131 20.1579251289368 20.147366642952 20.1073082685471 19.8772493600845 19.8470294475555 19.5703951120377 19.4767607450485 20.1368768215179 19.6669925451279 19.6243581771851 19.6277557611465 19.5968834161758 19.377206325531 19.3991423845291 19.5527715682983 19.7303996086121 19.8193477392197 20.0281131267548 20.1413779258728 20.1598041057587 19.6706454753876 19.2949860095978 19.3068256378174 19.5629162788391 19.5362582206726 19.7175987958908 19.5661889314651 19.2325292825699 19.2056841850281 19.4616535902023 19.5011242628098 19.4945938587189 19.3830636739731 19.3445340394974 19.4950646162033 19.5181977748871 19.7575800418854 19.8934633731842 20.2378458976746 20.3784795999527 20.2763149738312 20.1562929153442 20.2250229120255 20.271502494812 20.2902321815491
20.1432267427444 20.1369823217392 20.0554873943329 19.9979927539825 19.9214978218079 19.8840019702911 20.0402572154999 19.9882628917694 19.7452989816666 19.447366476059 19.4366817474365 20.060250043869 19.5563162565231 19.2966327667236 19.5596995353699 19.6344962120056 19.7371686697006 19.7307578325272 19.660346031189 19.5617833137512 19.4217882156372 19.5897294282913 19.9149218797684 20.0198636054993 20.2423061132431 20.1487467288971 19.7534385919571 19.291130900383 19.3545734882355 19.3537657260895 19.3547065258026 19.4356487989426 19.6232892274857 19.6591304540634 19.5884697437286 19.5023101568222 19.2511508464813 19.2072416543961 19.6133309602737 19.8969722986221 19.9964437484741 19.9414148330688 19.8773866891861 20.0621079206467 20.2008967399597 20.2975039482117 20.3408615589142 20.4259682893753 20.4725756645203
19.9607940912247 19.963862657547 19.9296822547913 19.7292515039444 19.7073200941086 19.6931383609772 19.8567074537277 19.9495270252228 19.64106965065 19.5130865573883 19.496105670929 19.8133716583252 19.6538909673691 19.4654083251953 19.7084256410599 19.7529429197311 19.7064597606659 19.7354779243469 19.7322459220886 19.5997635126114 19.5027931928635 19.5630859136581 19.7013798952103 19.8404225111008 19.9277167320251 19.9292594194412 19.5408022403717 19.2645958662033 19.294638633728 19.377431511879 19.3782259225845 19.463768362999 19.5761448144913 19.7306053638458 19.7265671491623 19.5110272169113 19.4377375841141 19.4959489107132 19.6341594457626 19.7641196250916 19.9428074359894 19.9921170473099 20.1054278612137 19.8862367868423 19.9764370918274 20.0675288438797 20.1293711662292 20.2827124595642 20.4680522680283
19.5473029613495 19.4810581207275 19.5455619096756 19.8090661764145 19.8763207197189 19.8398259878159 19.6983300447464 19.4943339824677 19.4760873317719 19.6213390827179 19.7000888586044 19.7543414831161 19.9015909433365 19.773091673851 19.8280938863754 19.842344045639 19.8288462162018 19.8313466310501 20.0250970125198 19.9738475084305 19.6761865615845 19.4406117200851 19.3127871751785 19.6127117872238 19.5528879165649 19.3470643758774 19.0479899644852 19.5136643648148 19.6085904836655 19.5792655944824 19.578940987587 19.4073669910431 19.6191219091415 19.7902082204819 19.7580432891846 19.8096274137497 19.8142122030258 19.731546998024 19.6076319217682 19.7502173185349 19.7978022098541 19.9511516094208 20.1612845659256 20.2306693792343 20.2846963405609 20.3023661375046 20.3182872533798 20.4092065095901 20.4918763637543
19.4722533226013 19.2565658092499 19.6298769712448 19.923189997673 20.0082516670227 19.9593145847321 19.8013753890991 19.5934376716614 19.4358524084091 19.7158696651459 19.8861359357834 20.0304034948349 20.0714190006256 20.0726871490479 20.1054534912109 20.053720831871 20.0064874887466 20.0535043478012 20.0847707986832 20.0265376567841 19.8227167129517 19.5938048362732 19.4538944959641 19.4517334699631 19.1945716142654 19.5801613330841 19.4882494211197 19.408088684082 19.6591777801514 19.7215174436569 19.7436068058014 19.4674452543259 19.3254710435867 19.581934094429 19.7811493873596 19.6308618783951 19.575325012207 19.738539814949 19.8600022792816 19.7732156515121 19.569678902626 19.5901424884796 19.7099609375 19.9456536769867 20.1809216737747 20.0000153779984 19.8891092538834 20.0884535312653 20.1695472002029
19.6884533166885 19.7610733509064 19.9251922369003 20.0718122720718 20.0639319419861 19.8890525102615 19.8096704483032 19.7670414447784 19.7813668251038 19.8364008665085 19.7709331512451 19.9882154464722 20.0884984731674 20.1377812623978 20.1910637617111 20.1093465089798 20.1033798456192 20.1034128665924 20.1639451980591 20.2529783248901 20.2069957256317 20.0502479076385 19.7480014562607 19.6127537488937 19.822255730629 19.737508893013 19.2132607698441 19.5370128154755 19.6010159254074 19.7057681083679 19.7565206289291 19.6207741498947 19.650820851326 19.7871624231339 19.8677545785904 19.530345916748 19.434938788414 19.7315303087234 19.7988792657852 19.6736304759979 19.6203820705414 19.7056487798691 19.6886360645294 19.7231386899948 19.8068981170654 19.667414188385 19.6201827526093 19.4289489984512 19.5014666318893
19.8956536054611 19.9355820417404 20.1232582330704 20.1224354505539 20.0988619327545 19.9900395870209 19.7999672889709 19.7033938169479 19.9403833150864 19.9066804647446 19.5209786891937 19.822528719902 20.0400768518448 20.1616261005402 20.2746740579605 20.322473526001 20.2952721118927 20.310320854187 20.3746190071106 20.4064184427261 20.3955266475677 20.2864407300949 20.2393568754196 20.0625238418579 19.9676892757416 19.7488549947739 19.5080214738846 19.4744379520416 19.6203526258469 19.7992686033249 19.9276847839355 19.8471010923386 19.8404194116592 19.969139456749 19.9233607053757 19.6655803918839 19.4473012685776 19.6657712459564 19.7540681362152 19.6483787298203 19.6686897277832 19.6114035844803 19.5226246118546 19.5321221351624 19.5796233415604 19.7823145389557 20.0115058422089 20.1329457759857 20.0158877372742
