data/past_env/bio5_avg_1994_2009.asc
NCOLS 664 
NROWS 380 
XLLCORNER 3.91666666666667 
YLLCORNER 55.3333333333333 
CELLSIZE 0.0416666666666667 
NODATA_value -9999 
[rows 132 to 153 of 380, columns 196 to 244 of 664]
-9999 18.416543006897 18.4892436265945 -9999 -9999 18.2456074357033 18.8098682165146 16.5517238974571 15.5536609888077 16.7567346096039 17.9818078875542 18.6583817005157 19.007824420929 18.6935275793076 18.3511023521423 18.9196754693985 18.4267190694809 18.0662309527397 17.1835185289383 16.8595563769341 16.4065934419632 15.5486307144165 16.0041680335999 17.4594555497169 17.6807419657707 18.4080305099487 16.4525675773621 17.7248547077179 18.9962179660797 17.2644060850143 16.5920950174332 17.7592838406563 17.553472161293 17.0974109172821 16.9283495545387 17.1235380172729 16.7614766955376 16.2334155440331 16.0013539791107 16.5465424060822 16.4217618703842 16.4070110321045 16.9960095882416 17.3632586598396 17.2367578744888 17.0042566657066 17.1552556753159 17.1525045633316 17.1145033240318
-9999 18.4867788553238 18.5391063690186 -9999 -9999 18.633935213089 18.1376566886902 16.4379377365112 16.6787042617798 17.1206102371216 18.4635161757469 18.51792126894 17.4593268036842 16.4222323894501 15.8780786991119 17.7680436968803 18.9591015577316 18.9508115053177 18.5933538079262 18.053090929985 17.5233286619186 15.8680654764175 16.0673031210899 17.7987894415855 17.3500264286995 18.3132629990578 16.661750793457 16.4137372970581 18.4818512201309 18.898343205452 18.4180852770805 18.6673267483711 16.6680693030357 16.5253112316132 16.6100532412529 16.4157952070236 16.7557868361473 16.7570291757584 16.5472705364227 16.5625132918358 16.8628088831902 17.1271584630013 17.1032583117485 17.764608502388 18.1119583249092 18.0115584135056 17.9469087719917 17.7217589020729 17.2887848615646
-9999 -9999 -9999 18.5102995634079 18.4649611115456 18.7125658988953 -9999 17.1544390320778 16.0312474370003 17.3332582116127 18.8661218881607 18.7845448851585 17.1241992115974 16.0643321871758 15.9079387784004 18.2459124922752 18.5209844112396 17.3272539973259 16.0564407706261 15.422627389431 15.9466096162796 16.430750310421 15.20143699646 15.8798739910126 16.4525607228279 18.2772480249405 16.9711835384369 15.5476201176643 16.1257362961769 17.6132817268372 18.5533257722855 19.0316215753555 17.5936661958694 17.0052117705345 16.7097570300102 17.0143023133278 17.6830976009369 17.5801417827606 17.4021878838539 17.5597332119942 17.7458562254906 17.8625569343567 17.8250066637993 17.3829583525658 16.9156237244606 18.0006106495857 18.010811984539 17.0437624454498 16.9623355865479
18.1862899065018 18.1534978151321 -9999 18.5562484264374 18.1465626955032 18.584358394146 18.9784896373749 19.1427601575851 18.508027613163 18.3394408226013 18.1275990605354 18.4011225700378 17.5492379665375 16.6686412096024 15.8512990474701 17.4602246880531 18.3242537975311 16.7811410427094 15.804526925087 16.2999136447906 16.3297795057297 15.7569356560707 15.0675715208054 16.7599584460258 17.2270941734314 16.9559804201126 17.4958664774895 17.4545028209686 16.4441203474998 17.1577186584473 18.6880670785904 19.06316614151 18.2985144853592 18.0193620920181 18.2924601435661 18.5413094758987 18.3739065527916 18.0995054244995 18.247353374958 18.3537019491196 17.8121534585953 16.5917044878006 16.0950065851212 15.4809572696686 16.0983434319496 17.8001627922058 18.0154644846916 17.3905164003372 17.4088860154152
18.3993971347809 18.5901147127151 18.8899108171463 18.7754530906677 18.8680015802383 19.1963328123093 18.7661715745926 18.2371712327003 18.986218214035 -9999 -9999 17.7440417408943 18.2694436311722 17.7767902612686 16.9619097709656 18.0903424024582 18.1858949661255 16.3917766809464 16.878362596035 18.2331983447075 17.6957848668098 15.9353700876236 14.935956299305 15.2795421481133 15.8026280999184 14.5194637775421 15.2935498356819 16.7866361141205 17.2322545647621 17.5221564173698 18.0685579776764 18.8432099819183 17.2408612370491 16.8957629799843 16.9176639318466 16.7525661587715 17.0932176113129 17.4818695783615 18.0090205669403 17.6031721830368 16.4701996445656 15.4286026954651 14.3400058746338 13.6154084205627 14.457061290741 17.1804642677307 17.4301180839539 16.2953433990479 16.1844368577003
18.6221911907196 18.7348014116287 18.8646005392075 17.7602657675743 17.3455761671066 17.8346221446991 17.1395906805992 18.1509988903999 19.201172709465 19.0521849393845 18.5764133930206 19.0914072990417 19.0259751081467 17.9305077195168 15.968353331089 16.7646272182465 18.2991337776184 17.9594128727913 18.5164482593536 17.320984184742 16.6877695918083 15.9923055171967 15.529590845108 15.3733763694763 14.4439117908478 13.5581021904945 13.5840993523598 14.674268424511 14.4146388173103 16.2575938105583 17.7230489253998 18.8952528238297 17.5134581327438 15.8911627531052 15.0933679938316 16.2478229999542 16.7717776894569 17.1559826135635 17.5329380631447 15.8243923187256 14.952496945858 14.292500436306 14.7420043945312 15.4722586274147 16.4502622485161 17.4577658772469 16.6680203676224 16.3245237469673 16.3689873814583
18.5471725463867 18.8967039585114 18.319272518158 18.3513835668564 18.7829757928848 18.7418159842491 17.5057883262634 17.2168546915054 18.7405824661255 19.3549094200134 19.3510935306549 19.2425780296326 19.1676876544952 18.9317547082901 17.6178209781647 16.6610075235367 17.4140637516975 16.4785496592522 17.0567846298218 16.4657697081566 15.1630046963692 15.5882400870323 15.4264755249023 15.3728699684143 14.7075632810593 14.8177567720413 15.3511660695076 14.5406512618065 15.0582731962204 16.8402815461159 18.5002890825272 17.8575474619865 15.8890553712845 14.8210633993149 14.7525718212128 15.7353302240372 16.7868379354477 17.2733458280563 15.7246041893959 14.6641122698784 13.5275435447693 13.0193984508514 13.2977530956268 15.0713584423065 16.4149636030197 17.4968180060387 16.9955205321312 16.1980288624763 15.8855375051498
-9999 18.4164288043976 19.1143516302109 19.0113911628723 18.6200982928276 17.5742691755295 18.2585527896881 18.5299636721611 18.7999169230461 19.0558837652206 19.2312617301941 18.6141604185104 18.5780599713326 19.1864583492279 18.8338576555252 18.1417556405067 16.8185008764267 15.9704357981682 16.3721212744713 17.2135552763939 17.7639899253845 18.1019257903099 15.5708596110344 15.0940446257591 15.3727295398712 16.5166648030281 17.4190992116928 17.7027846574783 17.4474083185196 18.5032182335854 18.7905303239822 17.9438413977623 16.2849028706551 15.3039640784264 16.0135251283646 17.1335865259171 17.3228979706764 15.1599591970444 13.134770989418 12.678082048893 11.3130906820297 11.9557970762253 13.6335022449493 15.0644584298134 16.0466641187668 16.644438624382 16.6386553645134 16.4028724431992 16.168088555336
18.550041615963 18.8510776758194 18.8606759309769 19.070167183876 18.9012612104416 18.8359184265137 18.0270335674286 17.9290871024132 18.5763414502144 18.4657386541367 18.8514695167542 19.0547014474869 18.8899313211441 19.0511629581451 18.4018936753273 18.1008635759354 17.1374374628067 16.9980721473694 18.0636441111565 19.0812332630157 18.1589376330376 17.3696098327637 17.4747452139854 15.6723787784576 15.4540134072304 16.6358979940414 17.5845328569412 17.6394175291061 18.0902913212776 18.8381556272507 18.5992711782455 17.2503854632378 16.0224997997284 16.8243643641472 17.5582289099693 17.3443435430527 16.1049581170082 14.7420727014542 15.1471874713898 14.3863015770912 13.6113879680634 13.622444331646 13.4335014224052 14.5118080377579 15.2436154484749 15.7539219856262 15.2047904729843 15.3387150168419 14.974639415741
18.848831653595 18.9460299015045 18.0732808113098 18.4004927277565 19.2393621206284 18.6847748756409 17.9013207554817 18.9775011539459 18.5819401741028 17.0428072810173 18.0586783289909 19.3762404918671 19.4628031253815 19.5128664970398 18.7582116127014 18.0375419259071 18.1518743634224 19.0049716234207 17.7747206091881 16.5114390254021 15.6429607272148 14.8927946686745 15.6048786044121 16.1387128829956 15.4550471305847 15.1363818645477 15.6574660539627 16.4095497727394 18.0051755309105 18.651593208313 17.8502619862556 16.7391794919968 17.3658469319344 17.7282648682594 16.2481826543808 14.3533508777618 15.9282686114311 16.1984357833862 15.4886040091515 14.1302715539932 14.171434879303 13.9648424983025 14.1609999537468 14.9616584777832 15.6223157048225 15.9559744000435 16.2159249186516 16.3265579342842 15.9881904125214
18.6728621721268 18.9264522790909 18.9591844081879 19.0413492918015 18.7754609584808 18.9502857923508 18.7647477388382 18.2751772999763 18.3969120979309 17.980383336544 17.7403453588486 16.9628449082375 17.718657553196 18.8282202482224 18.3987835645676 18.7815363407135 19.4774971008301 17.4647970795631 16.4965567588806 15.6841286420822 15.6444509625435 15.818772315979 16.1748441457748 15.3559158444405 16.0129877328873 16.8668095469475 17.1193815469742 17.3742032051086 17.4527428746223 18.2444987297058 17.8725047111511 17.6365091204643 17.7905161976814 16.3107714653015 14.0405269265175 14.6390323638916 15.0437883734703 13.6507944464684 13.3790504932404 14.0813060998917 12.5543594360352 12.2544606328011 13.9510626792908 15.1811639666557 15.7250149250031 15.4553669095039 15.1479682922363 14.7675697803497 14.8124213218689
18.4586072564125 18.051451086998 17.9263026714325 18.8997747898102 19.1524127721786 19.0267418622971 18.7471821308136 17.5785049796104 18.05116969347 17.8016483187675 16.9636996984482 17.1506918072701 18.1546500325203 18.5810516476631 18.2599247097969 17.3805674910545 18.4154393672943 17.3631527423859 16.652749478817 16.1625973582268 15.5976944565773 16.5787925124168 16.5546397566795 16.1274878978729 15.7193350791931 15.7449326515198 16.5727809667587 17.3206283450127 17.8599919080734 18.2871192097664 17.9449985027313 17.6751266121864 17.4097556471825 15.491883456707 15.9335122704506 15.7568908929825 15.2265185713768 14.5833976864815 13.9547760486603 14.7606543302536 14.7541622519493 14.6018000841141 15.2336873412132 15.3670753836632 14.8364627957344 14.6136001348495 14.1052382588387 13.4831253886223 13.8210133314133
18.1828784942627 17.4875150322914 18.3104200363159 18.5995754003525 18.7676642537117 19.2167139053345 18.517557144165 17.7329965829849 17.7523775696754 17.9793274998665 18.2875573039055 19.1712572574615 18.3096415996552 18.685683965683 18.0861021876335 17.140206515789 16.8576952815056 16.0573191642761 15.9106923341751 15.7625659108162 16.0976896286011 16.7140623927116 16.3994359970093 16.3010594248772 15.8734325170517 15.6230562329292 17.5544297099113 18.2273026108742 18.0714901089668 18.0742416977882 17.6402425169945 17.647993683815 17.1749947667122 17.1294959783554 16.2874972224236 15.0432481765747 14.8362492918968 15.5907506942749 15.1770015954971 16.0542526841164 16.2807156443596 16.0831385850906 15.8580626249313 15.314236342907 14.9606600403786 14.662834584713 14.3192577362061 13.8564313054085 14.1276051998138
17.1551927924156 16.6597658991814 18.3699444532394 17.7053411602974 17.3049865961075 18.9158099889755 19.2946875095367 18.9616342782974 19.0897892713547 19.0777237415314 18.2333818078041 18.0348830223083 18.5756341814995 17.921884894371 16.699385881424 15.7611368894577 15.756087243557 16.7642357349396 16.8901349902153 17.4737839102745 17.6269329190254 17.2720829844475 16.8187319636345 16.372131049633 16.9977802038193 16.5096789598465 17.2108283638954 18.2139773368835 18.2277388572693 18.1113621592522 18.3409860134125 17.6526103615761 17.7984839677811 17.2198584675789 15.8424817323685 15.659106194973 15.5424798130989 16.1736038923264 16.3684770464897 15.9851012825966 15.9742681980133 16.6929785013199 16.6333951950073 15.7880539894104 15.050107717514 14.423567712307 14.2030274271965 13.891487300396 14.5126973390579
18.3057811260223 17.2048743367195 17.4202867150307 18.0966939926147 18.0686538815498 18.3887205123901 18.6354930400848 17.0626403689384 18.3393439054489 19.440683722496 19.1568311452866 18.9704793691635 18.1063765883446 17.9160227179527 16.9506697058678 16.1033170819283 16.2117285132408 17.7969031333923 18.2458273172379 16.7847528457642 15.9471781253815 15.6258524656296 16.2550278902054 16.9654527902603 18.1783776283264 17.8580520749092 17.3962275385857 17.705152451992 18.4544874429703 18.7564843893051 17.9452312588692 17.3899773955345 17.445723772049 17.7497206926346 16.7064673304558 16.5769637823105 16.6687099933624 16.7039567232132 16.8069533705711 16.7291995286942 16.9045709371567 17.4505664110184 16.5130630135536 15.4200592041016 15.0628051161766 15.3948014378548 14.9437974095345 14.5915435552597 15.0482895374298
17.8977879881859 17.6948881149292 18.8734879493713 16.9034601449966 17.4142720103264 18.5260648131371 17.5703578591347 16.4851519465446 17.7869448065758 18.510238468647 19.0007810592651 18.641823887825 17.4138684272766 18.6484110355377 19.2092040777206 18.6314986944199 18.5588698387146 18.2238199114799 17.5995212197304 16.2159721255302 16.1226720809937 16.2558727860451 15.310823559761 15.801024377346 16.4399747252464 17.9644260406494 18.2818768024445 18.586576461792 18.7069864273071 17.6858559846878 17.0659753680229 15.4848447442055 15.472213447094 16.8103328943253 17.6109523773193 17.2185708880424 17.1814401745796 17.265310049057 17.3746779561043 17.2890477180481 17.3161238431931 17.2446561455727 17.1666886806488 17.0090644955635 16.4850029945374 16.7947853207588 16.1503175497055 15.5490993261337 15.7536317110062
18.2427534461021 18.5607783198357 19.1200592517853 17.5484083890915 17.124844789505 17.8850337862968 17.1744735836983 16.9101628661156 17.5628526806831 17.8967914581299 17.0199815034866 15.8624206781387 16.1911100149155 16.8570494651794 17.0722389221191 16.9884279370308 16.2860109806061 16.2427376508713 16.3304641246796 16.6526902914047 16.2766661047935 17.5341430306435 17.9166192412376 16.6173453330994 17.2973222136497 18.4552984237671 18.7395250797272 18.7980017662048 17.4552352428436 16.6382273435593 16.453219294548 16.4244613647461 15.651202917099 16.6321949362755 17.4969372749329 17.3299291729927 17.2404206991196 17.3374133110046 17.3754044175148 17.1173966526985 16.8859261870384 16.6292450428009 16.4375627636909 16.2730700969696 16.0878764390945 16.1906822323799 16.5584875941277 16.6451553702354 16.4290993213654
18.0461848974228 18.679279088974 19.140033364296 19.0343557596207 18.7604179382324 19.1095032691956 18.9068385362625 18.2101739645004 17.9340105056763 16.9535953998566 17.0726806521416 16.3542667627335 15.8036018610001 15.6744373440742 15.3450224995613 15.283108830452 15.975902557373 16.6309044957161 16.4276567697525 16.3054085373878 17.3464102745056 17.840164065361 18.7059152126312 18.6679172515869 18.7159194946289 18.475671350956 18.466423869133 18.0884264707565 17.5739841461182 16.5900992155075 16.1499637365341 17.1455785632133 17.0981923937798 17.4493071436882 17.3901722431183 17.4962860941887 17.2924014925957 16.5347653627396 15.9008800387383 15.8117446899414 15.4952295422554 16.1233661174774 16.3652206063271 16.3770754337311 15.8609304428101 15.7697861194611 15.9896411299706 16.3124958276749 16.7493506073952
18.6331273913383 18.2170184254646 18.3724123239517 18.0878044962883 17.5232407450676 18.0079723596573 18.794704079628 19.2101854085922 18.6919174194336 18.3571491837502 18.3008808493614 17.4573623538017 17.0918435454369 16.9708252549171 16.1125572323799 15.9700391888618 16.690293610096 17.6833214759827 18.366849064827 17.457877933979 17.191155731678 17.6706829071045 17.706960439682 18.8152389526367 17.5697677731514 18.1502946019173 17.9500724077225 17.318100631237 16.7122330665588 16.1119704246521 16.8952080011368 17.3674445152283 17.3366827368736 17.5919199585915 17.5589064955711 17.6426439881325 17.6178813576698 17.3376188874245 16.8006055951118 16.2123432159424 16.1845321059227 16.4181722998619 16.3240635991096 17.0382045507431 17.1175952553749 16.9398897886276 16.8797943592072 16.6566981077194 16.5236023068428
18.7477616071701 18.4727583527565 18.5040050148964 17.5112520456314 16.2965644001961 17.2816916108131 18.4195691943169 19.2686972618103 18.4568248987198 17.3347030282021 16.8535804748535 16.9897081851959 16.7393359541893 16.8272138237953 16.9830915927887 16.2574694156647 16.4539350867271 17.2772386074066 18.572542309761 18.1823461055756 17.7874000668526 18.5347031354904 18.6645072698593 18.6625610589981 18.3526149988174 17.5611683726311 17.1974716186523 16.8365254998207 16.7867320775986 17.2170923352242 17.4117024540901 17.7673110961914 17.5471718907356 17.7270313501358 17.4861424565315 17.2620017528534 16.8028617501259 16.4957218766212 16.5123311877251 16.7276916503906 16.5083345174789 16.1750119328499 16.853438436985 16.7618658542633 16.7137925028801 17.0789935588837 17.0919473767281 17.0699005723 16.7688538432121
18.519397854805 18.3224985003471 17.5315992832184 17.5309493541718 17.4393876194954 17.9441601037979 19.2004348039627 18.8134578466415 17.9377323389053 18.021507024765 17.5082802772522 17.0370541810989 17.1798283457756 17.8361017107964 17.2448758482933 17.8343998789787 17.1725761294365 17.1571559906006 17.799734890461 18.9860651493073 19.1576436758041 18.5319731235504 18.3198031187057 18.8361319303513 18.2244616746902 17.5810416340828 17.0108705759048 16.8472002148628 16.4967311620712 16.8862134218216 17.5379461050034 17.14692902565 16.8149113059044 17.3993934392929 17.456127345562 17.3166093230247 17.1703417301178 16.8603244423866 16.6903073787689 16.5217900872231 15.650084733963 15.7240871191025 16.3760895729065 16.359091758728 15.9570946097374 16.4630976915359 17.1174160838127 17.7276293039322 17.9153434038162
17.5835326910019 17.3257383108139 16.7761925458908 17.5356478095055 18.7164596319199 19.3731298446655 19.1205501556396 18.561969935894 17.3771391510963 16.5290598273277 16.1107296943665 17.3756495714188 18.1888201832771 18.6527405977249 18.8901600837708 18.2910804748535 18.4714675545692 18.5718227624893 18.9134286642075 18.9490323066711 18.9128890037537 18.8649926185608 18.4395992159843 18.1819532513618 17.109059035778 16.0919140577316 16.573019862175 16.4233742952347 16.1779796481133 15.7953352332115 17.1639401912689 17.5422957539558 16.8469009399414 16.0065062642097 16.7561114430428 17.4314671754837 17.2775722742081 17.163677573204 16.6922831535339 16.4506383538246 16.5261906385422 16.6519943475723 16.4690464735031 16.6860979199409 16.9364376068115 17.0596865415573 17.0534363389015 17.0536853075027 17.0904346108437
