data/past_env/bio6_avg_1994_2009.asc
NCOLS 664 
NROWS 380 
XLLCORNER 3.91666666666667 
YLLCORNER 55.3333333333333 
CELLSIZE 0.0416666666666667 
NODATA_value -9999 
[rows 357 to 377 of 380, columns 480 to 527 of 664]
-7.77401946485043 -7.75637578964233 -7.75123186409473 -7.78258810937405 -7.83969421684742 -7.88630041480064 -7.92465659976006 -7.92776271700859 -7.91885623335838 -7.93293711543083 -7.93601776659489 -8.00134854018688 -8.0524290651083 -8.15051005780697 -8.28259053826332 -8.37942135334015 -8.47428900003433 -8.59591382741928 -8.7283128798008 -8.777553409338 -8.86144062876701 -8.94447502493858 -8.94000951945782 -8.897794008255 -8.86407852172852 -8.86161302030087 -8.92864733934402 -9.03168186545372 -9.12446610629559 -9.15450057387352 -9.17678499221802 -9.22981943190098 -9.25180919468403 -9.30025455355644 -9.39069980382919 -9.45189492404461 -9.47634023427963 -9.5469356328249 -9.60156771540642 -9.60720005631447 -9.59383241832256 -9.52546474337578 -9.51609675586224 -9.62672942876816 -9.66789104044437 -9.69558258354664 -9.74827310442924 -9.74296453595161
-7.75533153116703 -7.71763706207275 -7.70469282567501 -7.70999825000763 -7.75330372154713 -7.769859328866 -7.77991491556168 -7.81947059929371 -7.85000848770142 -7.86477914452553 -7.89754988253117 -7.93257075548172 -8.01534137129784 -8.12486192584038 -8.23888264596462 -8.32140319049358 -8.43217416107655 -8.55976332724094 -8.68388231098652 -8.77236342430115 -8.85946217179298 -8.93343871831894 -8.96941505372524 -8.95589159429073 -8.88786847889423 -8.82109478116035 -8.8638214468956 -8.9922980517149 -9.12952472269535 -9.1887511909008 -9.26597768068314 -9.29995433986187 -9.32627618312836 -9.37994354963303 -9.43436077237129 -9.47077822685242 -9.52333253622055 -9.56421492993832 -9.55409748852253 -9.58197991549969 -9.55186258256435 -9.50474511086941 -9.53662760555744 -9.61651055514812 -9.6628335416317 -9.67859718203545 -9.68536034226418 -9.65512382984161
-7.68891152739525 -7.68268914520741 -7.64671705663204 -7.6634948849678 -7.70777256786823 -7.71580027043819 -7.72207807004452 -7.76460583508015 -7.78422018885612 -7.8411710858345 -7.85262215137482 -7.88982306420803 -7.95802406966686 -8.04422514140606 -8.15867587924004 -8.28562696278095 -8.4175778478384 -8.5287788361311 -8.63172966241837 -8.73568069934845 -8.82619225978851 -8.89114938676357 -8.9033570587635 -8.92406456172466 -8.96552196145058 -8.96672947704792 -8.93518698215485 -8.99589447677135 -9.07835194468498 -9.16180934011936 -9.24039834737778 -9.34474404156208 -9.39294190704823 -9.3939923197031 -9.3450425863266 -9.38609303534031 -9.47314335405827 -9.51819351315498 -9.53824381530285 -9.51829440891743 -9.49234482645988 -9.51839520037174 -9.59344531595707 -9.65449613332748 -9.66893030703068 -9.61574868857861 -9.61456733942032 -9.66538602113724
-7.65449112653732 -7.64374107122421 -7.59174129366875 -7.59824126958847 -7.63849127292633 -7.6597413867712 -7.66374124586582 -7.69874124228954 -7.73918181657791 -7.78306326270103 -7.80419430136681 -7.85882534086704 -7.93795657157898 -7.99683816730976 -8.09721924364567 -8.23360025882721 -8.38073147833347 -8.4961129128933 -8.58949400484562 -8.69512549042702 -8.78652626276016 -8.87656508386135 -8.88360379636288 -8.90598721802235 -8.99768143892288 -9.04672014713287 -9.05275911092758 -9.03779758512974 -9.06183634698391 -9.12787494063377 -9.1939138174057 -9.23595276474953 -9.27708132565022 -9.30629958212376 -9.33551761507988 -9.36573594808578 -9.414954200387 -9.44817224144936 -9.49339044094086 -9.51960845291615 -9.51282672584057 -9.51104491949081 -9.5722633600235 -9.59748114645481 -9.62602755427361 -9.59790046513081 -9.61677442491055 -9.71264755725861
-7.66082116961479 -7.63104346394539 -7.61101558804512 -7.62723775207996 -7.62220996618271 -7.63893215358257 -7.63240453600883 -7.63137653470039 -7.66739366948605 -7.68670502305031 -7.72501644492149 -7.78257805109024 -7.85813955962658 -7.96570110321045 -8.06251248717308 -8.15707392990589 -8.29163552820683 -8.41869673132896 -8.53550833463669 -8.66956992447376 -8.78010904788971 -8.82884094119072 -8.82857313752174 -8.85130523145199 -8.93903730809689 -9.03376944363117 -9.0715014487505 -9.06923343241215 -9.09796552360058 -9.15669766068459 -9.1774295270443 -9.18816190958023 -9.2122206389904 -9.26560652256012 -9.34099292755127 -9.34737865626812 -9.32876490056515 -9.33515073359013 -9.40353681147099 -9.46692307293415 -9.49330896139145 -9.50369483232498 -9.49108105897903 -9.51046696305275 -9.57812443375587 -9.61905300617218 -9.64698125422001 -9.72990944981575
-7.63390092551708 -7.58459538221359 -7.55603994429111 -7.53923436999321 -7.54692888259888 -7.56787317991257 -7.56656768918037 -7.58051213622093 -7.59360511600971 -7.61984695494175 -7.66133867204189 -7.68433044850826 -7.72282217442989 -7.83456380665302 -7.94980572164059 -8.04729764163494 -8.1945391446352 -8.32678093016148 -8.43702261149883 -8.59476454555988 -8.71680650115013 -8.75011716783047 -8.7155424952507 -8.76396778225899 -8.88739307224751 -8.97081851959229 -9.02524383366108 -9.03366942703724 -9.06009462475777 -9.13851992785931 -9.18694511055946 -9.25937068462372 -9.31336019933224 -9.30891418457031 -9.3344679325819 -9.32402169704437 -9.29957550764084 -9.27212919294834 -9.31968307495117 -9.34723709523678 -9.3847907781601 -9.46234478056431 -9.50089871883392 -9.54545213282108 -9.60022117197514 -9.63320468366146 -9.6481880992651 -9.71217149496078
-7.57973080873489 -7.54964745044708 -7.50706426799297 -7.47698102891445 -7.45264764130116 -7.46881447732449 -7.45573101937771 -7.46814762055874 -7.47431701421738 -7.51348902285099 -7.5496609210968 -7.57433298230171 -7.59975506365299 -7.72517703473568 -7.87334871292114 -7.98477102816105 -8.14019317924976 -8.2738648802042 -8.3700367808342 -8.51320907473564 -8.64081802964211 -8.67539325356483 -8.68551175296307 -8.7726303935051 -8.84274908900261 -8.92786787450314 -9.03798639774323 -9.04810491204262 -9.03822369873524 -9.08934217691422 -9.20546072721481 -9.25957940518856 -9.27149941027164 -9.26122118532658 -9.27494291961193 -9.25666463375092 -9.31738629937172 -9.3481080532074 -9.30382972955704 -9.30955098569393 -9.36827300488949 -9.46699465811253 -9.56071625649929 -9.64943799376488 -9.70731773972511 -9.69035649299622 -9.6483950316906 -9.69043326377869
-7.55031064152718 -7.51294976472855 -7.46508854627609 -7.46122744679451 -7.43336643278599 -7.40975522994995 -7.35614421963692 -7.39278298616409 -7.39502879977226 -7.41338117420673 -7.4477331340313 -7.4835854023695 -7.56393775343895 -7.69254013895988 -7.8583922535181 -8.00374445319176 -8.15084685385227 -8.26844909787178 -8.34680117666721 -8.45165365934372 -8.59532949328423 -8.66766923666 -8.75948089361191 -8.79429295659065 -8.81610491871834 -8.92091700434685 -9.00672891736031 -9.05454090237617 -9.11535274982452 -9.13716453313828 -9.17097645998001 -9.20278824865818 -9.19263902306557 -9.22052842378616 -9.2794182151556 -9.24830742180347 -9.26919683814049 -9.30608665943146 -9.31797604262829 -9.37086565792561 -9.47075518965721 -9.57964453101158 -9.6755341142416 -9.69642333686352 -9.68241448700428 -9.65450848639011 -9.63160187005997 -9.64669534564018
-7.52489070594311 -7.46425172686577 -7.42911288142204 -7.4214740395546 -7.42483520507812 -7.43594615161419 -7.43980745971203 -7.42691850662231 -7.37624035775661 -7.3702729344368 -7.37480543553829 -7.42433796823025 -7.53562039136887 -7.63040289282799 -7.77768556773663 -7.95721799135208 -8.11050067842007 -8.21853315830231 -8.26856571435928 -8.37684835493565 -8.53034096956253 -8.68194516003132 -8.77345050871372 -8.86495557427406 -8.9124610722065 -8.96096636354923 -9.00947155058384 -9.0389766395092 -9.05448192358017 -9.10298697650433 -9.14949209988117 -9.10099741816521 -9.09977881610394 -9.18083581328392 -9.26389314234257 -9.29195061326027 -9.31700801849365 -9.30406524240971 -9.31912258267403 -9.39817954599857 -9.47423703968525 -9.54629465937614 -9.65035156905651 -9.67340888082981 -9.61351184546947 -9.5866602063179 -9.63980884850025 -9.67395719885826
-7.55122059583664 -7.52630376815796 -7.4748871922493 -7.43122059106827 -7.40680396556854 -7.37038740515709 -7.39122071862221 -7.34405413269997 -7.31770208477974 -7.2689147144556 -7.28362739086151 -7.34384024143219 -7.42605322599411 -7.52951616048813 -7.66447870433331 -7.77569155395031 -7.94265460968018 -8.11736722290516 -8.16157995164394 -8.31754274666309 -8.54185239970684 -8.70222115516663 -8.80041964352131 -8.88561844825745 -8.94381694495678 -8.95701536536217 -8.9952137619257 -9.0214124917984 -9.07261084020138 -9.15080937743187 -9.16800753772259 -9.12020623683929 -9.11991800367832 -9.2261431068182 -9.28636838495731 -9.30559338629246 -9.30681850016117 -9.32404364645481 -9.30826883018017 -9.3344940841198 -9.41771912574768 -9.50194418430328 -9.57516965270042 -9.59339469671249 -9.56360891461372 -9.59181250631809 -9.6710157841444 -9.70321887731552
-7.55955040454865 -7.54035584628582 -7.4786614626646 -7.39121708273888 -7.30352255702019 -7.25482799112797 -7.29763361811638 -7.27843929827213 -7.24766361713409 -7.17955641448498 -7.20759855210781 -7.24459294974804 -7.27748593688011 -7.38487909734249 -7.54702219367027 -7.71366520226002 -7.92655821144581 -8.15995134413242 -8.35034450888634 -8.47223757207394 -8.60136373341084 -8.74249729514122 -8.86338931322098 -8.94128108024597 -8.98417286574841 -8.99306465685368 -9.01495642960072 -9.08884814381599 -9.1177399456501 -9.16863164305687 -9.17252333462238 -9.13841511309147 -9.14905738830566 -9.20945043861866 -9.18284346163273 -9.19323641061783 -9.22662918269634 -9.2650220990181 -9.29941527545452 -9.35280841588974 -9.4122012257576 -9.44959412515163 -9.49698740243912 -9.50038002431393 -9.51370592415333 -9.5729638338089 -9.61222273111343 -9.65348082780838
-7.54088020324707 -7.5241579413414 -7.49218574166298 -7.41571354866028 -7.33049158751965 -7.25626912713051 -7.25129681825638 -7.26682472229004 -7.25787536799908 -7.18819850683212 -7.18027184903622 -7.21459522843361 -7.28791879117489 -7.37524197995663 -7.54881548881531 -7.79113872349262 -8.02946211397648 -8.25603523850441 -8.42585884034634 -8.54018202424049 -8.62612511217594 -8.68677331507206 -8.83435849845409 -8.92894357442856 -8.9945288002491 -8.99511387944221 -9.03169900178909 -9.10128381848335 -9.14486880600452 -9.15545390546322 -9.19403912127018 -9.15262414515018 -9.12319692969322 -9.22875782847404 -9.24931874871254 -9.25187940895557 -9.24143992364407 -9.28600087761879 -9.29956176877022 -9.35612261295319 -9.38868342339993 -9.42024399340153 -9.42680487036705 -9.44636553525925 -9.44580264389515 -9.4621162712574 -9.47442948818207 -9.5537428855896
-7.53596006333828 -7.51596000790596 -7.48345996439457 -7.4249601662159 -7.37771029770374 -7.29921013116837 -7.24945996701717 -7.28121015429497 -7.25333707034588 -7.18259036540985 -7.09934397041798 -7.15359762310982 -7.33085149526596 -7.46835491061211 -7.63110847771168 -7.82911218702793 -8.03161604702473 -8.25461933016777 -8.41562315821648 -8.54962664842606 -8.64988653361797 -8.71290296316147 -8.81932778656483 -8.94060625135899 -8.96488475799561 -8.94616307318211 -8.99344140291214 -9.13071958720684 -9.20499785244465 -9.18227607011795 -9.18255452811718 -9.16383290290833 -9.20733658969402 -9.25906522572041 -9.26579397916794 -9.27952235937119 -9.29925109446049 -9.25497929751873 -9.25370799005032 -9.32643657922745 -9.37316524982452 -9.42189395427704 -9.41762249171734 -9.38235096633434 -9.37889954447746 -9.40126793086529 -9.44263653457165 -9.56000450253487
-7.61513786017895 -7.56981566548347 -7.51524329185486 -7.45567110180855 -7.42334868013859 -7.36827656626701 -7.33470422029495 -7.30413185060024 -7.26904255151749 -7.17243629693985 -7.02734446525574 -7.1262242347002 -7.38586834073067 -7.59176215529442 -7.7716560959816 -7.94580017030239 -8.07219414412975 -8.25158789753914 -8.46273195743561 -8.57287599146366 -8.69063438475132 -8.73300762474537 -8.80885946750641 -8.93289898335934 -8.98493900895119 -9.00797866284847 -9.09201811254025 -9.16505789756775 -9.16309736669064 -9.15313711762428 -9.11417676508427 -9.13421614468098 -9.16756714880466 -9.18222913146019 -9.195891097188 -9.25355339050293 -9.30021522939205 -9.30287712812424 -9.30353932082653 -9.38020151853561 -9.40986357629299 -9.3595254868269 -9.31918758153915 -9.35884974896908 -9.4134474247694 -9.46398086845875 -9.48251384496689 -9.63704738020897
-7.65041396021843 -7.58272475004196 -7.54878567159176 -7.53909641504288 -7.51015694439411 -7.41946791112423 -7.38952875137329 -7.38983954489231 -7.35924199223518 -7.3012363165617 -7.26323071122169 -7.37222512066364 -7.56296932697296 -7.75521382689476 -7.9284580051899 -8.09445245563984 -8.20319682359695 -8.32969120144844 -8.52718566358089 -8.67867986857891 -8.78861856460571 -8.85325196385384 -8.94595366716385 -9.01082248985767 -9.05869142711163 -9.11056037247181 -9.17042921483517 -9.12329824268818 -9.05416703224182 -9.05903604626656 -9.02890485525131 -9.06077417731285 -9.08788885176182 -9.15124990046024 -9.22361107170582 -9.25497211515903 -9.2893334031105 -9.33269456028938 -9.33005574345589 -9.39041674137115 -9.3567781150341 -9.30013887584209 -9.28049997985363 -9.36486108601093 -9.39944604039192 -9.42625391483307 -9.48506216704845 -9.60787059366703
-7.68994000554085 -7.61388391256332 -7.59582787752151 -7.58377169072628 -7.53471572697163 -7.42790943384171 -7.38710351288319 -7.4322973638773 -7.39594165980816 -7.39478647708893 -7.47738125920296 -7.58322584629059 -7.72832052409649 -7.87741540372372 -7.9977603405714 -8.17685477435589 -8.3684495985508 -8.48204430937767 -8.5963890850544 -8.76073382794857 -8.85160301625729 -8.95034934580326 -9.07504761219025 -9.12774583697319 -9.1644438803196 -9.21914233267307 -9.23484028875828 -9.12753863632679 -9.01323702931404 -9.01293498277664 -9.02463337779045 -9.04633162915707 -9.06921064853668 -9.16027085483074 -9.21433083713055 -9.22339124977589 -9.19345113635063 -9.21251139044762 -9.25157164037228 -9.27463214099407 -9.29869210720062 -9.34775215387344 -9.37081269919872 -9.41987277567387 -9.45944459736347 -9.49852755665779 -9.49061055481434 -9.51969370245934
-7.73821628093719 -7.68229313194752 -7.6328701376915 -7.60894721746445 -7.5707740932703 -7.49185121059418 -7.40742824971676 -7.46325509250164 -7.49789111316204 -7.56183621287346 -7.66478133201599 -7.7672266215086 -7.87442183494568 -7.9743669629097 -8.0720622241497 -8.23425731062889 -8.48670257627964 -8.62964758276939 -8.71134246885777 -8.82053782045841 -8.90208652615547 -8.97661425173283 -9.05914157629013 -9.14466932415962 -9.19219653308392 -9.24072405695915 -9.2832515090704 -9.21477892994881 -9.15630669891834 -9.16083407402039 -9.21736152470112 -9.24988922476768 -9.26453234255314 -9.30329173803329 -9.29305081069469 -9.29981011152267 -9.23756943643093 -9.22532865405083 -9.22508803009987 -9.25684724748135 -9.32160645723343 -9.35336600244045 -9.3551253080368 -9.44588457047939 -9.47044268250465 -9.4918010532856 -9.49115903675556 -9.50251676142216
-7.7827422618866 -7.73570214211941 -7.70016230642796 -7.65762251615524 -7.61308263242245 -7.58829283714294 -7.48725269734859 -7.51921275258064 -7.67359055578709 -7.77138602733612 -7.82843180000782 -7.92447732388973 -8.01502287387848 -8.115568369627 -8.190613925457 -8.31590956449509 -8.5217050909996 -8.73525074124336 -8.87604619562626 -8.96246357262135 -9.04852241277695 -9.07687923312187 -9.10923571884632 -9.14859266579151 -9.21594914793968 -9.31230625510216 -9.37666265666485 -9.3300194889307 -9.28337597846985 -9.34673276543617 -9.40808996558189 -9.44344639778137 -9.41785417497158 -9.44231255352497 -9.47077089548111 -9.43122911453247 -9.37368778884411 -9.29414591193199 -9.22660404443741 -9.23806232213974 -9.24952077865601 -9.3029793202877 -9.36843767762184 -9.42389573156834 -9.48144157230854 -9.51307438313961 -9.55370709300041 -9.52634021639824
-7.7995181530714 -7.77836139500141 -7.7499543428421 -7.70204757153988 -7.68364095687866 -7.69248412549496 -7.6188273280859 -7.67192037403584 -7.80104015767574 -7.88843607902527 -7.95608220994473 -8.02522817254066 -8.1431241184473 -8.26101985573769 -8.36291600763798 -8.47656181454659 -8.64170794188976 -8.80485378205776 -8.97614404559135 -9.10329122841358 -9.18695776164532 -9.24714379012585 -9.29432974755764 -9.30051584541798 -9.36970174312592 -9.45988798141479 -9.44907397031784 -9.39225995540619 -9.41644605994225 -9.51563242077827 -9.51881808042526 -9.48900404572487 -9.40217593312263 -9.44533352553844 -9.53649064898491 -9.51464825868607 -9.43980574607849 -9.3469630330801 -9.27612026035786 -9.19327780604362 -9.1264351606369 -9.22559241950512 -9.36375023424625 -9.40890750288963 -9.4944399446249 -9.52290411293507 -9.53822287917137 -9.4582921564579
-7.8045441955328 -7.83677051961422 -7.81049680709839 -7.78147307038307 -7.77119913697243 -7.78892567753792 -7.78065185248852 -7.84637822210789 -7.9204898327589 -7.9799862653017 -8.04298244416714 -8.1374786645174 -8.26272515952587 -8.37722153961658 -8.48446793854237 -8.66296447813511 -8.80421043932438 -8.84820710122585 -9.01958532631397 -9.19111858308315 -9.25339317321777 -9.35440835356712 -9.46442395448685 -9.50643920898438 -9.51145446300507 -9.481469810009 -9.38248500227928 -9.42450043559074 -9.54451578855515 -9.58853137493134 -9.54654660820961 -9.48456180095673 -9.43949767947197 -9.47035419940948 -9.50221052765846 -9.46006709337234 -9.41992376744747 -9.35178010165691 -9.303636521101 -9.2044930011034 -9.16534930467606 -9.26820592582226 -9.3680627644062 -9.39991921186447 -9.45143839716911 -9.4999033510685 -9.45303939282894 -9.34492506086826
-7.8723202496767 -7.9006799608469 -7.84778904914856 -7.78889839351177 -7.7410079240799 -7.79786737263203 -7.8874768614769 -7.95058612525463 -8.02043922245502 -8.08228585124016 -8.14888268709183 -8.21922941505909 -8.36032620072365 -8.4269230812788 -8.52751976251602 -8.72861661016941 -8.8102134168148 -8.87131021916866 -9.13402616977692 -9.327946215868 -9.38582876324654 -9.42567333579063 -9.54451778531075 -9.59436249732971 -9.52620700001717 -9.45105171203613 -9.40689617395401 -9.4537410736084 -9.51658561825752 -9.52243033051491 -9.55127480626106 -9.5531193614006 -9.50481957197189 -9.49937504529953 -9.49893075227737 -9.43648621439934 -9.39104165136814 -9.35759724676609 -9.30215258896351 -9.25370821356773 -9.24826380610466 -9.30197003483772 -9.37757176160812 -9.38367328047752 -9.40445055067539 -9.42315319180489 -9.41935585439205 -9.375308573246
