data/past_env/bio6_avg_1994_2009.asc
NCOLS 664 
NROWS 380 
XLLCORNER 3.91666666666667 
YLLCORNER 55.3333333333333 
CELLSIZE 0.0416666666666667 
NODATA_value -9999 
[rows 126 to 146 of 380, columns 480 to 527 of 664]
-16.6093529462814 -16.557236969471 -16.5166208744049 -16.5400050878525 -16.6873890161514 -16.7632721662521 -16.7726566195488 -16.8725407123566 -16.9277366399765 -16.9422444105148 -16.9682524204254 -17.0687605142593 -17.1662679314613 -17.2792756557465 -17.3682833909988 -17.5092914104462 -17.6139583587646 -17.6111164093018 -17.5668147802353 -17.6013229489326 -17.618472635746 -17.621764421463 -17.6335556507111 -17.6775494813919 -17.6612272262573 -17.5494310855865 -17.4332225322723 -17.4345138072968 -17.5303055644035 -17.6180974245071 -17.6538891792297 -17.6446809768677 -17.6067565083504 -17.5041165947914 -17.4404770731926 -17.4378372430801 -17.4556975364685 -17.4430576562881 -17.3759181499481 -17.2882779240608 -17.2386386990547 -17.2354989647865 -17.2678592205048 -17.2312192320824 -17.1312724351883 -17.0815189480782 -17.085264980793 -17.0880110859871
-16.4654131531715 -16.4445880651474 -16.4537632465363 -16.4839380383492 -16.5786128640175 -16.624788403511 -16.6609628796577 -16.775138437748 -16.8818625211716 -16.9136362075806 -16.9549095034599 -17.0261830687523 -17.1244562268257 -17.1872297525406 -17.2825027704239 -17.4191243648529 -17.500490963459 -17.4798240065575 -17.4600972533226 -17.485869884491 -17.5156462192535 -17.5169238448143 -17.5274955034256 -17.5711150169373 -17.5462573170662 -17.4615347981453 -17.3958125710487 -17.4705901741982 -17.6073681116104 -17.6836460828781 -17.725924372673 -17.7227023243904 -17.6641727685928 -17.536336004734 -17.476999938488 -17.4896647334099 -17.4663288593292 -17.3979931473732 -17.3651565909386 -17.3348207473755 -17.2799845337868 -17.222149014473 -17.2293133735657 -17.1994773745537 -17.1049937605858 -17.0283613801003 -17.0517299175262 -17.0950984358788
-16.2875160574913 -16.2982098460197 -16.3984053730965 -16.4896574020386 -16.5282747149467 -16.5405538082123 -16.5662698745728 -16.6406317949295 -16.7632266879082 -16.8325929641724 -16.899566411972 -16.9811060428619 -17.0966446399689 -17.1326836943626 -17.1682226657867 -17.2743334174156 -17.3413217663765 -17.3233398795128 -17.3413789868355 -17.3759183287621 -17.4473196864128 -17.5405595898628 -17.5211198329926 -17.4976109862328 -17.4478749632835 -17.4301390051842 -17.4179029464722 -17.503166615963 -17.6319302916527 -17.6901946663857 -17.7394590973854 -17.7242225408554 -17.6345883607864 -17.5170564055443 -17.485524058342 -17.5059916377068 -17.4699596166611 -17.4099277853966 -17.4098954200745 -17.4033633470535 -17.3268308639526 -17.2572988271713 -17.1842670440674 -17.1487347483635 -17.1457141041756 -17.1042043566704 -17.0966952443123 -17.1511856913567
-16.3400329351425 -16.2287897467613 -16.4200472831726 -16.4488046765327 -9999 -14.383046746254 -16.5038257241249 -16.4763333797455 -9999 -9999 -13.488920211792 -16.9631533622742 -17.1098329424858 -17.0646380782127 -16.9855137467384 -17.1212470531464 -17.1645513772964 -17.1583566665649 -17.2001610994339 -17.2944658994675 -17.4577407836914 -17.5502423644066 -17.5049940943718 -17.4382431507111 -17.3964928388596 -17.3892430067062 -17.3774927854538 -17.4402430057526 -17.5284926891327 -17.5527429580688 -17.5759930610657 -17.553742825985 -17.4805039167404 -17.4407755732536 -17.4470473527908 -17.4548187255859 -17.4530912041664 -17.3688622713089 -17.3791345357895 -17.3529061079025 -17.3231776952744 -17.2694491147995 -17.175221145153 -17.1579923033714 -17.1984344124794 -17.2035471796989 -17.183660030365 -17.1987725496292
-9999 -9999 -9999 -4.20518240705132 -9999 -4.21473094262183 -9999 -9999 -9999 -9999 -9999 -9999 -17.0608465075493 -16.8848310709 -16.9060372710228 -17.0575021505356 -17.0903367400169 -17.0916016697884 -17.1289193630219 -17.1907371282578 -17.2568697929382 -17.3243160247803 -17.3238072991371 -17.3437096476555 -17.3091567754745 -17.3021031618118 -17.2890504598618 -17.3289967179298 -17.3719435334206 -17.4073899388313 -17.4633367061615 -17.4407832026482 -17.4043126106262 -17.3909242749214 -17.4150361418724 -17.4296473264694 -17.4132593274117 -17.3683712482452 -17.3689829111099 -17.366094648838 -17.3117063045502 -17.2703180909157 -17.2159296274185 -17.2190415859222 -17.2298014760017 -17.1972090601921 -17.1636167168617 -17.188524544239
-9999 -4.19563378952444 -4.20040812529624 -9999 -6.81125867366791 -9.76101541519165 -9999 -12.3382034301758 -12.4620452225208 -12.5128027200699 -9999 -9999 -9999 -9999 -16.2601068019867 -16.713919699192 -16.8851336836815 -17.0233936309814 -17.041154384613 -17.0157318711281 -17.0634478926659 -17.1553027033806 -17.1960602402687 -17.2404741644859 -17.2523873448372 -17.2517192363739 -17.248073220253 -17.2334276437759 -17.2507813572884 -17.3341355323792 -17.4209899306297 -17.431843817234 -17.4030142426491 -17.4205028414726 -17.4169906973839 -17.3334782123566 -17.273465692997 -17.2594538331032 -17.2289423942566 -17.1969299912453 -17.1739175915718 -17.1939055919647 -17.2018932700157 -17.1763813495636 -17.1713129878044 -17.1471888422966 -17.0995646715164 -17.076940536499
-9999 -9999 -4.20040812529624 -9999 -9999 -9999 -9999 -9999 -9999 -9999 -9999 -9999 -9999 -9999 -13.7442467808723 -16.0699609518051 -12.7687563896179 -16.9502995014191 -16.9625129103661 -16.9284767508507 -17.0313602685928 -16.2192882299423 -13.9354531764984 -17.2183129191399 -17.1988750100136 -17.1561200022697 -17.1615958213806 -17.1578574180603 -17.17161911726 -17.2598804235458 -17.3461422920227 -17.3404035568237 -17.3427162766457 -17.3505801558495 -17.3014448285103 -17.2083090543747 -17.1501723527908 -17.1310368180275 -17.1269005537033 -17.1237646341324 -17.0916288495064 -17.0879930853844 -17.1148568987846 -17.1292207241058 -17.1253247857094 -17.1241688132286 -17.086012840271 -16.8883570432663
-9999 -9999 -12.0598178505898 -9999 -9999 -12.1005989313126 -12.1787763834 -9999 -9999 -9999 -9999 -9999 -9999 -9999 -9999 -9999 -9999 -9999 -9999 -9999 -9999 -9999 -9999 -12.8770620822906 -17.120070874691 -16.4658789038658 -16.0537441372871 -17.147859454155 -17.1959573030472 -17.2206260561943 -17.2672953605652 -17.2709641456604 -17.2979184985161 -17.2921588420868 -17.2903992533684 -17.2256389856339 -17.1673790216446 -17.1256195306778 -17.0448593497276 -17.015599668026 -17.0738398432732 -17.1270805597305 -17.1068205237389 -17.0820602178574 -17.0713368058205 -17.0766487717628 -17.1024615168571 -17.0482738018036
-9999 -9999 -9999 -9999 -9999 -9999 -9999 -9999 -9999 -9999 -9999 -9999 -9999 -9999 -9999 -9999 -9999 -9999 -9999 -9999 -9999 -12.6135285794735 -9999 -9999 -9999 -9999 -9999 -9999 -17.2289315462112 -17.2411631345749 -17.2683572769165 -17.2755246162415 -17.2926208376884 -17.3112370967865 -17.3488529920578 -17.2779694199562 -17.1805859804153 -17.0952023267746 -17.0003185868263 -16.9474351406097 -16.9380510449409 -16.9931676983833 -17.0202838778496 -16.9584001898766 -16.91684871912 -16.9396288394928 -17.015909075737 -17.0326897501945
-9999 -9999 -9999 -9999 -9999 -9999 -9999 -9999 -9999 -9999 -9999 -9999 -9999 -9999 -9999 -9999 -9999 -9999 -9999 -9999 -9999 -9999 -9999 -9999 -9999 -9999 -9999 -9999 -9999 -9999 -9999 -17.2730843424797 -17.3634474873543 -17.3348144888878 -17.2838074564934 -17.2313004136086 -17.1452922821045 -17.0577854514122 -17.0142774581909 -16.9667699337006 -16.9182624220848 -16.9002549648285 -16.9432472586632 -16.9197400212288 -16.9123603701591 -16.9361088871956 -16.9388574957848 -16.9116058349609
-9999 -9999 -9999 -9999 -9999 -9999 -9999 -9999 -9999 -9999 -9999 -9999 -9999 -9999 -9999 -9999 -9999 -9999 -9999 -9999 -9999 -9999 -9999 -9999 -9999 -9999 -9999 -9999 -9999 -9999 -9999 -9999 -17.345024228096 -17.2709383368492 -17.1580739021301 -17.0741302371025 -17.0269989967346 -16.9808675646782 -16.967236161232 -16.9541051387787 -16.891973733902 -16.8678423762321 -16.8997110128403 -16.9030800461769 -16.8678722977638 -16.8885888457298 -16.9073058962822 -16.8855222463608
-9999 -9999 -9999 -9999 -9999 -9999 -9999 -9999 -9999 -9999 -9999 -9999 -9999 -9999 -9999 -9999 -9999 -9999 -9999 -9999 -9999 -9999 -9999 -9999 -9999 -12.4808116555214 -12.4854905903339 -9999 -9999 -9999 -9999 -9999 -9999 -16.9814713597298 -16.9800913333893 -16.8694608211517 -16.8502053022385 -16.860450387001 -16.8756953477859 -16.8774403333664 -16.8371846675873 -16.8209295868874 -16.8521744608879 -16.9199193120003 -16.9208844900131 -16.9540690779686 -16.9467543363571 -16.9414389133453
-9999 -9999 -9999 -9999 -9999 -9999 -9999 -9999 -9999 -9999 -9999 -9999 -9999 -9999 -9999 -9999 -9999 -9999 -9999 -9999 -9999 -13.4577483534813 -15.1620668768883 -9999 -9999 -12.4135518372059 -12.4382016658783 -9999 -9999 -9999 -9999 -9999 -15.545991897583 -16.7445756793022 -16.7266701459885 -16.6537907123566 -16.6409119367599 -16.6765331625938 -16.7146543264389 -16.7237750887871 -16.7523959875107 -16.7695168852806 -16.8006380796432 -16.8522592186928 -16.9278961420059 -16.9475491642952 -16.9157021641731 -16.922855257988
-9999 -9999 -9999 -9999 -9999 -9999 -9999 -9999 -9999 -9999 -9999 -9999 -9999 -9999 -9999 -9999 -9999 -9999 -9999 -9999 -9999 -9999 -9999 -9999 -9999 -9999 -9999 -9999 -9999 -9999 -9999 -9999 -16.24367582798 -16.6150361895561 -16.5546247363091 -16.516121506691 -16.5171185731888 -16.5481155514717 -16.5931131839752 -16.6246102452278 -16.6621077060699 -16.7241043448448 -16.7476012706757 -16.7635987401009 -16.7944081425667 -16.7970291376114 -16.7931504249573 -16.8562716245651
-9999 -9999 -9999 -9999 -9999 -9999 -9999 -9999 -9999 -9999 -9999 -9999 -9999 -9999 -9999 -9999 -9999 -9999 -9999 -9999 -9999 -9999 -9999 -9999 -9999 -9999 -9999 -9999 -9999 -9999 -9999 -14.3369737267494 -16.5105631351471 -16.4897490143776 -16.430557012558 -16.3949519395828 -16.3998258113861 -16.4761987328529 -16.5265718102455 -16.5474452376366 -16.5628181099892 -16.6396919488907 -16.7125651836395 -16.7009387016296 -16.6904200315475 -16.7095090150833 -16.7695988416672 -16.8526877164841
-9999 -9999 -9999 -9999 -9999 -9999 -9999 -9999 -9999 -9999 -9999 -9999 -9999 -9999 -9999 -9999 -9999 -9999 -9999 -9999 -9999 -9999 -9999 -9999 -9999 -9999 -9999 -9999 -9999 -9999 -12.1427545249462 -12.1329001486301 -16.4319044947624 -16.354283452034 -16.2950332164764 -16.2587823867798 -16.250531733036 -16.3262811899185 -16.3845309019089 -16.448780298233 -16.4860297441483 -16.5642796158791 -16.656528711319 -16.6827782392502 -16.7009317278862 -16.7349891066551 -16.8010467290878 -16.8466044068336
-9999 -9999 -9999 -9999 -9999 -9999 -9999 -9999 -9999 -9999 -9999 -9999 -9999 -9999 -9999 -9999 -9999 -9999 -9999 -9999 -9999 -9999 -9999 -9999 -9999 -9999 -9999 -9999 -9999 -9999 -9999 -9999 -16.2000871896744 -16.1620187759399 -16.1399863958359 -16.1279249191284 -16.1447600722313 -16.1720948219299 -16.2119292616844 -16.268764436245 -16.3300992846489 -16.4489337801933 -16.5582688450813 -16.6026029586792 -16.6447828412056 -16.6893073320389 -16.7143315076828 -16.7698556184769
-9999 -9999 -9999 -9999 -9999 -9999 -9999 -9999 -9999 -9999 -9999 -9999 -9999 -9999 -9999 -9999 -9999 -9999 -9999 -9999 -9999 -9999 -9999 -9999 -9999 -9999 -9999 -9999 -9999 -9999 -9999 -9999 -16.0009912848473 -16.0102571249008 -15.9715360403061 -15.9463796019554 -15.995509147644 -16.0761382579803 -16.1457675099373 -16.1943971514702 -16.2385264635086 -16.3191553354263 -16.4432855844498 -16.5364145040512 -16.5819741487503 -16.6094637513161 -16.6669531464577 -16.7064429521561
-9999 -9999 -9999 -9999 -9999 -9999 -9999 -9999 -9999 -9999 -9999 -9999 -9999 -9999 -9999 -9999 -9999 -9999 -9999 -9999 -9999 -9999 -9999 -9999 -9999 -9999 -9999 -9999 -11.6619782149792 -11.6664501428604 -9999 -15.9102310538292 -15.9215624332428 -15.8759861588478 -15.8459103107452 -15.810334444046 -15.8332582116127 -15.9291824698448 -16.0591062307358 -16.1505299806595 -16.2334539294243 -16.2838779687881 -16.3203018307686 -16.3562260866165 -16.4116650223732 -16.431120455265 -16.4925746917725 -16.5515300035477
-9999 -9999 -9999 -9999 -9999 -9999 -9999 -9999 -9999 -9999 -9999 -9999 -9999 -9999 -9999 -9999 -9999 -9999 -9999 -9999 -15.1437793374062 -15.1575530171394 -15.2163273692131 -15.3051005005836 -9999 -9999 -9999 -9999 -9999 -14.277744114399 -15.0400694012642 -15.6807753443718 -9999 -15.6924232840538 -15.7040703296661 -15.6516801118851 -15.6535072922707 -15.7362259030342 -15.8834444284439 -16.011162519455 -16.1313813924789 -16.2415992617607 -16.3133182525635 -16.3775370717049 -16.4128561615944 -16.4667764902115 -16.5151963829994 -16.5461166501045
-9999 -9999 -9999 -9999 -9999 -9999 -9999 -9999 -9999 -9999 -9999 -9999 -9999 -9999 -9999 -9999 -15.1103232502937 -15.0845464468002 -15.0607279539108 -15.0644719600677 -15.1342275738716 -15.1888429522514 -15.2251847982407 -15.2794474363327 -15.3780211210251 -15.4531943798065 -15.499617934227 -15.5210416316986 -9999 -9999 -9999 -9999 -9999 -15.5912172198296 -15.6012299656868 -15.526243686676 -15.4867562651634 -15.5572692155838 -15.701782643795 -15.8207958936691 -15.9513088464737 -16.1008216738701 -16.2273347377777 -16.31984770298 -16.3980472683907 -16.4689323306084 -16.5761336088181 -16.5947032570839
