data/past_env/bio6_avg_1994_2009.asc
NCOLS 664 
NROWS 380 
XLLCORNER 3.91666666666667 
YLLCORNER 55.3333333333333 
CELLSIZE 0.0416666666666667 
NODATA_value -9999 
[rows 252 to 272 of 380, columns 192 to 239 of 664]
-12.7139213681221 -12.78056204319 -12.7889521121979 -12.8748427629471 -12.9002324938774 -12.8006234169006 -12.7575131058693 -12.8166538476944 -12.9635375142097 -13.1001648902893 -13.1627926230431 -13.1189199090004 -13.200547337532 -13.2984618544579 -13.214944601059 -13.235676586628 -13.2246586680412 -13.2261413931847 -13.254873752594 -13.3468559980392 -13.4156509637833 -13.4660081267357 -13.4353764653206 -13.3572633862495 -13.2399001121521 -12.876103758812 -12.9992814064026 -13.1117084026337 -13.3634480834007 -13.5600852370262 -13.6737258434296 -13.7135834097862 -13.5987765789032 -13.6154768466949 -13.6064267754555 -13.6228761672974 -13.6155763864517 -13.5257760882378 -13.3632259964943 -13.2901756763458 -13.1991254687309 -13.1682752370834 -13.1618686318398 -13.129712164402 -13.1083883047104 -13.1151460409164 -12.9586742520332 -12.8659143447876
-12.5807919502258 -12.6519259214401 -12.6560598611832 -12.6561940908432 -12.5603280067444 -12.5677121281624 -12.7030961513519 -12.8017300963402 -12.6489179134369 -12.7441600561142 -12.9801526665688 -13.0951452255249 -13.1312234997749 -13.1260083913803 -13.1307933926582 -13.1704426407814 -13.1587718725204 -12.9726007580757 -12.9896795749664 -13.0677183866501 -13.1542353034019 -13.0716245174408 -13.0449825525284 -13.1151058673859 -13.0717297196388 -12.9581032395363 -12.8147689700127 -12.7825670838356 -13.078865647316 -13.3019446134567 -13.4447038173676 -13.5229628682137 -13.5181928873062 -13.5422654151917 -13.5695879459381 -13.5889109969139 -13.5212336182594 -13.4403068423271 -13.3423789739609 -13.2609525322914 -13.227774977684 -13.1573476791382 -13.0564206838608 -13.0403315424919 -12.9568037986755 -12.9230524897575 -12.8588728308678 -12.836050093174
-12.3369127511978 -12.4142900705338 -12.5114603042603 -12.5092956423759 -12.5174230337143 -12.4825506806374 -12.6001788377762 -12.7320559620857 -12.6557986736298 -12.6314059495926 -12.8025128245354 -12.9997890591621 -13.0148881077766 -12.9455552101135 -12.9261432290077 -12.9492301344872 -12.9793179631233 -12.8393377661705 -12.7242437005043 -12.7170175909996 -12.7923674583435 -12.8632274270058 -12.8203381896019 -12.7779479622841 -12.9133083224297 -12.9646689295769 -12.8334946632385 -12.7586754560471 -12.8430954217911 -13.1145141124725 -13.2449314594269 -13.3230915665627 -13.3804450035095 -13.4548040628433 -13.4802498817444 -13.539945602417 -13.529891371727 -13.4845868945122 -13.3647828698158 -13.3477284908295 -13.3101743459702 -13.2353700399399 -13.1171864271164 -13.0182619690895 -12.9138019680977 -12.8949363827705 -12.9126984477043 -12.9464292526245
-12.0787833034992 -12.2054045498371 -12.2895258665085 -12.3441470861435 -12.3572681546211 -12.2988892793655 -12.4072605967522 -12.5083821415901 -12.505428314209 -12.4676507115364 -12.654122710228 -12.8624956607819 -12.7391778826714 -12.7296726107597 -12.7627421021461 -12.8426324129105 -12.9147726893425 -12.821824669838 -12.7599257230759 -12.7450259923935 -12.4249997138977 -12.5638469457626 -12.612693965435 -12.5937905907631 -12.7731372714043 -12.7129842638969 -12.5944119691849 -12.6967375874519 -12.6575632095337 -12.666864991188 -12.9289645552635 -13.0655665397644 -13.2724501490593 -13.3918478488922 -13.4104118943214 -13.5062298774719 -13.5470486879349 -13.4843676686287 -13.389686524868 -13.3570052981377 -13.2675740718842 -13.1656426787376 -12.9537114500999 -12.8177798986435 -12.7483555674553 -12.8344370722771 -12.9010192155838 -12.9062675833702
-11.8261538743973 -11.9617688953876 -12.0361337959766 -12.0512481927872 -12.0791135430336 -12.0932285487652 -12.1348430216312 -12.3457083702087 -12.4594369530678 -12.2776916027069 -12.2582330107689 -12.5024518966675 -12.5774574279785 -12.5671484470367 -12.5473413467407 -12.6365342736244 -12.7499507665634 -12.787062048912 -12.6069233417511 -12.6987843513489 -12.5326318740845 -12.2042153477669 -12.2405491471291 -12.3443827033043 -12.5272166728973 -12.4775497317314 -12.3405794501305 -12.5293612480164 -12.5846434235573 -12.6061753034592 -12.658876478672 -12.8680375814438 -13.0637384057045 -13.1668816208839 -13.2450729608536 -13.3102645277977 -13.3527066707611 -13.3548979759216 -13.3600900173187 -13.3850315213203 -13.3349730968475 -13.2186648845673 -12.9706067442894 -12.738548874855 -12.7709088921547 -12.8061882257462 -12.8222172856331 -12.807496547699
-11.5702744722366 -11.6813831329346 -11.8149916827679 -11.8511002361774 -11.8812086582184 -11.8940674960613 -11.9614258110523 -12.050034403801 -12.1364240646362 -12.1927525699139 -11.9933432340622 -12.1292951703072 -12.1459964811802 -12.027811229229 -12.0674331784248 -12.3263053894043 -12.5281771421432 -12.6445490121841 -12.4614209532738 -12.2467929720879 -12.2522640228271 -12.3175844550133 -11.8799045979977 -12.0687252879143 -12.3160454034805 -12.2763658761978 -12.2112468481064 -12.3532349467278 -12.5099734067917 -12.6574615836143 -12.6999496221542 -12.6189417243004 -12.7944539785385 -12.9218667149544 -13.0106562376022 -13.1022995710373 -13.1123641133308 -13.0856788754463 -13.0792436003685 -13.2105576395988 -13.197372674942 -13.1554378867149 -12.990502178669 -12.8875666856766 -12.8317122459412 -12.797188937664 -12.7216653823853 -12.6963917613029
-11.4341452121735 -11.4814975559711 -11.5510992407799 -11.6249513030052 -11.6930540502071 -11.8679060935974 -11.8632581830025 -11.8154949247837 -11.83316218853 -11.7338131070137 -11.815357863903 -11.8716156184673 -12.0208728611469 -12.1030055880547 -11.9823882579803 -11.8800206780434 -12.0461537241936 -11.8625361919403 -11.836668908596 -12.0695512890816 -11.9663963913918 -12.0609533786774 -11.6980106532574 -11.6920675039291 -11.8628746569157 -11.9582195281982 -12.2106638550758 -12.0852043032646 -12.2895131707191 -12.5264977812767 -12.6823805570602 -12.6986892819405 -12.6150518655777 -12.7559686303139 -12.9188928604126 -13.0013343691826 -12.9115216732025 -12.8687094449997 -12.877897143364 -13.0268346071243 -12.9922723770142 -12.9569598436356 -12.8388974666595 -12.8278350234032 -12.754478931427 -12.6278115510941 -12.6028634905815 -12.5317873954773
-11.1548735797405 -11.2538618445396 -11.2864577770233 -11.384553194046 -11.5427943170071 -11.7304354906082 -11.7643265724182 -11.5939675867558 -11.5654000937939 -11.6551239490509 -11.7208476960659 -11.7650720775127 -11.6615458130836 -11.8420197665691 -11.8943432569504 -11.8994862735271 -11.7521301209927 -11.4290235340595 -11.3044169545174 -11.3865601718426 -11.4252784252167 -11.5740721821785 -11.4761157631874 -11.5529098510742 -11.6070296168327 -11.7666808068752 -11.8301650881767 -11.8797696828842 -12.1371241211891 -12.3432284593582 -12.5968326330185 -12.680187702179 -12.649755179882 -12.465971827507 -12.6312927603722 -12.7546144723892 -12.7106856703758 -12.7845070958138 -12.8765501379967 -12.941360771656 -12.9184214472771 -12.8777321577072 -12.8030426502228 -12.8418535590172 -12.8265696167946 -12.7303654551506 -12.5998119711876 -12.4976831674576
-11.3540004789829 -10.9978491663933 -11.0858153998852 -11.0135458111763 -11.2328945398331 -11.3859929442406 -11.37234172225 -11.2391903698444 -11.3566378653049 -11.5224347710609 -11.5947316884995 -11.6435285210609 -11.5013254284859 -11.610622137785 -11.7982981204987 -11.7329524457455 -11.6701065897942 -11.4655103981495 -11.0484146177769 -11.0543183386326 -11.1438556909561 -11.2769412696362 -11.3100697994232 -11.593677341938 -11.8465343117714 -11.8226417303085 -11.5424341261387 -11.7848350405693 -11.9112349748611 -12.186635017395 -12.3857852816582 -12.5411856174469 -12.5783440470695 -12.5972246527672 -12.4484508633614 -12.4939270615578 -12.5904031991959 -12.7818791866302 -12.8894000649452 -12.8876377344131 -12.8990709781647 -12.8267547488213 -12.7901881933212 -12.8193719387054 -12.7643728852272 -12.7139413356781 -12.5710102915764 -12.4605785608292
-10.9996039569378 -10.7968268096447 -10.8883827030659 -10.9541887640953 -10.926994651556 -10.9773009121418 -11.0078567266464 -11.1546628773212 -11.3411254584789 -11.3502449095249 -11.286115437746 -11.4954845905304 -11.4733548760414 -11.4072247445583 -11.3893440663815 -11.5594179332256 -11.6723328232765 -11.441247433424 -11.1936621069908 -10.9360769987106 -10.987284809351 -11.0423482060432 -11.1744120121002 -11.5207256376743 -11.4960395395756 -11.6056029200554 -11.4044542908669 -11.6156494915485 -11.7640954852104 -11.951791882515 -12.1092378497124 -12.3539336323738 -12.534846842289 -12.629477918148 -12.5808590054512 -12.4284898042679 -12.4803706407547 -12.6667516827583 -12.7942990660667 -12.8819018006325 -12.9090046882629 -12.7721074223518 -12.7070836424828 -12.6916403770447 -12.6104263663292 -12.5471922755241 -12.425207734108 -12.3392236232758
-10.5682117938995 -10.6206734478474 -10.6725312173367 -10.8328469395638 -10.8480589985847 -11.0375208854675 -11.1820049583912 -11.0626855194569 -11.1786903440952 -11.1870190501213 -11.0328480899334 -11.1946769356728 -11.2372554838657 -11.3445847928524 -11.3989134430885 -11.2904221117496 -11.3812502026558 -11.2415786385536 -11.1501564979553 -11.0554847121239 -11.1062390506268 -10.8867198228836 -10.9439680576324 -11.042409658432 -11.0924546718597 -11.0542494058609 -11.2400439679623 -11.5870888233185 -11.6158832609653 -11.7666781842709 -12.0197229385376 -12.1595174670219 -12.3604100942612 -12.5434002876282 -12.5513905882835 -12.4013808369637 -12.4576211571693 -12.5633609890938 -12.7211012840271 -12.8416063189507 -12.8438348174095 -12.6798138618469 -12.584335744381 -12.4992197155952 -12.4215564727783 -12.3979177474976 -12.2917285561562 -12.221538901329
-10.3698120713234 -10.3453020751476 -10.3515417873859 -10.4727810919285 -10.6222706139088 -10.6938117146492 -10.7780348658562 -10.8727579712868 -10.7538314163685 -10.6892558336258 -10.7011797726154 -10.895635664463 -11.0355304777622 -11.2654249668121 -11.4060692191124 -11.5467139482498 -11.3618586063385 -11.0900029540062 -10.9613973796368 -11.0510423481464 -10.9922480583191 -11.0530165731907 -10.9006682932377 -10.7701152265072 -10.8028116822243 -10.9845087528229 -11.0242052078247 -11.2306514680386 -11.301348388195 -11.6067948043346 -11.8787419199944 -12.0589385032654 -12.2349384427071 -12.2957422733307 -12.2982961535454 -12.2458499670029 -12.3884039521217 -12.5317077636719 -12.5617613196373 -12.6179123520851 -12.5849387645721 -12.5017783641815 -12.4749442338943 -12.4471099972725 -12.3582627773285 -12.3027526736259 -12.2434626817703 -12.1696726083755
-10.4979735016823 -10.3564888834953 -10.1119478344917 -10.2087149620056 -10.4457847476006 -10.5297999083996 -10.5894862115383 -10.7110809385777 -10.6269732415676 -10.5257422924042 -10.741701900959 -10.69616279006 -10.7068734765053 -11.0135847330093 -11.1730450689793 -11.1865062117577 -11.3634670972824 -11.3491777479649 -11.0981389582157 -10.8870995044708 -10.8207578361034 -10.8046136200428 -10.7589719891548 -10.714570581913 -10.6956687867641 -10.7465176284313 -10.6663661897182 -10.8699647188187 -11.1178130805492 -11.4574119746685 -11.6602604687214 -11.8598588109016 -12.006716966629 -12.1325842738152 -12.1304521560669 -12.0820689797401 -12.2379368543625 -12.3510700464249 -12.3634215593338 -12.3649682998657 -12.311042368412 -12.3368663191795 -12.4214414358139 -12.4660961031914 -12.3509784340858 -12.2090880870819 -12.1531974077225 -12.0988066792488
-10.3984477221966 -10.342800706625 -10.1501154303551 -10.1304231584072 -10.1146097481251 -10.275712698698 -10.3628158569336 -10.4884034097195 -10.5781090557575 -10.435635715723 -10.5499130487442 -10.6224402785301 -10.7349670231342 -10.7244942486286 -10.8950215280056 -11.0055483281612 -11.1470754146576 -11.2161025702953 -11.0091297328472 -10.9351565241814 -10.9325172007084 -10.9259612560272 -10.9099055528641 -10.8490257561207 -10.9185262322426 -10.6660268306732 -10.2745271027088 -10.4392774403095 -10.8722780942917 -11.3460288047791 -11.5420291125774 -11.7650294303894 -11.8819953799248 -12.0164262056351 -12.0731073021889 -12.0537885427475 -12.1062196493149 -12.1854007840157 -12.3656520843506 -12.3542740345001 -12.2556459903717 -12.2617678046227 -12.2983899712563 -12.3222163319588 -12.2274143099785 -12.1039229631424 -12.0369316339493 -12.0284397006035
-10.1534168124199 -10.0554131269455 -9.8881596326828 -9.89840626716614 -9.94565263390541 -10.0653990209103 -10.3063958585262 -10.2263922393322 -10.3119371533394 -10.4390305578709 -10.2498737871647 -10.4234669804573 -10.6100608110428 -10.6681537032127 -10.7237467765808 -10.794090539217 -10.8586836457253 -10.9002769887447 -10.9026199877262 -10.8927136659622 -10.7832769453526 -10.9070592224598 -10.7683733701706 -10.8739058077335 -11.1234383583069 -10.9517206847668 -10.538003474474 -10.1842859387398 -10.4775684475899 -10.9706451892853 -11.3200477063656 -11.5304497778416 -11.7120235264301 -11.9010183215141 -11.9917635321617 -11.9896515607834 -12.0185029506683 -12.1472472548485 -12.3424924612045 -12.3702372312546 -12.256500005722 -12.1701695919037 -12.1098393797874 -12.0455092191696 -11.9869585037231 -11.9222581088543 -11.8431658744812 -11.8060738146305
-9.7998850941658 -9.90777540206909 -9.65741559863091 -9.71705555915833 -9.77519553899765 -9.94583547115326 -10.04172539711 -10.0551156997681 -10.0890154540539 -10.1644251048565 -10.1060844957829 -10.1824942231178 -10.3634038567543 -10.5138136446476 -10.4759728014469 -10.6143826544285 -10.6750418841839 -10.7014516592026 -10.6688610613346 -10.7037707865238 -10.647785961628 -10.6984069645405 -10.7025922238827 -10.6987018883228 -10.9508111178875 -10.9584203660488 -10.821029484272 -10.4811386466026 -10.2332526445389 -10.6453572511673 -11.1883161664009 -11.367370724678 -11.5930517911911 -11.7571102678776 -11.8944187760353 -11.8989776968956 -11.9167859554291 -12.0385940670967 -12.2869024276733 -12.3712111115456 -12.238220512867 -12.1374944448471 -11.9730383753777 -11.8170059919357 -11.7538136541843 -11.6693335771561 -11.6218532323837 -11.5308730602264
-9.47260409593582 -9.48638790845871 -9.49017149209976 -9.54920473694801 -9.65073820948601 -9.74552178382874 -9.83130544424057 -9.91458919644356 -10.0413435697556 -10.0233197212219 -10.0727957487106 -10.0555213391781 -10.1749970912933 -10.3072229921818 -10.3631987273693 -10.5391748547554 -10.6926506757736 -10.70712646842 -10.6596023738384 -10.4549752771854 -10.3925454616547 -10.5357545614243 -10.604561984539 -10.5759980976582 -10.8131836354733 -10.8878698348999 -10.7295556664467 -10.6177414357662 -10.3947183191776 -10.4906770586967 -11.0248349905014 -11.2877913117409 -11.4880803227425 -11.6461009085178 -11.7793660759926 -11.8181313872337 -11.8416201174259 -12.0121413469315 -12.2915487289429 -12.3301849365234 -12.1617050766945 -12.0177266001701 -11.8479973971844 -11.7275190353394 -11.6439189612865 -11.5486978590488 -11.5246346592903 -11.4268411695957
-9.20163136720657 -9.15548837184906 -9.26609507203102 -9.33110398054123 -9.49578124284744 -9.52270814776421 -9.63038536906242 -9.72006231546402 -9.8029220700264 -9.86346399784088 -9.96250599622726 -10.053548425436 -10.045090585947 -10.1901329159737 -10.2281748354435 -10.3989669382572 -10.4590091407299 -10.4793010056019 -10.5970931947231 -10.5938856005669 -10.6443050801754 -10.6111022233963 -10.6606495082378 -10.456294208765 -10.5235569179058 -10.6788192391396 -10.6953318417072 -10.6993444263935 -10.5058572888374 -10.3702195286751 -10.9253824651241 -11.1746447980404 -11.4083585739136 -11.5676203966141 -11.6641836464405 -11.7152464389801 -11.7655592560768 -11.8615374267101 -12.0159734487534 -12.1004091501236 -12.0264402031898 -11.8814590275288 -11.7194770872593 -11.6139962673187 -11.5382748842239 -11.4690625965595 -11.431600689888 -11.3193889260292
-8.90824824571609 -8.91485810279846 -9.04071828722954 -9.12045004963875 -9.21132400631905 -9.3003948032856 -9.4037150144577 -9.53428548574448 -9.49850031733513 -9.72135889530182 -9.88446697592735 -9.96882507205009 -10.0206838846207 -10.0700422525406 -10.1176504194736 -10.2655090093613 -10.3898674547672 -10.4564758241177 -10.5250841081142 -10.5754424333572 -10.6303144991398 -10.635449886322 -10.5778354108334 -10.4183402359486 -10.2523565888405 -10.3902689218521 -10.4956081211567 -10.6446974873543 -10.5855365395546 -10.4352976977825 -10.8109652400017 -11.0728044509888 -11.275387018919 -11.4536398947239 -11.5342506468296 -11.5843613445759 -11.6587221026421 -11.7533840537071 -11.7618836760521 -11.7337371110916 -11.6666749417782 -11.6329407989979 -11.5667068660259 -11.5049733221531 -11.4066299498081 -11.3184268474579 -11.2519744634628 -11.135272026062
-8.64763933420181 -8.64186757802963 -8.82888945937157 -8.9890028834343 -9.07412421703339 -9.04824569821358 -9.13936674594879 -9.27525952458382 -9.30282831192017 -9.56050339341164 -9.74217808246613 -9.88535270094872 -9.88977721333504 -10.009202092886 -10.0133761763573 -10.1500510275364 -10.3114759325981 -10.3951504826546 -10.455824971199 -10.5214995741844 -10.6208244264126 -10.6592975258827 -10.5745216906071 -10.4903863370419 -10.320302426815 -10.2614684104919 -10.4336344301701 -10.5413000583649 -10.5572162270546 -10.5936321020126 -10.7960478663445 -11.000714212656 -11.1545012593269 -11.2621596753597 -11.2643181085587 -11.3468418121338 -11.3973847925663 -11.4484809339046 -11.4820437133312 -11.4503957927227 -11.4161595404148 -11.3529229164124 -11.3051864504814 -11.1919500827789 -11.1452349424362 -11.0802921950817 -11.0305986702442 -10.9301548600197
-8.69466298818588 -8.59846064448357 -8.53325822949409 -8.68449476361275 -8.84785377979279 -8.84715157747269 -8.96044918894768 -9.14424681663513 -9.04943683743477 -9.33051830530167 -9.49760019779205 -9.71968147158623 -9.66326323151588 -9.83936139941216 -9.97042679786682 -10.0945079922676 -10.215584218502 -10.2860750854015 -10.3388161659241 -10.4125568568707 -10.4520836472511 -10.5306453704834 -10.5482070446014 -10.5791825652122 -10.5786753594875 -10.4556679129601 -10.3459105193615 -10.3644031584263 -10.3401457369328 -10.1963885426521 -10.5498807728291 -10.7376237213612 -10.855222672224 -10.9896790385246 -11.0411351919174 -11.1105913519859 -11.106297492981 -11.1390038728714 -11.1289598941803 -11.2066334784031 -11.160144507885 -11.0911554396152 -11.0049157440662 -10.9711769223213 -10.8183401525021 -10.7371565997601 -10.7682223916054 -10.6882881224155
