data/past_env/bio6_avg_1994_2009.asc
NCOLS 664 
NROWS 380 
XLLCORNER 3.91666666666667 
YLLCORNER 55.3333333333333 
CELLSIZE 0.0416666666666667 
NODATA_value -9999 
[rows 105 to 125 of 380, columns 288 to 335 of 664]
-16.3131523132324 -16.5149211883545 -16.7311903834343 -16.8874594569206 -17.0067289471626 -17.1849979758263 -17.403766810894 -17.5987856388092 -17.6893163919449 -17.7148576974869 -17.7621496319771 -17.730940759182 -17.7009824514389 -17.7635241746902 -17.8650652766228 -17.9353565573692 -17.9241482019424 -17.9841894507408 -17.9892312288284 -18.0767729282379 -18.0485574603081 -18.0333350896835 -18.0618633627892 -18.1043910980225 -18.1326681375504 -18.1699466109276 -18.1857235431671 -18.251001894474 -18.3345803618431 -18.391429901123 -18.4606659412384 -18.5448416471481 -18.5433733463287 -18.5729424953461 -18.5865373015404 -18.629630625248 -18.734225153923 -18.8310682177544 -18.8719126582146 -18.8700063824654 -18.9208498001099 -18.9974445700645 -19.0220376253128 -19.0483816862106 -19.0951807498932 -19.028185904026 -18.9661900401115 -19.0161947607994
-16.5372733473778 -16.6758942008018 -16.826014995575 -17.0311353802681 -17.2202564477921 -17.2848770022392 -17.4114981889725 -17.5853689908981 -17.6986728310585 -17.7564078569412 -17.8218948245049 -17.9206309914589 -17.9146167039871 -17.8871033787727 -17.9000895619392 -17.9668260812759 -18.0263122320175 -18.0790486335754 -18.124534368515 -18.1505204439163 -18.1396546959877 -18.114685356617 -18.1407158374786 -18.1934958696365 -18.2560272216797 -18.3058076500893 -18.3365889787674 -18.30236941576 -18.3171491622925 -18.3609300851822 -18.4164611697197 -18.5086645483971 -18.5467305779457 -18.616300880909 -18.7596033215523 -18.9187720417976 -19.0030081272125 -19.068244099617 -19.0397599339485 -18.9965983629227 -19.0184369087219 -19.0697754621506 -19.1061143875122 -19.1242024302483 -19.180734872818 -19.1827358603477 -19.2167280316353 -19.2188559770584
-16.8451419472694 -16.8900108933449 -16.8651301264763 -16.9342497587204 -17.1153693199158 -17.2869884371758 -17.3966075778008 -17.4759774208069 -17.6333341002464 -17.7654749751091 -17.87068349123 -17.9866428375244 -18.0508519411087 -18.0323096513748 -18.0552684664726 -18.07047778368 -18.1329360604286 -18.2206444144249 -18.2486035227776 -18.2498120069504 -18.3085808157921 -18.3284090161324 -18.3562372326851 -18.3660650253296 -18.4121435880661 -18.4899713397026 -18.5210499167442 -18.473877966404 -18.4237059354782 -18.4027838110924 -18.4111115932465 -18.4446905255318 -18.444656431675 -18.5513929724693 -18.8253477811813 -18.7732852101326 -18.7544717788696 -18.7841591835022 -19.0598459839821 -19.1940677762032 -19.1322636008263 -19.1794590950012 -19.2384039759636 -19.1467978954315 -19.0757818222046 -19.1211467981339 -19.2275117635727 -19.3419845104218
-17.0370100140572 -17.0848779678345 -17.0657457113266 -17.0773639678955 -17.1567320823669 -17.2265999317169 -17.3424668908119 -17.5415851473808 -17.7064589858055 -17.9078275561333 -17.9944720864296 -18.0564037561417 -18.0713353157043 -18.1102660298347 -18.1349474787712 -18.1398788690567 -18.1860597729683 -18.2934905290604 -18.4145452976227 -18.4742184877396 -18.431756913662 -18.4008830785751 -18.4597586989403 -18.5516338944435 -18.6115093231201 -18.6756351590157 -18.6726278066635 -18.5956370234489 -18.573762178421 -18.5331372022629 -18.4647628068924 -18.4493889808655 -18.4681734442711 -18.5602169632912 -18.8025200366974 -18.9125471711159 -18.9509357213974 -18.9223240017891 -19.1017223000526 -19.1645500659943 -19.1556268334389 -19.2233005166054 -19.3209228515625 -19.3352961540222 -19.3214713335037 -19.3132793307304 -19.4074738025665 -19.5020138025284
-16.8536283969879 -17.0059952139854 -17.0073617100716 -17.0792279839516 -17.1953447461128 -17.2707108855247 -17.4045768976212 -17.637613594532 -17.8762040734291 -18.0705789923668 -18.184700012207 -18.1259157061577 -18.1090689897537 -18.1107228398323 -18.1246265172958 -18.1187802553177 -18.1421843767166 -18.233337521553 -18.3312410116196 -18.4631453752518 -18.482433795929 -18.5559921264648 -18.6587730646133 -18.7165555953979 -18.7315872311592 -18.7375485301018 -18.7187216877937 -18.6068959832191 -18.6000674962997 -18.715994656086 -18.7071638703346 -18.6535866856575 -18.6249412298203 -18.6424749493599 -18.7799514532089 -18.9608616232872 -19.0287722349167 -19.0079486370087 -19.1013180613518 -18.8634179234505 -18.649007499218 -18.8683461546898 -19.2304989099503 -19.4557443261147 -19.5483352541924 -19.5023403167725 -19.4209960699081 -19.4965574741364
-16.7747465372086 -16.831611931324 -16.9349766969681 -17.1305921077728 -17.2909570932388 -17.3823218345642 -17.4986867308617 -17.7333018779755 -17.9779503941536 -18.2043308019638 -18.373211145401 -18.4119918942451 -18.3539879322052 -18.359679043293 -18.407555103302 -18.4199315309525 -18.4040578007698 -18.3876845240593 -18.4380601644516 -18.5204367637634 -18.5871107578278 -18.6595816612244 -18.7270511388779 -18.7897714972496 -18.8219715952873 -18.8587381243706 -18.8521727919579 -18.7741481661797 -18.7376236319542 -18.8740984797478 -18.984824359417 -18.9901915788651 -18.9279584884644 -18.8400817513466 -18.8249551057816 -18.8879011869431 -18.9476689696312 -18.9749364852905 -18.9915899038315 -18.8909929990768 -18.6555262804031 -18.6370661258698 -18.9240745306015 -19.2848510742188 -19.5766022205353 -19.5547932386398 -19.3857686519623 -19.4142037034035
-17.0621153116226 -17.1117290258408 -17.224842607975 -17.3159559369087 -17.4035699367523 -17.5116835832596 -17.6255468726158 -17.7961603999138 -17.9952269792557 -18.184583067894 -18.4244688749313 -18.5908553600311 -18.5522406101227 -18.5711271762848 -18.6760129928589 -18.7503978610039 -18.7732846140862 -18.7891707420349 -18.8320567011833 -18.8929426670074 -18.9780930280685 -19.0260090827942 -19.0282698869705 -18.9836883544922 -18.9136088490486 -18.8668765425682 -18.8479443192482 -18.8931145071983 -18.8907833695412 -18.8264511823654 -18.7961204648018 -18.8726745247841 -19.0544812679291 -19.1251780390739 -19.0828763246536 -19.0755736231804 -19.121771633625 -19.1234689950943 -19.0723157525063 -19.0528647303581 -19.0307810902596 -18.9401224255562 -19.0267016291618 -19.2082082033157 -19.4273684024811 -19.3756833672523 -19.1443237066269 -19.1879333853722
-17.229984164238 -17.2518460154533 -17.3044578433037 -17.3535702228546 -17.4356824159622 -17.5560443401337 -17.6574068665504 -17.7967685461044 -17.950485765934 -18.1628349423409 -18.4262261986732 -18.6656180024147 -18.8270092010498 -18.8815044164658 -18.8931507468224 -18.929046690464 -18.9920768141747 -18.945967912674 -19.0148600935936 -19.1391317248344 -19.241846382618 -19.2916288971901 -19.285160779953 -19.2284429073334 -19.1312255859375 -18.9636126756668 -18.8219661712646 -18.8618294596672 -18.9299421906471 -18.8050537109375 -18.7074379920959 -18.8003251552582 -19.1888955831528 -19.3699454069138 -19.3479963541031 -19.301270544529 -19.2887495756149 -19.2992284297943 -19.2714580893517 -19.2236880064011 -19.2311661243439 -19.2852992415428 -19.298788189888 -19.2680646181107 -19.2528846263885 -19.228822350502 -18.9857367277145 -18.9832842946053
-17.0678524971008 -17.1579633355141 -17.2560738325119 -17.3391842246056 -17.4707949757576 -17.604905962944 -17.7212665081024 -17.8496267795563 -17.9935797452927 -18.1316240429878 -18.2957694530487 -18.5108563899994 -18.7477779388428 -18.9136766791344 -18.9795737862587 -18.8744705915451 -18.9403686523438 -18.9852515459061 -19.0151646733284 -19.127025783062 -19.168863594532 -19.1880304813385 -19.1882939338684 -19.1906823515892 -19.1790710687637 -19.1264602541924 -19.0510976314545 -18.960781276226 -18.8703514933586 -18.8329074382782 -18.9714539647102 -19.1321710348129 -19.259926378727 -19.2972751259804 -19.2689489126205 -19.2499647140503 -19.2783551812172 -19.3252152204514 -19.2933261394501 -19.2370170354843 -19.2115511894226 -19.1383761763573 -19.1055839657784 -19.1726274490356 -19.2569209337234 -19.2201635241508 -19.0263821482658 -18.9978864789009
-17.0067208409309 -17.0873304605484 -17.234439432621 -17.4092980623245 -17.5391579866409 -17.6937609910965 -17.8588854670525 -18.0372605323792 -18.1829622983932 -18.2922414541245 -18.3532705307007 -18.3765494227409 -18.6530787348747 -18.8036074638367 -18.8923540711403 -18.944757938385 -19.010161459446 -19.1090644598007 -19.1449673771858 -19.0934437513351 -19.0685139298439 -19.0892317295074 -19.1031703352928 -19.1095359325409 -19.0838371515274 -19.1576662063599 -19.2359430193901 -19.1244723200798 -18.8539562821388 -18.7265459895134 -18.8271350860596 -19.0237230062485 -18.9468079209328 -18.9424515366554 -19.0234084129333 -19.1453648805618 -19.2626141905785 -19.2980204224586 -19.3050750494003 -19.2606302499771 -19.1536864042282 -18.9892398118973 -18.8815444111824 -19.0413491725922 -19.1517452597618 -19.074392914772 -18.994463801384 -19.0777337551117
-17.218089222908 -17.2466967105865 -17.2920549511909 -17.4309124946594 -17.585521042347 -17.7466279864311 -17.9383619427681 -18.1007715463638 -18.2676797509193 -18.4370887875557 -18.5664983391762 -18.7039074897766 -18.8728162646294 -18.921226143837 -18.8766351938248 -18.9890438318253 -19.192452788353 -19.3218623995781 -19.3632711172104 -19.2756809592247 -19.2300255894661 -19.2018043398857 -19.122584939003 -19.0314537286758 -18.9213236570358 -18.9540904760361 -19.111513376236 -19.3099584579468 -19.3236249089241 -19.1905443072319 -19.0939437150955 -18.9992756843567 -18.8370655179024 -18.5800514817238 -18.567413687706 -18.7903115749359 -19.0155594944954 -19.1819993257523 -19.2726104259491 -19.2589725255966 -19.1873736381531 -19.0055101513863 -18.879645884037 -18.8978474736214 -18.9304247498512 -18.9040335416794 -19.0105900168419 -19.0393975377083
-17.353457570076 -17.4103138446808 -17.4696701169014 -17.5955267548561 -17.682633638382 -17.7667401432991 -17.8260957598686 -17.887701690197 -17.9583604335785 -18.1443220376968 -18.3432721495628 -18.6766705513 -18.9937767982483 -19.1286616325378 -19.1127970814705 -19.2031819820404 -19.2675675153732 -19.3279903531075 -19.3998481631279 -19.4129904508591 -19.4097583889961 -19.4003790020943 -19.423308968544 -19.379628777504 -19.2312404513359 -19.1088613271713 -19.0924825072289 -19.2254060506821 -19.2923129796982 -19.3081679344177 -19.380276799202 -19.4389249682426 -19.4564729332924 -19.3386763930321 -18.639217376709 -18.3429689407349 -18.538600564003 -18.8042340278625 -18.9451165795326 -19.0649988651276 -19.0856724381447 -18.9440826773643 -18.8106969594955 -18.7419044971466 -18.732213139534 -18.7500873208046 -18.8876373171806 -18.9579389095306
-17.2523261904716 -17.3461808562279 -17.4635357260704 -17.5998909473419 -17.6892463564873 -17.7648512721062 -17.8994548916817 -18.0413103103638 -18.161954164505 -18.2793885469437 -18.403072476387 -18.6213790178299 -18.8588551878929 -18.9227757453918 -18.9386965036392 -19.1977051496506 -19.401022195816 -19.4883736371994 -19.5319738388062 -19.4773246645927 -19.364188015461 -19.3691415786743 -19.4553455114365 -19.4622999429703 -19.3637530207634 -19.3657070398331 -19.4483946561813 -19.5050200819969 -19.4785739779472 -19.45912784338 -19.5431824922562 -19.6042377948761 -19.5839687585831 -19.574375629425 -19.3807814717293 -19.1922037601471 -18.7775372266769 -18.2651641964912 -18.2018503546715 -18.5642740130424 -18.8389271497726 -18.7876566648483 -18.6983413100243 -18.5862774848938 -18.5493136644363 -18.5544540882111 -18.7631856799126 -18.8463219404221
-17.3526512384415 -17.3747771978378 -17.494653403759 -17.6487790346146 -17.7421554327011 -17.8425309062004 -17.9754068255424 -18.139282643795 -18.2894676923752 -18.424963414669 -18.620102763176 -18.8139820694923 -18.8549493551254 -18.7849445343018 -18.8491902351379 -18.8059359788895 -18.9496794939041 -19.1618111729622 -19.3024964928627 -19.2953729629517 -19.3242081999779 -19.3967517018318 -19.431334733963 -19.4493705630302 -19.4254277348518 -19.5124861598015 -19.6530432105064 -19.7155997753143 -19.6421570777893 -19.5447144508362 -19.4612717628479 -19.5973290205002 -19.6545014381409 -19.5917890071869 -19.4960751533508 -19.4248620271683 -19.0861533880234 -18.4632566571236 -17.9306664466858 -17.8961455225945 -18.165123462677 -18.3132765293121 -18.325968682766 -18.4476617574692 -18.5192179083824 -18.6792867779732 -18.7983541488647 -18.8554770350456
-17.346683204174 -17.4713529348373 -17.630272090435 -17.773191511631 -17.8641102313995 -17.9065294861794 -17.946698486805 -17.9978683590889 -18.1294011473656 -18.3182973265648 -18.5307592153549 -18.75108897686 -18.8097340464592 -18.6886302232742 -18.7387762069702 -18.8945409059525 -18.9499098658562 -18.9895290732384 -19.0206485390663 -18.9960182309151 -19.109878718853 -19.1237292289734 -19.18465924263 -19.3417931199074 -19.4771094322205 -19.4976754784584 -19.4417412281036 -19.4938074946404 -19.5948398113251 -19.4906928539276 -19.248408138752 -19.3233969211578 -19.4379549026489 -19.4967178702354 -19.4899808168411 -19.4147433042526 -19.1935067772865 -18.8832134604454 -18.6032656431198 -18.283850133419 -18.0748514533043 -17.8831713795662 -17.6379617452621 -17.7175005078316 -17.9963535666466 -18.4898281097412 -18.7148550152779 -18.7031154632568
-17.394215464592 -17.3571777939796 -17.4281411170959 -17.598103761673 -17.8233162760735 -17.9930291175842 -18.0817421674728 -18.0974551439285 -18.1530841588974 -18.2346304655075 -18.4666768312454 -18.5849731564522 -18.5907691121101 -18.5425653457642 -18.5806116461754 -18.6786578297615 -18.9543913006783 -19.148079097271 -19.3384603261948 -19.4609203934669 -19.5186184644699 -19.5177828073502 -19.3114638924599 -19.3466300964355 -19.4708735942841 -19.5393742322922 -19.4553754329681 -19.3820750117302 -19.3780183792114 -19.3991696238518 -19.2014719843864 -19.2599645853043 -19.4359084963799 -19.5671478509903 -19.5243870019913 -19.3871044516563 -19.1810771822929 -18.8597173690796 -18.6437490582466 -18.4732574224472 -18.3553103208542 -18.2114282250404 -17.8868416547775 -17.6234424710274 -17.5992633700371 -17.9518038630486 -18.3697937130928 -18.460599064827
-17.2839980125427 -17.3210037946701 -17.4100096225739 -17.5052656531334 -17.639073073864 -17.8627776503563 -18.0817842483521 -18.23554033041 -18.2762669920921 -18.3622126579285 -18.4386600255966 -18.4906067848206 -18.5728034377098 -18.6985002756119 -18.8728610873222 -18.9211159944534 -19.0523719787598 -19.2396854758263 -19.3296663761139 -19.369147837162 -19.4634358882904 -19.557521045208 -19.3323484659195 -19.2844314575195 -19.2812647819519 -19.3064733743668 -19.3011965155602 -19.2772812843323 -19.3221875429153 -19.4151464700699 -19.3011196255684 -19.2092116475105 -19.2811074852943 -19.310559630394 -19.0456890463829 -19.1047121882439 -18.8944605588913 -18.4917205572128 -18.3859815001488 -18.3724914193153 -18.3320019245148 -18.3250125646591 -18.2532725334167 -18.2005334496498 -18.0396944880486 -17.8148374557495 -17.6415026187897 -17.7731670737267
-17.2962802648544 -17.3115797042847 -17.3788792490959 -17.5799285173416 -17.7159783840179 -17.8093945384026 -18.0002264380455 -18.1551263928413 -18.296449303627 -18.402046918869 -18.5366438627243 -18.5329913496971 -18.526088476181 -18.5769362449646 -18.6797831654549 -18.8336305618286 -18.9999780654907 -19.0395747423172 -19.0741716623306 -19.1135183572769 -19.1418338418007 -19.2680329084396 -19.385630607605 -19.4180011749268 -19.2946308851242 -19.313580095768 -19.2477791905403 -19.0377282500267 -18.9851067662239 -19.2415943145752 -19.2813314795494 -19.1822208762169 -19.2115284204483 -19.2809591293335 -19.0165059566498 -18.9409952163696 -18.8182342648506 -18.590723991394 -18.5519643425941 -18.5812037587166 -18.5906928181648 -18.5424033999443 -18.3611721992493 -18.1871619820595 -18.0267953872681 -17.7740725874901 -17.6511005759239 -17.5936273336411
-17.3883117437363 -17.394654750824 -17.4142476916313 -17.5830915570259 -17.7871832847595 -17.8762429356575 -18.044415473938 -18.1598311662674 -18.3062029480934 -18.4058799743652 -18.5253781080246 -18.6368758678436 -18.7303726673126 -18.7843706607819 -18.8613681197166 -18.9518657922745 -19.0163633823395 -19.1192249655724 -19.1811152100563 -19.1686070561409 -19.1352518200874 -19.1427938342094 -19.1138355135918 -19.1259313821793 -19.2602464556694 -19.4653771519661 -19.4230346679688 -19.1559424996376 -19.0442305803299 -19.0525068044662 -19.1580432653427 -19.0115706920624 -19.0218843221664 -19.0906029343605 -19.0650715231895 -18.9585404396057 -18.8130084276199 -18.6974779963493 -18.6396972537041 -18.6848170757294 -18.7184758782387 -18.4071024656296 -17.8495714068413 -17.6117676496506 -17.4770120382309 -17.4616443514824 -17.6487235426903 -17.866053879261
-17.1963437199593 -17.2947303056717 -17.4046171307564 -17.5502532720566 -17.6962705254555 -17.786089360714 -17.9775837659836 -18.1727977395058 -18.3559687137604 -18.5358571410179 -18.7074758410454 -18.8511044979095 -18.9364759922028 -18.9895566105843 -19.029704272747 -19.0786019563675 -19.0885009765625 -19.0903989076614 -19.2147325873375 -19.3892517089844 -19.4412708878517 -19.3988716006279 -19.3015000224113 -19.2136808037758 -19.222112596035 -19.3317601084709 -19.4112028479576 -19.213897049427 -19.1218401789665 -19.0607840418816 -19.0859775543213 -18.9559203982353 -18.9334908127785 -18.9144393801689 -18.8953865170479 -18.8608350157738 -18.7995332479477 -18.569230735302 -18.4234291911125 -18.41087692976 -18.4595751166344 -18.2505229711533 -17.8228072524071 -17.501058280468 -17.2827662825584 -17.2289294600487 -17.3855935335159 -17.7264795303345
-17.3526262640953 -17.4188061952591 -17.4977356791496 -17.5881658792496 -17.6460955142975 -17.6731986999512 -17.8718186020851 -18.0813244581223 -18.321354329586 -18.5118027925491 -18.6187500357628 -18.7376981973648 -18.8513960242271 -19.0683439970016 -19.3105414509773 -19.4487392902374 -19.4159374237061 -19.4218846559525 -19.2905830740929 -19.2929527759552 -19.3621763586998 -19.3854743242264 -19.4994541406631 -19.3354334831238 -19.3101633787155 -19.2716425061226 -19.2231222391129 -19.1853520274162 -19.1783319711685 -19.2043114900589 -19.2027159929276 -19.1252700090408 -19.0193485021591 -18.9132761955261 -18.813203394413 -18.7276307344437 -18.7133083343506 -18.5664842128754 -18.4286606311798 -18.3978383541107 -18.345764875412 -18.2799424529076 -18.1961196660995 -17.8925470709801 -17.4730199575424 -17.2318611741066 -17.417891740799 -17.7418274283409
