data/past_env/bio8_avg_1994_2009.asc
NCOLS 664 
NROWS 380 
XLLCORNER 3.91666666666667 
YLLCORNER 55.3333333333333 
CELLSIZE 0.0416666666666667 
NODATA_value -9999 
[rows 220 to 241 of 380, columns 588 to 636 of 664]
11.5250271123368 11.503541983664 11.6139736073092 11.7716132700443 11.8687531873584 11.9808096401393 11.7427611537278 11.6906155906618 11.6197227276862 11.7977576479316 11.7497815759853 11.7877642661333 11.0940279485658 11.83289573621 11.1125052375719 11.0416978425346 10.9996906493325 10.9614952753182 10.9670427441597 10.9073235341348 10.8181827990338 10.8700838983059 10.8398183137178 9.9880170924589 10.7669955468737 11.6665198383853 11.6298473030329 11.4735915213823 11.51258574659 11.5918717142195 11.4988660439849 10.8750791950151 10.7814206238836 10.8163500968367 10.8638653997332 10.8854638887569 10.996478676796 10.918244016706 10.7040090430528 9.80483751744032 8.61352027580142 8.6536938175559 8.76765919663012 9.04317887499928 8.65369990468025 7.48906903341413 7.33707929775119 7.35017284378409 7.41568287834525
11.3415927337483 11.4116320470348 11.4096711203456 11.2102566659451 11.3893237141892 11.464141279459 11.6407082267106 11.6988587714732 11.7670801058412 11.7250381819904 10.9401755966246 11.922292150557 11.6159543395042 11.8580949008465 11.8208295926452 11.0266781100072 10.9695340519102 10.9156151216011 10.9039542651735 10.8195242630318 10.8505061715841 10.2811264172196 11.0546079296619 10.9675752818584 10.8981697135605 11.6966425422579 11.7406126242131 11.7034574598074 11.6555521246046 11.2419664263725 11.16506832093 11.0012121001491 10.8245097119361 10.7705326545984 10.8881185352802 10.9083287445828 10.2633672207594 11.0421250322834 10.2636738223955 9.038833508268 8.79846356250346 8.73484335280955 8.71718176081777 8.72764487564564 8.721345519647 7.59907289408147 7.47420812770724 7.44646839797497 7.48031214624643
11.1012668637559 11.0952134700492 10.7582398590166 10.7999495591503 10.8689508712851 11.3993334397674 11.7449569180608 11.5263935420662 11.6473121754825 11.7721193432808 11.1108843870461 11.8422335535288 10.2207963187248 10.0467749244999 10.7677208883688 10.9985286868177 10.92683526373 10.870975213591 10.8651982918382 10.069004766643 10.9399124482879 11.1257547009736 11.1223469991237 11.0948977395892 11.073948001489 10.7035810127854 11.417506724596 11.3987912349403 11.3198671210557 11.2178179547191 11.1084771356545 11.00917815906 10.8430172502995 10.8497978057712 10.9399126023054 11.0236204689136 11.0280579999089 10.3709993911907 9.65243771485984 9.50661619286984 9.07032298366539 9.25018159113824 8.81520387344062 9.05337209813297 8.76165854372084 7.61461818218231 7.53758683800697 7.52768070064485 7.53185783885419
11.2108953581192 11.2830545380712 11.3917559450492 11.4452069625258 10.9940702337772 11.0092750843614 11.0045216996223 10.9813933242112 11.1171724498272 10.4461337225512 11.057593241334 10.764847420156 10.3556417934597 10.1268191561103 10.0163300833665 9.95588212274015 10.8618864590535 10.8596021258272 10.1387503959704 10.9659079040866 10.9754450917244 10.28049463965 10.3085214646999 11.1341889034957 11.1729349568486 10.7662625275552 9.98317334521562 9.65815005358309 10.5638864859939 9.64747384190559 9.26487164199352 9.93628167081624 10.8823195528239 10.91003708262 11.0237696294207 11.1216416088864 10.3381054550409 11.0408027768135 9.23276343429461 9.50396098196507 9.38672430394217 9.27530893008225 8.94226824678481 8.82997790910304 8.80667878873646 8.81432940997183 7.64671576395631 7.57485126145184 7.59869539365172
10.9760133684613 11.0017136717215 11.0571221932769 11.1767808720469 11.2222730070353 11.2919318079948 10.576434917748 10.5514343138784 10.6362596787512 10.7102031037211 10.758979126811 10.8055471591651 10.4095702469349 10.4692666660994 10.0759897951502 9.9404459989164 9.88267549406737 10.9777289282065 11.7653602287173 10.3517672619782 11.123823014088 11.0651808781549 10.007228649687 11.1321888379753 11.3718596212566 11.3589667752385 9.8046894101426 9.74181527923793 10.4428572827019 10.0356981805526 9.94272007606924 9.42035923153162 10.1733767017722 10.1933618932962 11.0728014484048 11.1382567360997 10.1767834555358 9.33237750083208 9.51446989225224 9.6595556748216 9.42800051672384 9.26745838363422 9.21181307407096 9.06819053925574 9.06212332099676 8.83972711488605 7.71101120207459 7.71827192045748 7.70907439757138
11.0919846966863 11.1118887942284 11.2337927930057 11.3395300768316 11.2947254925966 10.5395512189716 10.6808885112405 9.96810917556286 10.5803255382925 10.686313405633 10.7382593490183 10.7305386662483 9.99131731688976 9.84405218623579 9.76474581938237 10.0222916703206 9.99895876459777 9.89362584752962 10.5724332709797 9.98000177927315 9.93675764836371 9.98776982654817 10.0064068455249 9.81587766623124 10.4627805699129 9.69048532284796 9.51528895180672 10.2359410868958 9.44472993072122 9.91596426814795 10.1778106000274 9.8689519893378 9.86684878729284 10.167580448091 10.2230357031804 10.3350440338254 9.5711573632434 9.15782627218869 9.43790279328823 9.59885892039165 9.29340183548629 9.13114943401888 8.89952164422721 9.10439154319465 9.10598621889949 7.95422368776053 7.67080669105053 7.69273421820253 7.73837022762746
11.0341482013464 11.1204395648092 11.2049803584814 11.2419380806386 9.79686860181391 10.5350569225848 10.5852999836206 10.3900428581983 10.5985545180738 10.6851665452123 10.1063755117357 10.0759140625596 9.97670278698206 9.80932446941733 9.77657171525061 10.0537538090721 9.9946244135499 9.93941153306514 9.84265727782622 10.6593035415281 10.0814550537616 10.0238973712549 9.89833990705665 9.74415748257888 10.3477578414604 10.2545856293291 10.2102053761482 10.145408205688 10.8943298440427 10.1946471575648 10.2546420516446 9.96627223491669 10.1976281106472 10.1204523816705 10.8660632120445 10.1483934549615 10.1481139333919 9.37785714585334 9.43257935345173 9.49750998103991 9.43652386707254 9.30953785101883 8.93158570956439 8.88797633256763 9.18931475002319 7.73908946383744 7.74228993058205 7.80599040351808 7.81369106774218
11.0083372173831 11.0913239344954 10.4460943378508 10.4278525654227 10.5031524319202 10.5652858093381 9.78909975104034 9.57834551983979 10.2967778115417 10.3717202022672 10.5508295018226 9.94156659394503 9.9323444403708 9.84749743528664 9.80369197390974 9.80263644270599 9.99775569606572 10.0722622973844 10.0401438493282 10.1422752700746 9.95477824937552 9.66390311223222 9.63515236461535 9.5882357340306 10.3124326886609 10.98156563472 10.9580951426178 10.2443979876116 11.0267379013821 10.0007973490283 10.3399048196152 10.0759934759699 10.3298157579266 10.2097560567781 10.1559048043564 9.84270954597741 9.09123631287366 9.08358276728541 9.06822087429464 9.05327581893653 9.27764319442213 8.98463543970138 8.98485705815256 8.95274517731741 8.92847628192976 8.94463409669697 8.09542636573315 7.88483230920974 7.91949518769979
10.2141478457488 10.2415461142082 9.67347786203027 9.69799575395882 9.59705481363926 9.61148937541293 9.61050672520651 9.53252458805218 10.2287095254287 10.2318987743929 10.2952129598707 10.4199022678658 10.5694248657674 10.4579058270901 9.77964539267123 9.85087096132338 10.1867208518088 10.2271548174322 10.2315469346941 10.0343143399805 9.80380995105952 9.57528307056054 9.53733990807086 9.53373007755727 11.008102633059 11.016675603576 10.3274333029985 10.4015542888083 10.5025922060013 10.4012131616473 10.0642564371228 10.3972051788587 10.3618363910355 10.2779782488942 9.96543191373348 10.267761337338 10.157986342907 10.1437532929704 9.03808713983744 9.29950782004744 9.29759581293911 9.27997593255714 8.99037837935612 9.00863891653717 9.03636243380606 9.3108171261847 9.4258977919817 8.41797927425068 8.10934092605021
9.61288665700704 9.6598844230175 9.79042366892099 9.80479628033936 9.66654426883906 9.57487482763827 9.48741404153407 9.5085366871208 9.52406003791839 9.47019134089351 10.2553464053199 10.259407505393 10.2668022159487 10.4186963783577 10.4965907428414 9.82085544243455 9.67811197321862 10.5695772025501 10.5755768070667 9.72868685936555 9.60846639657393 9.58337192703038 10.3464560704306 10.1711794387084 11.2158771430259 10.5323841571808 11.1876949394355 10.2082871670427 10.4886449624319 10.4252876266837 9.97797239292413 10.0980197936296 10.3902740329504 10.3164917205577 10.3241682996741 10.4273444665596 9.24364582759154 9.45141263632104 9.37323638238013 9.35735164070502 9.36967569147237 9.36387473531067 9.40734124090523 9.42221680190414 9.16508200857788 9.18304791068658 9.48270530253649 8.44016145297792 8.16406169347465
9.55091434717178 9.55343345613801 9.60903589846566 9.67913863342255 9.65928309876472 9.51676078652963 9.38202994363382 9.38284096680582 9.38870275532827 9.43824004987255 9.43098598113284 9.44098191196099 10.169554094784 10.1954872785136 10.2890869583935 10.3048111677635 9.49229418463074 9.37512328231242 9.35203571617603 9.31524018198252 10.0639104396105 10.152349794982 10.2677471437491 10.6970023047179 10.4492505937815 10.4245230350643 10.5138699561357 10.5578259502072 10.3213406158611 10.2114462577738 10.1925940562505 10.5121485665441 10.3923780048499 10.3030475452542 11.0345081040869 10.3086779539008 9.49827764928341 10.2186832055449 9.40127229178324 9.40487396973185 9.43043427914381 9.44974401826039 9.25156578514725 9.20000975346193 9.20709299622104 9.32462971715722 9.31479154748376 8.18589886208065 8.31761582288891
9.57306668779347 9.52852415549569 9.56298198120203 9.65256444970146 9.71927224844694 9.53889637626708 9.39185421913862 9.34864481771365 9.37117879418656 9.3722472009249 10.1599475517869 9.49567568814382 9.45936931204051 9.38231267267838 9.39513128995895 9.37790782493539 9.36310138029512 9.40125318360515 9.42982145422138 10.1504390512855 10.1088680725079 10.1569903343916 10.3419873164967 10.5301096141338 10.4788985401392 10.3027709517628 10.5695048845373 10.5171072682133 11.2065376241808 10.4111869435292 10.3602058961987 10.3350999529939 10.3061490107793 10.2678528849501 10.2567651916761 10.2578026428819 10.2666316106915 10.2048771654663 9.46976727747824 9.51518804067746 9.52598428772762 9.56215517222881 9.37274912185967 9.44576419331133 9.7682427437976 9.79660413600504 9.46319412905723 8.29432415775955 8.37321147695184
9.43834391236305 9.47619814425707 9.46959425043315 9.46665682177991 9.52180271525867 9.49749043351039 9.34801150625572 9.33090726844966 9.2935299022356 9.31942107214127 9.37764522735961 9.37928646849468 9.37176087009721 9.39465173333883 9.40525147377048 9.4503508056514 9.44307502405718 9.43442449974827 9.43402400403284 10.0623348901281 10.8508456473937 10.9317340552807 11.0749555211514 11.2361354716122 10.4690466485918 11.2810339359567 11.2784074000083 11.2094473417383 10.4342207511363 10.3940113087301 10.361301978468 10.3471756502986 10.3335033977637 10.3323250983376 10.300605398952 10.3122190709691 10.3098744477611 10.3276132098399 10.3250185055658 9.61000209534541 9.57082565641031 9.57327464502305 9.61030655758805 9.58671394921839 9.92872774600983 9.67341359704733 9.62822175770998 9.6178167834878 8.6303877606988
9.45341322291642 9.45124742854387 9.46566502004862 9.41537436889485 9.41962527204305 9.39362617302686 9.33333515073173 9.31241949647665 9.27583936912197 9.27930304780602 9.35339185036719 9.36364709888585 9.32469412559294 9.36136617635202 9.38520471315132 9.46916850889102 9.50609042262658 9.53434623312205 10.969976618886 10.9328649020754 10.9773141741753 10.9792410307564 11.0643345462158 11.0761365024373 11.0567715885118 11.0022818595171 11.2721866490319 11.2340619890019 11.1533958613873 10.4142941113096 10.3772730380297 10.3781687270384 10.3685654650908 10.3425473943353 10.3370289728045 10.3291772976518 10.3113672260661 10.3463071906008 9.59396423678845 9.61181582021527 9.67304217565106 9.43354145996273 9.51099038030952 9.65789805166423 9.95596288144588 10.0303437635303 10.0886826962233 10.0715218111873 9.10264148470014
9.47573212534189 9.41075480775908 9.37206917442381 9.35096681618597 9.37986443680711 9.33617829228751 9.29107601876603 9.31568212807178 9.32094079320086 9.34606037475169 9.37955512607004 9.41700799250975 9.39700245740823 9.35303885739995 9.34815843589604 9.34406996332109 9.44535592244938 9.57401743286755 10.2592075489229 10.1356275328435 10.8692411407828 10.8947066217661 10.9986303276382 11.0210123783909 11.0247279526666 10.2537226779386 10.2315195603296 10.5073264562525 10.4732436239719 11.1684316943865 10.4571609694976 10.4569530338049 10.3927114009857 10.4123110249639 10.3952854303643 10.3955936757848 10.3793602185324 10.4056265130639 9.70425057876855 9.71442144084722 9.71363385999575 9.47644551191479 9.59329880028963 9.76994396746159 9.89166597276926 10.1645884290338 10.1657287925482 9.203788228333 8.98915277794003
9.72759296186268 9.64451225055382 9.53234838927165 9.48089241236448 9.42989496327937 9.47681432589889 9.51019186573103 9.47040257137269 9.44912510644644 9.42577579943463 9.42805112572387 9.43140997458249 9.42739426856861 9.40108638536185 9.34086216675496 9.34201269160258 9.45091310190037 9.51468894584104 9.45946464175358 9.39265695214272 10.8933758115163 10.1920102138538 10.9261343926191 10.9211383662187 10.2581161661074 10.2493457971141 10.2839920101687 10.5635662572458 10.4918798878789 10.5079019838013 10.5267154602334 10.5286959260702 10.5203571664169 10.5234081670642 10.5555426422507 10.5466351807117 10.5173946321011 10.4847790673375 9.71741148852743 9.53099994827062 9.84068376105279 9.66218277253211 9.97703959979117 9.80773991346359 9.92832634598017 9.97169943153858 10.1751917600632 10.1619667261839 9.20466693118215
10.0033290423453 9.86914465948939 9.77171066962183 9.63002647645772 9.52275901846588 9.49245004728436 9.61939097999129 9.67358169751242 9.64539278671145 9.53661602735519 9.56129777431488 9.5661458671093 9.47291082656011 9.39475894963834 9.34902412013616 9.39483059509075 9.41751213901443 9.40244380632794 9.35304177575745 9.40730679314584 10.9120526735205 10.2307754680514 10.2269800081849 10.2353098243475 10.2867640750483 10.3008437724784 10.3177564935759 10.5804727869108 10.5744330333546 10.5716430097818 10.5603115679696 10.623105019331 10.633711533621 10.6242139935493 10.6908828690648 10.6998851727694 10.7222210858017 9.90534659754485 9.8667394015938 9.91534087434411 10.0248173214495 9.85187792032957 9.83929035067558 9.84728607535362 9.95456978678703 9.99697509407997 9.98867206275463 9.97778581082821 9.98514941334724
10.0309811942279 10.0140269696712 9.87744806706905 9.75991039723158 9.64145640097558 9.55971054802649 9.68125644559041 9.74780211504549 9.69995214324445 9.66249823139515 9.72087738162372 9.66163171327207 9.59209411032498 9.51022323034704 9.45868565142155 9.44727340620011 9.46802770369686 9.46640680241399 9.45345254754648 9.50679034274071 9.53803118070209 10.2982910946012 10.3092203885317 10.3112746374682 10.3116205632687 10.3392580673099 10.3770205751061 10.6018792437389 10.6135693769902 10.7022179123014 10.6687412280589 10.6835146769881 10.7056074831635 10.7429361436516 10.8101812191308 10.8468432687223 10.0883925482631 10.7782921977341 10.0047757662833 10.0826129168272 10.2204087898135 10.2725379243493 10.2247503250837 10.0114153474569 10.0218965858221 10.2184477299452 10.0145635157824 10.0201678872108 10.0352720022202
10.0604236312211 10.0706506408751 9.91716923937201 9.72868795134127 9.75374812446535 9.82930853404105 9.852035401389 9.81342911347747 9.81096915900707 9.75353052513674 9.72259186638985 9.7709868196398 9.76925698015839 9.64177648792975 9.53362974757329 9.52948296256363 9.49721101438627 9.52014747541398 9.50129251647741 9.47610373818316 10.9407935263589 9.6029594335705 11.0769898863509 10.3638598797843 11.0496444227174 11.0887635499239 10.3740779403597 10.7054658140987 10.726479748264 10.771993951872 10.8007997255772 10.7456885576248 10.7717594206333 10.8173033036292 10.8574306592345 10.9019328914583 10.8805601522326 10.1937024965882 10.2297519370914 10.2691768109798 10.3158094063401 10.0766604393721 10.0472866743803 10.0485793948174 10.0528936684132 10.0386047363281 10.0251487195492 10.5620680600405 10.5614784508944
10.0456559583545 10.0666403733194 10.0099580101669 9.90169207006693 9.82634285092354 9.74049365986139 9.62914430908859 9.61679516080767 9.67423457466066 9.67129663703963 9.63681668508798 9.57550357840955 9.62631525844336 9.56629377556965 9.51735554914922 9.52437576139346 9.52952085947618 9.54029109794647 9.537102723727 10.2162219183519 10.2552689913136 10.2655156506225 11.1158895641565 11.0577952014282 10.3513663159683 11.082981239073 10.3721783431247 10.4093549419194 10.7458724956959 10.7881382387131 10.7926121186465 10.7879192885011 10.8027513194829 10.8049826212227 10.9222972914577 10.2317888364196 10.1846931539476 10.1803475618362 10.2602103576064 10.3709898740053 10.3445609360933 10.0822227150202 10.066812902689 10.0549445152283 10.0320187807083 10.0179527103901 10.0069280862808 10.0004033893347 10.001920580864
9.87222222611308 9.86504663527012 9.72087155003101 9.55332108703442 9.48652077279985 9.547178783454 9.60067006200552 9.65132805611938 9.74887567129917 9.7173542350065 9.67320783389732 9.62543679727241 9.5617072256282 9.56297772889957 9.53403969621286 9.52106011426076 9.63695553760044 9.63693447597325 9.62749637849629 9.56680831065751 10.3123094886541 10.278706712008 10.3202286409214 9.63433110213373 10.3621476024855 9.66326064872555 9.66853796131909 10.5058091636747 10.7965569738299 10.7906991597265 10.8285496998578 10.0421848362312 10.0368211688474 10.0859556701034 10.1483817268163 10.2376824319363 10.2539834752679 10.9517955034971 10.2647939696908 10.380261361599 10.3645625412464 10.3296552747488 10.3002477437258 10.0758514106274 10.2475252449512 10.033634185791 10.0162072330713 10.006738781929 10.0024368911982
9.49612129898742 9.56466136826202 9.62953479774296 9.60415847785771 9.51553202141076 9.56182211916894 9.61819576006383 9.68006916344166 9.71514125773683 9.77749529917492 9.8438495118171 9.8027033880353 9.77430753107183 9.82316141109914 9.81276546884328 9.81661957222968 9.83126530237496 9.7235359698534 9.67764011770487 10.3974843006581 10.3633085447364 10.3761059115641 10.3364449286601 10.431409267243 9.67525374749675 10.409712604247 9.70716060232371 9.72461437620223 10.0590779166669 10.0464158533141 9.79380854871124 10.1236742548645 10.1210669614375 10.1315979920328 10.203336827457 10.2660346329212 10.2526905722916 10.2501797638834 10.2606272995472 10.3449914976954 10.3656889498234 10.3624281585217 10.3449588268995 10.3046567589045 10.0700195729733 10.0548155009747 10.0450697243214 10.0331991165876 10.0236201435328
