data/past_env/bio8_avg_1994_2009.asc
NCOLS 664 
NROWS 380 
XLLCORNER 3.91666666666667 
YLLCORNER 55.3333333333333 
CELLSIZE 0.0416666666666667 
NODATA_value -9999 
[rows 286 to 307 of 380, columns 98 to 146 of 664]
7.52479978650808 8.45505319535732 8.64017753303051 6.64184209704399 6.15127288550138 6.40703692287207 6.73896867036819 6.09842129796743 7.33991397917271 7.73288734257221 8.98544359207153 10.0013332664967 8.80805677175522 7.68569642305374 7.79233625531197 8.49247612059116 8.94769947230816 8.96992260217667 9.29562494158745 8.24497270584106 7.68823740631342 8.1640851944685 9.36081649363041 8.97642344236374 9.04203073680401 10.0675962865353 10.6234115362167 10.7248518466949 10.4493341445923 10.8109411895275 10.9769181013107 10.9701403677464 11.195404112339 11.6291678249836 11.8719317317009 11.6575287282467 11.6282926499844 11.8790146410465 11.9326114952564 11.4085839688778 10.5084724724293 10.649486631155 11.1505602300167 11.3028190135956 11.2987026274204 10.9321276545525 9.66527381539345 9.9464844763279 9.46907026320696
7.23787412047386 8.92751564830542 8.92143672704697 6.59809804707766 6.16651993989944 8.03402519226074 6.97574134916067 7.4627353399992 7.50206921994686 7.99306973814964 8.99473688006401 9.95932081341743 8.93407145142555 7.66057205200195 7.54607259482145 7.64982333034277 8.04782392084599 8.33982440829277 8.82257130742073 9.4905641824007 8.62805682420731 8.52271661162376 9.85731734335423 10.0880925953388 9.82674247026443 10.544267475605 10.5855009108782 10.0987759083509 10.4898007810116 10.888159185648 10.5390662550926 10.7455218732357 11.2486442625523 11.4566831886768 11.4965556263924 11.6999694406986 11.9283835589886 11.9550060927868 12.1375449895859 12.0751670598984 11.6202062666416 11.2431618869305 11.4696788489819 11.3203403651714 10.6467265188694 10.0765565782785 9.77450568974018 10.1934967786074 10.0919876396656
7.67394851893187 9.66670751571655 9.14636227488518 8.43951712548733 7.36698541045189 8.04207699000835 7.87108492851257 7.78344637155533 8.05239105224609 8.76441906392574 9.41661387681961 9.92489168047905 9.12541955709457 8.02369777858257 7.57414241880178 7.74408692866564 7.80636473745108 8.52139301598072 9.25001734495163 10.1202386021614 10.2546265423298 9.87251448631287 9.90198568999767 10.7626362740993 10.5339128375053 10.875772446394 10.7183820009232 10.2417831122875 10.332476079464 10.9852524995804 11.0310060083866 10.7895702719688 11.1420510709286 11.6120736598969 11.608929425478 11.5883687734604 11.8484331965446 11.894497603178 12.0004780590534 12.2377505600452 12.0053565502167 11.5992539823055 10.6085516512394 9.87079954147339 9.96640393137932 10.3200917094946 10.1239877492189 10.0385504812002 9.77101112902164
6.75848117470741 7.27738512307405 8.22381769865751 9.31309619545937 7.84040447324514 7.32894748449326 6.47951132059097 6.98490799218416 7.52696308493614 7.91493511199951 8.48474051058292 9.54871234297752 9.66726779937744 8.07982333004475 7.85346180200577 7.99026735126972 8.26415583491325 8.56354451179504 8.74871361255646 9.30949661135674 9.99786287546158 10.2800622582436 10.4992616176605 10.9921806454659 10.8639161288738 11.0629853904247 11.0057210028172 10.5237487256527 10.4714014232159 10.8902205824852 10.8996956646442 11.1472850143909 11.3197077214718 11.4585889279842 11.5955534279346 11.6320179402828 11.9197738468647 12.0856965482235 11.6704976856709 11.6069369614124 11.4300464391708 11.182724326849 10.8346676826477 10.2058055102825 9.96640875935555 10.0431685894728 10.2221361547709 9.61055379733443 9.46741643175483
7.00276350975037 7.26640895009041 6.96063743531704 7.6123084127903 8.92230302095413 9.65118074417114 8.63136929273605 7.75195229053497 8.09653508663177 7.78303451836109 8.02620042860508 9.60553315281868 9.53044924139977 8.01544873416424 8.13086484372616 8.21661430597305 8.34778045117855 8.79577980935574 9.16424342989922 9.44217126071453 9.48076559603214 9.34961014986038 9.66470487415791 9.65454912185669 10.0942269265652 10.9708652496338 11.2348105013371 11.0745894014835 11.0975763499737 10.9608134925365 10.8827186822891 11.2321667969227 11.2067813277245 11.4779795110226 11.6705938577652 11.7912502586842 11.8457398712635 11.1134071648121 11.3802371323109 11.0962179899216 11.0432617366314 11.0614641010761 10.4843227118254 10.4313911348581 10.2612886428833 10.1772034913301 9.4260087236762 9.44821501150727 8.80956146866083
6.78029626607895 8.2006576359272 6.96394418179989 6.69733045995235 6.9183834195137 8.74406608939171 9.34230323135853 8.35708017647266 8.49027366936207 8.32113367319107 8.28174376487732 9.21885406970978 9.5997142791748 9.05140765011311 9.10960105061531 9.05937780439854 8.8497378975153 8.64743155241013 9.06602312624454 9.17342928051949 9.27825185656548 9.52540789544582 9.61223074793816 9.79230374097824 10.3620066642761 10.7474947571754 10.9661500751972 11.2020134031773 11.3776265382767 11.3854485452175 11.301491767168 11.4446316659451 11.4969796538353 11.4622446000576 11.5040097236633 11.5572745501995 10.8528681993484 11.1705885231495 10.7212767601013 10.8958273231983 11.0916277170181 10.7970349639654 10.7981718629599 10.7323248833418 9.63330848887563 8.72547690570354 8.6858480758965 8.71651095896959 8.00185611099005
6.88732884824276 7.98407854139805 7.14200039207935 7.050711363554 6.81179717183113 7.81120223551989 8.93773716688156 9.30837474763393 9.02542887628078 8.63656671345234 9.00770391523838 9.40784162282944 9.86881244182587 9.83311650156975 9.13758744299412 9.21714161336422 8.83402931690216 8.88941657543182 8.91188606619835 9.22268690168858 9.70632143318653 9.7506225258112 9.69509033858776 10.0273079872131 10.3873592317104 10.7211247086525 10.7902393341064 11.24906244874 11.2790936529636 11.3068749606609 11.4748480916023 11.4262633025646 10.7883796393871 10.8840330243111 10.473244279623 11.0266726016998 10.5212543606758 10.7554678022861 10.9455980062485 11.0776069164276 10.8736835867167 10.974890679121 -9999 10.6829358190298 9.15461588650942 8.97838590294123 8.96267605572939 8.98933512344956 8.14989844709635
7.01561141014099 7.15627178549767 7.18201531469822 7.11784239113331 8.09412118792534 8.67783650755882 7.4333373606205 8.81758598983288 9.49883426725864 9.37966573238373 9.41458067297935 9.7828291207552 10.1040772497654 9.60240863263607 9.82715693116188 9.44657193124294 8.92207023501396 9.01690195500851 9.17224906384945 9.58736144006252 9.65755769610405 9.77083702385426 10.3083665072918 10.1932290494442 10.5599718689919 10.6397544741631 10.3720193207264 10.4643526077271 10.1926851868629 10.2020599544048 10.6109775304794 11.0138967633247 11.0313571095467 10.7015372812748 10.7758718132973 10.9573163688183 10.8866028785706 11.0532664656639 11.2376299500465 10.9749110639095 -9999 -9999 -9999 -9999 9.17285561561584 -9999 11.1670024544001 -9999 -9999
7.444769077003 7.14171218127012 7.11073829978704 6.67205685377121 6.9265830218792 9.02138835191727 9.20102143287659 8.59213055670261 8.64057287573814 8.77909862995148 9.0352907627821 9.34906625747681 9.65200878679752 9.45918089151382 9.2713651061058 8.69718931615353 8.38930529356003 8.36633820831776 8.88076962530613 8.84062150120735 8.49820840358734 8.52435822784901 8.88917455077171 9.27419951558113 9.38480215426534 9.36290185479447 9.24670980125666 9.29093451739755 10.3548544347286 10.0956485699862 10.7704651653767 11.0797280669212 10.6627956628799 10.8479246497154 11.0052643418312 11.1957327127457 11.2652091383934 11.393353164196 11.4254910349846 11.2773053646088 -9999 -9999 -9999 -9999 -9999 -9999 -9999 -9999 -9999
4.88508405536413 7.13150031119585 8.45333881676197 7.30464597791433 7.16566365212202 7.39805600047112 9.1387052834034 9.73950859904289 9.34831139445305 8.42014828324318 8.38895647227764 8.57609784603119 8.99932262301445 8.79657194018364 8.88965451717377 8.7221956551075 8.48756988346577 8.45240245759487 8.29475012421608 8.44690430164337 8.40285873413086 8.16964669525623 8.41143423318863 8.59459701180458 9.24302326142788 8.96271257381886 9.06306783156469 9.43210544064641 9.45016041025519 9.80300740897655 9.4189937710762 10.2687976360321 10.2382759749889 10.2870776355267 10.507689088583 10.7080797553062 10.8429960906506 10.934167265892 11.0620128661394 -9999 -9999 -9999 -9999 -9999 -9999 -9999 -9999 -9999 -9999
5.24111158400774 6.40518881380558 7.40896675735712 8.21953648328781 8.00551841408014 7.19244772195816 7.08125035464764 8.33436466753483 8.52262999117374 9.23014521598816 9.11007694900036 8.46488013863564 8.83042952418327 8.36809626221657 8.14473593235016 8.01062524318695 8.1520562171936 8.164570748806 8.53498101234436 8.61853694915771 8.71059295535088 8.5490240752697 8.61620482802391 8.72034427523613 8.60676724463701 8.99630004446954 9.3025829680264 9.24453263357282 9.31452371180058 9.52176477387547 9.52307889610529 9.6564243324101 10.1711379885674 10.3931440412998 10.5536004900932 10.6871425509453 -9999 -9999 -9999 -9999 -9999 -9999 -9999 -9999 -9999 -9999 -9999 -9999 -9999
5.45788913220167 6.31461065262556 7.87734576687217 7.46038457006216 8.33468727394938 9.45726519823074 7.67585685476661 7.39785734564066 7.15048287063837 8.19990622997284 8.81617167592049 8.91872906684875 8.38539937138557 8.2963752746582 8.16697618365288 8.21291029453278 8.50880271196365 8.64698708057404 8.45384538173676 8.54146113991737 8.67024379968643 8.71819317340851 8.77160075306892 8.48918183054775 8.86951039265841 9.15042920038104 9.42359802685678 9.60334999859333 9.54685216024518 9.67731268331409 9.72270590811968 9.85224023461342 10.391322940588 10.5112634599209 -9999 -9999 -9999 -9999 -9999 -9999 -9999 -9999 -9999 -9999 -9999 -9999 -9999 -9999 -9999
5.34434735402465 5.64976441860199 6.59275848045945 7.65838352032006 7.36916114762425 8.96114971488714 8.88571777381003 8.24594945646822 7.51214882358909 8.34979259967804 8.58543276786804 8.66122844815254 8.57206597924232 8.5577786564827 8.54274103045464 8.53091204166412 8.14374950528145 8.21508690714836 8.44095367193222 8.50476640462875 8.74674558639526 8.75414165854454 8.8170793056488 8.58330490626395 9.15527037158608 9.4486034270376 9.65816913172603 9.62393624708056 9.75485523045063 9.91065143048763 10.0353489667177 10.1170442700386 -9999 -9999 -9999 -9999 -9999 -9999 -9999 -9999 -9999 -9999 -9999 -9999 -9999 -9999 -9999 -9999 -9999
5.11013265047222 6.0942236110568 5.83974532783031 6.98696340434253 7.18477235455066 6.81262246333063 7.82259560935199 7.48989791236818 7.61277907062322 7.41999325342476 7.12258245050907 6.9082136452198 7.1233446020633 8.59830647706985 8.92528092861176 8.44429701566696 8.30085489153862 8.50103756785393 8.60084807872772 8.89311897754669 8.88539016246796 8.96295285224915 8.98614090681076 9.51360449194908 9.86062273383141 9.88572403788567 9.53830729424953 9.67519951611757 9.8666183501482 10.0567794814706 -9999 -9999 -9999 -9999 -9999 -9999 -9999 -9999 -9999 -9999 -9999 -9999 -9999 -9999 -9999 -9999 -9999 -9999 -9999
4.70698030292988 5.13349672919139 5.38142980914563 6.69681596476585 7.32878726627678 7.26067665964365 6.94344038516283 7.02920342050493 7.1426334194839 7.59100172575563 7.21234088018537 7.20234643109143 7.43622719030827 8.19545618072152 8.61527889966965 8.73384881019592 8.76416856050491 8.76057171821594 8.86436724662781 9.05963838100433 9.17786782979965 9.22280585765839 9.41557690501213 9.71113362908363 9.79642593860626 10.0367183983326 10.1047923564911 10.3336485028267 10.3955335617065 -9999 -9999 -9999 -9999 -9999 -9999 -9999 -9999 -9999 -9999 -9999 -9999 -9999 -9999 -9999 -9999 -9999 -9999 -9999 -9999
4.83728607185185 4.92115616798401 5.30673458240926 5.41489637829363 6.64131371304393 5.73321991879493 5.62028886633925 6.45733844162896 6.88596865379805 7.28806548565626 7.5461404658854 7.46468770317733 7.28240162692964 7.45690710423514 8.21037933975458 8.76227542757988 8.89135733246803 9.06118896603584 8.96413627266884 9.19861593842506 9.29838746786118 9.32540890574455 9.62922969460487 10.0284331738949 10.2220208346844 10.413907378912 10.4153272211552 -9999 -9999 -9999 -9999 -9999 -9999 -9999 -9999 -9999 -9999 -9999 -9999 -9999 -9999 -9999 -9999 -9999 -9999 -9999 -9999 -9999 -9999
5.11609193310142 5.31456561852247 5.42920603137463 5.66117972572101 5.72669506329112 5.86116866511293 5.7328135301359 5.76879595173523 5.95586200780235 7.32610968267545 7.06782038323581 7.62582073290832 7.75915939453989 7.60045621171594 7.78846150357276 9.00170207023621 9.11200425028801 9.11951476335526 9.12907221913338 9.35617709159851 9.39286524057388 9.56047007441521 9.76174148917198 10.2340148985386 10.3412408232689 10.5326029062271 -9999 -9999 -9999 -9999 -9999 -9999 -9999 -9999 -9999 -9999 -9999 -9999 -9999 -9999 -9999 -9999 -9999 -9999 -9999 -9999 -9999 -9999 -9999
5.47373102977872 5.54926661291393 5.63963549560867 5.81067118576175 5.78237346047536 5.84932565875351 5.76954628014937 5.90220192587003 6.01514901174232 5.64613775815815 6.77550586918369 7.33248101593927 7.89479196351022 7.9840053319931 8.58601678721607 9.26875400543213 9.19973465800285 9.24079856276512 9.33321622014046 9.46665465831757 9.59713485836983 9.75395846366882 9.89059969782829 10.2396230399609 -9999 -9999 -9999 -9999 -9999 -9999 -9999 -9999 -9999 -9999 -9999 -9999 -9999 -9999 -9999 -9999 -9999 -9999 -9999 -9999 -9999 -9999 -9999 -9999 -9999
5.56566184666008 5.64450957067311 5.71498192101717 5.91562118567526 5.72896871445118 5.58273277641274 5.71786249266006 5.89173249620944 5.99976902827621 5.68730568423052 6.25683619547635 6.57601240952499 7.69075584900565 8.13555444148369 8.92511985823512 8.88505084812641 9.47408977150917 9.50554084777832 9.61357924342155 9.71546742320061 9.82907450199127 9.3714070096612 9.62808880209923 -9999 -9999 -9999 -9999 -9999 -9999 -9999 -9999 -9999 -9999 -9999 -9999 -9999 -9999 -9999 -9999 -9999 -9999 -9999 -9999 -9999 -9999 -9999 -9999 -9999 -9999
5.90167626645416 5.98521074373275 5.72967320308089 5.81873764004558 5.66831388301216 5.65343155071605 5.8537619933486 6.12509649340063 6.0454309284687 6.37105398345739 6.33385875541717 6.60987201705575 6.97242675349116 7.44260686822236 9.09988974779844 9.01994623616338 9.17666956409812 9.3457260876894 9.36170265078545 9.40784649550915 9.44483985751867 9.48776471614838 -9999 -9999 -9999 -9999 -9999 -9999 -9999 -9999 -9999 -9999 -9999 -9999 -9999 -9999 -9999 -9999 -9999 -9999 -9999 -9999 -9999 -9999 -9999 -9999 -9999 -9999 -9999
4.72294289618731 6.07520314212888 5.79993237461895 5.75281320884824 5.63306893035769 5.67303314432502 6.27999474480748 6.03775203879923 6.07942608837038 6.65519822621718 6.76292306184769 7.02214796282351 7.2690812908113 7.74762457981706 7.71020041406155 8.20059352368116 9.09154558181763 9.19051985442638 -9999 -9999 -9999 -9999 -9999 -9999 -9999 -9999 -9999 -9999 -9999 -9999 -9999 -9999 -9999 -9999 -9999 -9999 -9999 -9999 -9999 -9999 -9999 -9999 -9999 -9999 -9999 -9999 -9999 -9999 -9999
5.57265622168779 5.83808196661994 5.7585666058585 5.83530117943883 5.99932750780135 6.5172876957804 6.05072667822242 6.31528284773231 6.34504629578441 6.42072632908821 7.06286264769733 7.41534083336592 7.44202713295817 7.50308907404542 8.08663766086102 8.10962444543839 8.15081218630075 -9999 -9999 -9999 -9999 -9999 -9999 -9999 -9999 -9999 -9999 -9999 -9999 -9999 -9999 -9999 -9999 -9999 -9999 -9999 -9999 -9999 -9999 -9999 -9999 -9999 -9999 -9999 -9999 -9999 -9999 -9999 -9999
