data/past_env/bio8_avg_1994_2009.asc
NCOLS 664 
NROWS 380 
XLLCORNER 3.91666666666667 
YLLCORNER 55.3333333333333 
CELLSIZE 0.0416666666666667 
NODATA_value -9999 
[rows 154 to 175 of 380, columns 147 to 195 of 664]
-9999 -9999 -9999 -9999 -9999 -9999 -9999 -9999 -9999 -9999 -9999 -9999 -9999 -9999 -9999 -9999 -9999 5.19386954605579 -9999 5.86655429005623 -9999 -9999 -9999 -9999 -9999 4.50287601351738 4.4275826588273 4.75742021203041 4.4810421988368 4.33684427291155 4.27570949681103 4.45417520776391 4.5263746380806 4.21928023081273 4.11475133430213 4.35982954129577 4.155597939156 4.11199321690947 4.15969899855554 3.93239528732374 3.76538332924247 3.56063680227089 3.42128090490587 3.41746675688773 3.37998579489067 2.6100465671625 1.75044069439173 1.14005819708109 1.03875326598063
-9999 -9999 -9999 -9999 -9999 -9999 -9999 -9999 -9999 -9999 -9999 -9999 -9999 -9999 -9999 -9999 -9999 -9999 -9999 -9999 -9999 -9999 -9999 -9999 -9999 -9999 -9999 4.72619795799255 4.19233416393399 3.79939069971442 3.94572875578888 4.08379901107401 3.71046097483486 3.91399328550324 3.99894478637725 3.33390414481983 3.09061357099563 3.41903118323535 3.85953224916011 4.00836659152992 3.51411764178192 3.31037183152512 2.99496274534613 2.41738688136684 2.4371443958953 1.81015188992023 1.48382380604744 1.04746800661087 0.970487229526043
-9999 -9999 -9999 -9999 -9999 -9999 -9999 -9999 -9999 -9999 -9999 -9999 -9999 -9999 -9999 -9999 -9999 -9999 -9999 -9999 -9999 -9999 -9999 -9999 4.25798028334975 4.08450221642852 4.02945992536843 4.25392638891935 3.97159393317997 3.56523223780096 3.54397345148027 4.23224720358849 3.66665827017277 3.70362862572074 3.06080922298133 2.62865655636415 2.86767064465676 2.77055970299989 3.0263653350994 3.02154613379389 2.9623933667317 2.49394020065665 2.71489445213228 2.26968185883015 1.89546958729625 1.60534058138728 1.1828676785226 1.2287527222652 1.80074514448643
-9999 -9999 -9999 -9999 -9999 -9999 -9999 -9999 -9999 -9999 -9999 -9999 -9999 -9999 -9999 -9999 -9999 -9999 4.62758428603411 4.66992246359587 5.11172638833523 4.53002607822418 4.16873168572783 4.10516683757305 3.72969902772456 3.20960454514716 3.39888139721006 3.23021698067896 3.68418210884556 3.82941721123643 3.97409119457006 4.32527298666537 3.86840799544007 3.44244588213041 3.599054554943 3.58750358968973 3.52164444583468 3.84762979857624 3.57653190242127 3.33747561671771 3.19975265394896 2.93250847747549 2.51540948008187 2.16847721487284 1.95171151310205 1.58924398571253 1.58724488317966 1.90495638176799 2.02069075033069
-9999 -9999 -9999 -9999 -9999 -9999 -9999 -9999 -9999 -9999 -9999 -9999 -9999 -9999 5.13872920721769 5.00799968093634 -9999 5.36297161877155 4.86116067320108 4.91522773355246 4.76838544756174 4.11993925273418 3.49833044968545 3.34324598079547 3.72376731352415 -9999 3.32472384255379 3.2099478939781 3.21521728485823 3.70123157743365 -9999 3.67831468209624 3.39180548209697 3.15126492269337 4.12224252149463 4.07879870943725 4.02066163904965 3.80591826635646 3.56046869885176 2.88144692149945 2.69582035811618 2.34157667541876 1.87742453813553 1.74506391584873 1.76432844996452 2.02250964567065 2.01952412724495 1.79437183216214 2.07509460672736
-9999 -9999 -9999 -9999 -9999 -9999 -9999 -9999 -9999 -9999 -9999 -9999 -9999 -9999 5.02990750223398 4.94411554187536 4.83132722973824 4.78786554187536 4.54669816046953 4.67859614640474 4.53395641222596 4.27096350491047 3.60823900252581 2.97207492217422 3.31347163269675 3.58931792434305 3.13499227973261 3.2201475885231 3.3445993475616 3.58266599476337 3.36416183924302 2.73235207400285 2.84978046314791 3.68013790622354 3.94840545835905 3.94644610024989 3.65188363753259 3.29718527011573 2.86744511500001 2.48414769768715 2.49284611153416 2.43060331139714 2.50152281858027 2.44531739223748 2.6719037136063 2.51669095386751 2.61045176320476 2.57008754275739 2.64859837526456
-9999 -9999 -9999 -9999 -9999 -9999 -9999 -9999 -9999 -9999 -9999 -9999 -9999 -9999 4.92450829595327 4.70119635015726 4.57211502641439 4.41490064933896 4.17442602291703 3.67832156037912 3.82426539435983 3.60690447315574 3.20096677355468 2.65527912275866 2.56313303252682 2.95244539932173 3.06481552589685 3.50494208279997 3.61818414088339 3.8953287997283 3.51751695200801 2.99376770947129 3.25340382137801 4.01450289646164 3.95210650609806 3.704692249652 3.66748183948221 3.42930758558214 3.50947349751368 3.48107878211886 3.37911125645041 3.2427501603961 2.90277547668666 2.75139195797965 2.85392518108711 2.68649992020801 2.54874148219824 2.54546527471393 2.18280789349228
-9999 -9999 -9999 -9999 -9999 -9999 -9999 -9999 -9999 -9999 5.44328998029232 4.89530378580093 4.96693574637175 4.83328983187675 4.6725477129221 3.98276255652308 4.05584191530943 3.93320892937481 3.6499021636846 3.06533285882324 2.62917247787118 3.11109552159905 3.19656016491354 2.90452487068251 2.59961452288553 2.67503759404644 2.99793198145926 3.32796681369655 2.90760236536153 2.95556096918881 3.48497459758073 3.8189333640039 3.81475112773478 4.03965609148145 4.00697474554181 4.05835155691602 3.0390659629702 2.54948787949979 2.69707642029971 2.97499835025519 2.78479900176171 3.20328351960052 2.71234554750845 2.74861456593499 2.75446178484708 2.48035073420033 2.29919794062153 2.35283681913279 2.21726743783802
-9999 -9999 -9999 -9999 -9999 -9999 -9999 -9999 -9999 -9999 5.4248369038105 4.8059848099947 4.72680258378386 4.91646217554808 4.04301047418267 3.43381360173225 3.55062913219444 4.09509938955307 3.33081020694226 2.81559391645715 2.68946109199896 2.56757809920236 2.63819517509546 2.18868730636314 2.06401274725795 1.97504645213485 2.52693353453651 2.68202389427461 1.8169809714891 2.21731404028833 3.09756754897535 3.2899322590456 3.32551424950361 3.74692072137259 3.8338282967452 3.74099107179791 3.41869563329965 3.19644176913425 2.5492488630116 2.37884781323373 2.93938849773258 2.63257564697415 2.66971755865961 2.57436892576516 2.30631614034064 2.08566411212087 2.28854690864682 1.92098519951105 2.05171333812177
-9999 -9999 -9999 -9999 -9999 -9999 5.73071105778217 -9999 5.59892098605633 5.69272685050964 5.00964797288179 4.46248169988394 3.95738713815808 4.34393034316599 3.59174680616707 3.17724342597649 2.94796971883625 2.96981621300802 3.19346066564322 3.00256170309149 2.59170796663966 1.98622740060091 1.71745519666001 1.54184959898703 1.84761928673834 2.14136062562466 2.02614371618256 2.19175983453169 2.88360795658082 3.16053928341717 3.10796701814979 2.81730635953136 2.99296748323832 3.3976660259068 3.64950379170477 4.64798307791352 3.51183579303324 3.42739733308554 3.13420908275293 3.06727084284648 3.04920760449022 3.00659065786749 2.83340338151902 2.42488854750991 2.58012521639466 2.44629851728678 2.03102936223149 1.65619196742773 1.57221803348511
-9999 -9999 -9999 -9999 -9999 5.86410808563232 5.73808801174164 5.59716275334358 5.694006934762 5.31861970573664 4.63642068207264 4.24889529496431 3.83548054401763 3.19644847325981 2.75739178867661 2.61387675418518 2.39898671349511 2.36036356445402 2.27652777374533 2.40832462720573 2.25578827841673 2.11958511313424 1.76496526226401 1.73051216080785 1.78493404155597 1.57706420356408 1.75765270064585 2.61720415076707 2.87251526722685 2.66457003750838 2.09016687484109 2.50608827988617 2.63049502717331 3.21852797735482 3.47684607899282 4.59497530339286 3.37372566992417 3.11260300129652 2.96693874709308 2.62656596116722 2.43102660775185 2.67907559126616 2.73058786429465 2.67851668596268 2.56615380942822 2.15049941651523 2.23884502798319 2.04339888133109 1.71666110807564
-9999 -9999 -9999 -9999 5.96468737721443 5.6500623524189 5.70667539536953 4.92102155834436 4.77332846075296 4.39653336256742 3.61893645720556 3.41343388927635 3.42680609761737 3.50567845068872 3.03596740867943 2.80804797075689 2.55700376210734 1.84602058894234 1.77059496683069 1.84841912798584 2.11953508574516 2.04073439864442 2.26768360222923 2.32839252403937 1.75389399414416 1.99372882838361 2.10293480136897 2.65240708521742 2.38652492529945 2.55515645537525 2.453042879235 2.13480434881058 2.55048097670078 3.3689371231012 3.06639267038554 3.26796450186521 3.21211564610712 3.46435028826818 3.29275148222223 2.98056946042925 2.82226237095892 2.55176888778806 2.51788051053882 2.54057556018233 2.42606232687831 2.53421572968364 2.05632736906409 1.45056409668177 1.12859246507287
-9999 -9999 -9999 -9999 5.65377286076546 5.45006722956896 5.03190936148167 4.01723972335458 3.7780753322877 3.20079732779413 2.59547761525027 2.43715804349631 2.57375504437368 2.96210201922804 3.0290740635246 3.0507127949968 2.28234682767652 2.23516967985779 2.00038433959708 2.046807450708 2.131825693883 2.16316287312657 2.47754179197364 2.56883733323775 2.33169980882667 2.20533019118011 2.06046054861508 2.12597325106617 2.45549800712615 2.43837039673235 2.64872717141407 2.61295913602225 2.59504952526186 3.16162867442472 2.91965212882496 3.18006717879325 3.04125402355567 2.89219082053751 2.96033597644418 2.80681444704533 2.71083456836641 2.5798003077507 2.6335448846221 2.66824777238071 2.92995082680136 2.83219525963068 2.82368996040896 2.85227081924677 3.05543181812391
6.06343866884708 5.68937301635742 5.33736094087362 5.07602319866419 4.62135984376073 3.86630377080292 3.60567640699446 3.96832725219429 3.45287829389417 3.13691637059674 2.89228373998776 2.84931784193031 2.58893527369946 2.54096929437947 2.60917002311908 2.397370765917 1.72816493082792 1.55259443633258 1.54210448404774 1.82623954024166 2.0668746274896 2.31496261782013 2.31790364044718 2.41834457730874 1.98436893848702 1.54389319662005 2.14158415142447 2.34527577064 2.1480368245393 2.45100334414747 2.22605346422642 2.47596376016736 2.65344736282714 2.4962152717635 2.6245053820312 2.97936475742608 3.02389044687152 2.99658286850899 2.75590020976961 2.73934262804687 2.98178496863693 3.43875332502648 3.80145584605634 3.58013647422194 3.71825430227909 3.67216364170599 3.79057311918586 3.90331586729735 3.80735030490905
5.50482862442732 -9999 4.62976529449224 4.39721849933267 3.51104083377868 3.08777573984116 2.99091351032257 3.08421798452036 2.49685585545376 2.62841025274247 2.72750652232207 2.67531106958631 2.59249034454115 2.30071153957397 2.03847428364679 1.91557056922466 1.42614971194416 1.44268597569317 1.81654488574713 1.55238129990175 1.45384275075048 1.86142916046083 1.94847390940413 1.74610194811248 1.58306340593845 1.59110819082707 1.79148622299545 2.13998929288937 2.44268746371381 2.78292800951749 2.57008790271357 2.29867694620043 2.20985181629658 2.31643405434443 3.35750625655055 3.42966241249815 3.57790201948956 3.57543326960877 3.79763109795749 3.94953730981797 3.70692962408066 3.9350073444657 3.78356008511037 3.92286821361631 3.83450972661376 3.34515115921386 3.00242601102218 2.58504595607519 2.12616616114974
4.64841882511973 4.1702281832695 4.47536643594503 3.95377845130861 3.46350037539378 2.97138018690748 2.59759639250115 2.39054611697793 2.54432947537862 2.33523765718564 2.35768758598715 2.49284571874887 2.30879566282965 2.07766218436882 1.98269544201321 1.58353211404756 1.57255102833733 1.26944413036108 1.53596138302237 1.14110372215509 1.27337105385959 1.70410393015482 1.65204412536696 1.2868176214397 1.42250778153539 1.34861470386386 1.38151316903532 1.76337018469349 2.4255186378432 2.78160264843609 3.17378897592425 3.19818175607361 3.61028990444174 3.53110863035545 3.39988580036606 3.88116928841919 4.14670525724068 4.23233134887414 4.24928738770541 4.05141009460203 3.81411616061814 3.73578413232462 3.38673590077087 2.83801442943513 2.79663488361984 2.57400775328279 2.11762575432658 2.56952282227576 2.20609804242849
3.79003304895014 3.67246227210853 3.50519090285525 2.96013312076684 2.63526026089676 2.50947554828599 2.3635708456859 2.448499486316 2.77301133202855 2.98135664127767 2.93936866242439 2.66196395398583 2.45814250037074 2.54023775400128 2.37724978383631 1.81435020361096 1.57670243876055 1.38220238871872 1.76027177739888 1.49756566807628 1.6514013656415 1.77136205724673 1.78157265577465 1.77982498488564 1.82349395257188 1.9162878789939 1.99070683959872 2.59329246068955 3.17945895344019 3.14490228984505 3.23671889025718 3.36352778645232 3.09969965764321 3.44574433960952 3.57069030357525 3.32201120414538 3.39241764898179 3.76715294423047 3.69676550419535 3.46487805503421 3.49074085056782 3.12330522900447 2.90555084799416 2.85392175894231 2.82416733726859 3.0472823344171 2.56981197232381 2.30617062561214 2.5983210131526
5.05360984429717 3.4333010413684 3.08116645924747 2.97290708619403 3.10285578249022 3.07726294826716 3.10896202083677 3.18061932083219 3.21159952285234 3.18157024914399 3.06924926551619 3.06413660407998 2.90631555858999 2.17470282176509 1.53680972382426 1.24812345393002 1.38718718849123 1.87923745671287 1.85563513915986 1.4368245638907 1.37113898992538 1.47649507597089 1.58518449123949 1.79404062093818 1.7816883760388 2.41471108794212 2.42060893710004 2.828691463219 3.37922201183392 3.93449863512069 4.30491111800075 4.29952582530677 4.07469590636902 4.03823430463672 4.03508851863444 3.89494275767356 3.85022422112525 3.71521385398228 3.73542295233347 3.64874757430516 3.45240538974758 3.30066989269108 3.31654109037481 3.13616208545864 3.62663767673075 3.25920496508479 2.79400944709778 2.79515348188579 2.86554775759578
4.42147264629602 3.85411889571697 4.42160157766193 3.89272237708792 3.57875409070402 3.58661949448287 3.60544328903779 3.49393387453165 3.49138288130052 3.2145400516165 2.71169729158282 2.03849184140563 1.64711911149789 1.63285107910633 1.41883302666247 1.32209566794336 1.49464063160121 1.58412201330066 1.72791537456214 1.78950006933883 1.57491831015795 1.32562819123268 1.40346299484372 1.58642303291708 1.87016796926036 3.04661697242409 3.21311805583537 -9999 -9999 4.2842984944582 4.28699884936213 4.24764529056847 4.16118684504181 3.70283197984099 3.88725757412612 3.5452494159108 3.58482454752084 3.7746879470069 3.74295421526767 3.24772051163018 3.51873634848744 3.53369838465005 3.81562552973628 3.94101090636104 3.86089619496488 3.67011490184814 3.36812518164515 3.0991772338748 2.99864578619599
5.17806705832481 4.91391350701451 4.83786825090647 4.61524515599012 3.65189980529249 3.37096802308224 3.16735337022692 3.14803069038317 3.07549936906435 2.51127623324282 2.10961377155036 2.06195142003708 1.98208069126122 1.67966827284545 1.75750591512769 1.46563513204455 1.16651439294219 1.36004843376577 1.55486198607832 1.51542568579316 1.65486442204565 2.30121091939509 2.89692312292755 3.62545604258776 -9999 -9999 -9999 -9999 3.82314946549013 3.70484587363899 4.03625305369496 4.28995529189706 4.08882421744056 3.75535979960114 3.59402050997596 3.60918096173555 3.71071660673624 3.72390230675228 3.73674867628142 3.29005895555019 3.23757751099765 3.12765011936426 3.21911001205444 3.14131991192698 2.913071308285 2.78273958899081 2.74549088999629 2.84645091369748 2.78574397787452
3.51277101831511 3.15169207658619 2.96114777168259 2.86547838928527 3.17178844008595 2.50950020854361 2.22538550454192 2.15500653767958 2.1941369085107 1.99893388152122 1.70606437108108 1.53004890494049 1.33753350377083 1.05312204919755 1.29833587817848 1.32021627388895 1.40576326102018 1.64576638769358 2.12551709078252 2.33396637690021 2.81276862043887 3.40293979388662 3.74827762786299 4.24545625364408 4.21333769592457 4.14814657066017 4.00691352039576 3.90300687338458 3.52065586391836 3.81821973249316 4.42671572417021 4.53250342980027 4.00529116329562 3.71470388863236 3.34532494703308 3.34882105217548 3.9637170766182 3.933533558622 3.14971448294818 2.8001708202064 3.29229386150837 3.33076837286353 3.00559434294701 2.6769621130079 2.6758714672178 2.49940589442849 2.51111352723092 2.67168286070228 2.82621853798628
2.95696193026379 2.53207256284077 2.57201653462835 2.46062713069841 2.70661274075974 2.12927410844713 1.96165562979877 1.82582882512361 1.96525201853365 1.96117506595328 1.7721815626137 1.67785471957177 1.48423622734845 1.45924264192581 1.64354077354074 2.50908905267715 2.51148801879026 2.7744279531762 2.62983566091862 2.64898220542818 3.02769865334267 3.20114594663028 3.1252201096504 3.39000256662257 4.05844030342996 3.88454660214484 3.91279784217477 3.98726695170626 4.19482112955302 4.37231210339814 4.60394627600908 4.30389017332345 4.01159366965294 3.44579790113494 3.29139056056738 2.98039857391268 4.38639214425348 5.05749452486634 4.48734712414443 4.17749113030732 3.76538521796465 3.14101157709956 3.04257876798511 3.10493781045079 3.53875495120883 3.51594704762101 3.2968476023525 3.43647266924381 3.322789426893
