data/past_env/bio8_avg_1994_2009.asc
NCOLS 664 
NROWS 380 
XLLCORNER 3.91666666666667 
YLLCORNER 55.3333333333333 
CELLSIZE 0.0416666666666667 
NODATA_value -9999 
[rows 308 to 329 of 380, columns 539 to 587 of 664]
14.173881649971 14.2327421009541 14.1643528938293 14.1058380305767 14.1000736653805 14.1303925514221 14.0992116034031 14.115530282259 14.245182543993 14.2590999603271 14.2266159951687 14.2530904114246 14.2220231294632 14.2321638762951 14.2693881392479 14.2710294723511 14.2548783421516 14.2669362723827 14.2900351881981 14.3115515708923 14.3166925907135 14.3107182085514 14.316253721714 14.5390531420708 14.6733222901821 14.8489244580269 14.8744019269943 14.8062127530575 14.6964402198792 14.7516680657864 14.7112287282944 14.6142062544823 14.6018085181713 14.598351418972 14.5970433354378 14.5815265774727 14.5903849005699 14.5861178338528 13.7918520718813 13.8081201910973 13.7484293431044 13.5916434079409 13.5129343271255 13.4443086087704 13.3435161560774 12.2818592935801 12.1278014779091 12.0399523228407 11.9406866431236
14.0730504393578 14.1977395117283 14.1324278414249 14.15078368783 14.1354305744171 14.1154529750347 14.0912671983242 14.1096225380898 14.1940614879131 14.1911486387253 14.1089264452457 14.3647282123566 14.1601905226707 14.1250511407852 14.188495606184 14.496024876833 14.296550899744 14.3164120912552 14.3301482498646 14.3141340613365 14.3167034685612 14.5245926380157 14.4967584311962 14.5363880395889 14.6234340667725 14.7818549275398 14.8561512231827 14.7344889044762 14.5627434253693 14.6557476520538 14.6392939090729 14.6440899074078 14.644636452198 14.641864657402 14.6436515450478 14.6338964700699 14.642391294241 13.7781229615211 13.7444927692413 13.7543212026358 13.605985596776 13.5817864388227 13.5357951968908 13.4429708272219 13.3332297801971 13.2567676901817 12.1131295412779 11.9983978420496 11.8463333547115
14.1792402267456 14.1787432730198 14.0724137723446 14.0256672203541 13.9882122278214 13.9512990117073 14.2145971953869 14.029722481966 14.0968926846981 14.149363130331 14.0989672243595 14.1199879348278 14.1257592737675 14.1036133766174 14.1575094163418 14.2377384305 14.3062590956688 14.3446133732796 14.3390508294106 13.9496286809444 13.9579887986183 13.9661197662354 14.5433788597584 14.5616254210472 14.585165053606 14.6697032749653 14.7894084751606 14.711322337389 14.6108609437943 14.6566497981548 14.6885631978512 14.76535192132 14.7481403946877 14.6879567205906 14.6584254205227 14.6499775648117 14.6521547138691 14.6156649589539 14.580716997385 13.6357466131449 13.7116166949272 13.5725036561489 13.5516527593136 12.3835901021957 13.2713265419006 12.4395034573972 13.1409421265125 11.9727887064219 11.8983267098665
14.0962424278259 14.1074219346046 14.0288508832455 13.9403634667397 13.9033759534359 13.8735968768597 13.8893175721169 13.8931220173836 13.9598846435547 14.0106173753738 14.1066553294659 14.0996090471745 14.0901044607162 14.1355583667755 14.1899295151234 14.2062998712063 14.2701286375523 14.5582105219364 14.3188279569149 14.3595314621925 14.3711523711681 14.0009654760361 14.5967706143856 14.5719339251518 14.5820144414902 14.6363446414471 14.7683412134647 14.8962964117527 14.8677515387535 14.7768320739269 14.6749534606934 14.7700337469578 14.7741141319275 14.7385446131229 14.7312822341919 14.661562204361 14.6587591469288 13.829136505723 13.8014922738075 13.768514752388 13.7293293327093 13.6850190609694 13.6074586212635 13.3898030668497 12.2109921276569 12.1247471123934 12.0431232303381 12.016873806715 11.9198335707188
14.0207867622375 13.9799329936504 13.9309968352318 13.9011428654194 13.7665813565254 13.6824365258217 13.7106248736382 13.7763962745667 13.8280429542065 13.8751638531685 14.0035509169102 14.050646096468 14.1370331645012 14.2312950789928 14.2581407427788 14.2820693254471 14.2861642837524 14.358217716217 14.3491044938564 14.3701165914536 13.9941930174828 14.5750399529934 14.6211617290974 14.628575116396 14.6231552064419 14.6551519334316 14.744648784399 14.889187425375 14.9128093719482 14.80405575037 14.7442609965801 14.8615490496159 14.91712936759 13.8514841198921 14.074666261673 14.0193262994289 14.0280277580023 12.9012205600739 13.7905975133181 13.6729660481215 13.6690426170826 13.668619453907 13.6351539045572 13.534022256732 12.3865413367748 13.3967674970627 12.1740789115429 12.0792926698923 11.1835106983781
13.9249556064606 13.8837780058384 13.9076004624367 13.8661310076714 13.7664538025856 13.6874426305294 13.6742651760578 13.7682959139347 13.8539934754372 13.9125436246395 13.986988902092 14.0956415534019 14.1783784329891 14.259615033865 14.2576018571854 14.3075888454914 14.5601437091827 14.3986447453499 14.404215157032 14.3992428481579 13.9990444779396 14.5596403777599 14.6161784231663 14.6312167048454 14.6357131898403 14.6953350007534 14.7108732163906 14.7952032983303 14.9014915525913 14.9146547019482 14.9079845249653 14.9409810304642 14.1577629745007 13.8902076780796 13.0864017307758 13.0707214176655 14.1160672903061 13.0364862084389 12.9443896859884 12.7872097045183 13.6572552919388 13.6279692351818 12.5675441175699 13.5613550841808 13.4989434927702 13.352073431015 13.3235184401274 12.1572949588299 12.0277217179537
13.3483447432518 13.8042895495892 13.8717461228371 13.8371612429619 13.6986173689365 13.603948622942 13.6198637187481 13.7501537799835 13.8610684275627 13.9161734879017 13.9713845551014 14.076054006815 14.1273488998413 14.2483935058117 14.3025631308556 14.3411076068878 14.4692771434784 14.4323220551014 14.6169658601284 14.627926170826 14.6160118877888 14.0382539331913 14.6304869353771 14.6398578882217 14.6746463179588 14.7007678449154 14.6952225267887 14.6935943067074 14.7636741399765 14.8503370881081 14.0339424163103 14.1504921913147 14.1601661145687 14.1571793556213 14.1583630442619 14.1433811187744 13.0853900909424 13.0780850946903 13.0529474020004 12.9512259811163 12.7766710817814 12.6133249700069 13.6415866017342 13.6468539237976 13.575829654932 11.6505503281951 12.2571991533041 12.1860883980989 11.314540695399
13.3530727922916 13.8430927097797 13.4529078900814 13.3628252446651 13.6339477002621 13.2534938156605 13.6432125866413 13.7477616071701 13.894310593605 13.9200948774815 13.9309473931789 13.9774250984192 14.0727778375149 14.236130297184 14.2963999211788 13.963506937027 14.0411721169949 14.0450869202614 14.0507936775684 14.0580835044384 14.6164232194424 14.0258494615555 14.6096700429916 14.62541654706 14.6719960570335 14.6739922165871 14.6701550483704 14.6670681536198 14.7132732570171 14.8145609796047 14.7676404416561 14.0169175863266 14.0494872927666 14.1364741921425 14.1779203414917 14.166199952364 14.1451044976711 14.1376338005066 13.0844632387161 13.0472834408283 12.9467708617449 12.771257981658 12.6337037235498 13.6467696875334 13.5924246609211 12.4435103088617 13.3018891215324 12.1879654973745 11.7240789681673
13.3959254920483 13.4516367614269 13.3960974812508 13.3938083648682 13.3935612142086 13.3991885185242 13.4409827589989 13.4993602633476 13.562279522419 13.5758563280106 13.5941324830055 14.0637126266956 13.8045172393322 13.8798767328262 13.9212362170219 13.9665534794331 13.9889965057373 13.9997727870941 13.9966318011284 14.0068663954735 14.5851265192032 14.0079873502254 14.5902287065983 14.6134742498398 14.6291790008545 14.6164667010307 14.6367129981518 14.6540004909039 14.6997469365597 14.7805345654488 13.9255453646183 13.9419265836477 13.9644328355789 13.9377743005753 14.0091732293367 14.1300608515739 14.1411856114864 13.1063251793385 13.088354498148 13.0662586092949 13.0313290655613 12.928483247757 12.7291793972254 12.5440001487732 12.0280173569918 11.9581318795681 12.2728193700314 11.7900350987911 12.2563246190548
13.6479035019875 13.6258240938187 13.5834535360336 13.5194162130356 13.4280869960785 13.4555913507938 13.5393039286137 13.5854748785496 13.6157288849354 13.62894526124 13.6789988875389 13.7676775753498 13.8529396057129 13.9201182126999 13.9467968344688 13.9855587780476 14.004695981741 14.0114167332649 13.9902203679085 13.9869407713413 14.0089521706104 14.6104989349842 14.6180780827999 14.5788660645485 14.5603617429733 14.5897749364376 14.6120626330376 14.6092667281628 14.6420543193817 14.698175162077 13.8793259710073 13.881810516119 13.791992098093 13.8184837847948 13.8609870374203 13.9181568771601 14.0906835645437 14.0256214141846 14.1374993026257 14.1303028762341 13.0611791014671 13.0014584958553 12.8188211917877 12.1095304787159 12.0878717899323 12.0092501193285 11.9699153602123 11.9008051902056 11.8712580949068
13.7866316139698 13.795387417078 13.7706848084927 13.6698988974094 13.5984045565128 13.5361607074738 13.5711250007153 13.6340889334679 13.715928286314 13.7557427883148 13.8209907114506 13.8669885396957 13.8952369093895 13.9704843461514 14.0707328915596 14.0983975827694 14.051312237978 14.0307683944702 14.0212666392326 14.0237228274345 14.0103041231632 14.0177620947361 14.5395950675011 14.5379660129547 14.5496701896191 14.5794574022293 14.5790368318558 14.5399076938629 14.5617784261703 14.5967744588852 13.7901483923197 13.700215280056 13.722067758441 13.686818420887 13.6915506273508 13.7762412428856 13.9731398522854 14.0439555943012 13.0021780282259 12.9657079279423 12.9320293664932 12.9037674516439 12.8474636226892 12.6974102556705 12.6895228326321 12.1747018843889 12.5693304538727 12.5707478225231 11.945744022727
13.8193594813347 13.8364921808243 13.8372491300106 13.795007288456 13.7565560638905 13.7245635986328 13.7154043316841 13.727870285511 13.8076276481152 13.8434150218964 13.8857742547989 13.9369668364525 14.0042424201965 14.0683097839355 14.1597518324852 14.176610827446 14.0819282233715 14.0430376529694 14.0392715632915 14.0095053017139 13.9669480919838 13.9476501941681 13.921069920063 14.5272736549377 14.5790610611439 14.59401512146 14.5524694919586 14.5031735301018 14.5476278960705 13.8053217381239 13.7129861712456 13.696877270937 13.6758515685797 13.6212366521358 13.6095306873322 13.6280756145716 13.6883703917265 13.8814654946327 13.7629599273205 12.6341073065996 12.617353990674 13.7953609079123 13.7482632547617 12.7815107107162 12.8060824871063 12.8513946980238 12.8329782485962 12.8050572127104 12.6884697377682
13.7939624488354 13.7808048129082 13.7782308757305 13.782156676054 13.773290514946 13.7193414568901 13.7293088138103 13.7743598222733 13.8344521820545 13.8788793087006 13.9161411225796 13.9234859645367 13.9427062869072 13.9726344048977 14.0069378912449 14.0036993026733 13.9502529501915 13.8765149414539 13.8619846701622 13.8426632285118 13.8497996628284 13.8587039411068 13.888792514801 14.5002907216549 14.4587440788746 14.4603647887707 14.4377771615982 14.4603137969971 14.4887680709362 13.7375404536724 13.6569425612688 13.6403722912073 13.6333438754082 13.5992789566517 13.5933861583471 13.6148267239332 13.6148503869772 13.6302075982094 13.5947728902102 13.5179636627436 13.5064876228571 13.6563775241375 13.7303011119366 13.7715155035257 13.801439255476 13.9163111746311 13.9910017997026 12.9717677086592 12.8703927844763
13.7254816889763 13.7394511699677 13.7635450363159 13.7635972797871 13.7313164174557 13.7832440137863 13.8284629285336 13.8510160148144 13.8639431297779 13.9003847539425 13.8936744332314 13.8395470678806 13.7974196076393 13.6936672627926 13.6522484123707 13.5461629927158 13.4269939661026 13.4179918169975 13.514406144619 13.5014873743057 13.4201098382473 13.522924721241 13.6503485739231 14.3225564956665 14.2748018801212 14.2780473232269 14.2697096168995 14.2724133729935 13.5592786669731 13.553884640336 13.4740239679813 13.4443672895432 13.4727109968662 13.5001550167799 13.5151577740908 13.5107023864985 13.5501221418381 13.5360839962959 13.5472533255816 13.5031729489565 13.501467615366 13.539928779006 13.6632048636675 13.6962653398514 13.698825404048 13.6268341243267 13.6748326122761 13.7465398162603 12.6280245631933
13.7264696657658 13.7100921571255 13.7240895330906 13.7747532427311 13.7802091240883 13.7809147536755 13.8003706037998 13.8552016019821 13.8483234643936 13.8305687606335 13.8009369671345 13.7251800000668 13.6693397164345 13.6147909760475 13.3957007825375 13.1979021131992 13.1193950474262 13.2165966629982 13.3758811950684 13.500957429409 13.4952425658703 13.5344426631927 14.1717293560505 14.1700105071068 14.0245828032494 14.0374888777733 14.102686226368 14.1483840942383 13.427592664957 13.435411542654 13.3658014833927 13.3901481926441 13.3857459276915 13.3460686355829 13.3630344867706 13.5158334970474 13.4858823865652 13.5026395916939 13.4881888777018 13.5109461545944 13.5454539060593 13.5537522882223 13.5860930681229 13.610183686018 12.5385733246803 12.659715205431 13.6351766884327 12.5664372891188 12.5510352104902
13.7730094492435 13.7209365367889 13.7144048511982 13.7472907602787 13.7885096669197 13.7710618078709 13.8313225805759 13.8895834684372 13.7956354916096 13.7499729096889 13.7204286456108 13.6365096867085 13.5951739251614 13.4910467267036 13.2911275327206 13.1172505617142 13.0554559826851 13.1335790753365 13.2920762002468 13.3273655772209 13.3622380793095 13.3639641106129 13.3445439040661 13.3405819237232 13.9398368895054 13.9948967993259 14.0303738713264 13.2691298127174 13.3556882441044 13.3939137756824 13.331066980958 13.3671322911978 13.3911560326815 13.3903531879187 13.3317238092422 13.4340938329697 13.4633393585682 13.4605013877153 13.4842049181461 13.5212000906467 13.5602372735739 13.5807743668556 13.582686021924 13.6376400142908 13.6225933581591 12.5671678781509 12.5643649101257 12.5342282801867 12.0251832008362
13.7582569420338 13.7736973464489 13.7620958983898 13.7991615533829 13.8288939893246 13.839000493288 13.87269115448 13.8557983636856 13.7824051976204 13.7179600596428 13.6728790402412 13.5547146201134 13.5484252870083 13.5487605035305 13.444054454565 13.2607232630253 13.1543089449406 13.1749358773232 13.3111881017685 13.354273557663 13.3841091096401 13.3472779095173 13.3184887468815 13.3174493610859 13.908715814352 13.9373469948769 13.2191866189241 13.2637349963188 13.3244090676308 13.2728400975466 13.2963324189186 13.3288245648146 13.3623165488243 13.4192627221346 13.3976214230061 13.4316044449806 13.4476707428694 13.4676128327847 13.5173876285553 13.5769544094801 13.6041462123394 13.6210460066795 13.6312793940306 13.6403044909239 12.5604307055473 12.5360528975725 12.531515583396 12.5184365510941 12.0255934596062
13.8538378477097 13.8674166202545 13.8690782487392 13.8705318570137 13.8818605840206 13.8658973574638 13.1069775521755 13.8258466422558 13.802633523941 13.7579471766949 13.6617874801159 13.5605442523956 13.4577592611313 13.4480580091476 12.427203387022 13.2983212471008 12.1979693472385 12.2934149205685 12.330360352993 13.3617650866508 13.3935630619526 13.3817584812641 13.3538919687271 13.9719755351543 13.9949692189693 13.970379948616 13.2261360883713 13.2695496082306 13.3198382258415 13.2699292898178 13.2939313650131 13.3212667554617 13.333727195859 13.3938391208649 13.4133521020412 13.4589066505432 13.4909612983465 13.5260577350855 13.5709870755672 13.5799582004547 13.5996381938457 13.6427346616983 13.6824142336845 13.6846357136965 12.5782139003277 12.5562715381384 12.5354994833469 12.5510606020689 12.0522952526808
13.8610852956772 13.8693024814129 13.8494359850883 13.8597779273987 13.1118528544903 12.3090359345078 12.335228562355 12.3397127091885 12.2513639032841 12.1997215971351 12.0514941588044 11.9068917185068 10.7594060488045 11.4235820770264 12.2708475589752 12.26087474823 12.3057348132133 12.3407202363014 12.3359974324703 13.3686312437057 13.3801008462906 13.3810306191444 13.3647114634514 13.9782831966877 13.1864453107119 13.2287655621767 13.2937934994698 13.3172800242901 13.3681000769138 13.3048507720232 13.3334883451462 13.3489171713591 13.3585126250982 13.3976236730814 13.4304162561893 13.4520000815392 13.4872512966394 13.5562939941883 13.5922534316778 13.5949627161026 13.6044216305017 13.6412561833858 13.6872156262398 13.6561334729195 12.5714137256145 12.5411563813686 12.5363586694002 12.5777684897184 12.5325118750334
13.8559165298939 13.8063547313213 13.8161683380604 12.3223441913724 12.3221646770835 12.3133185580373 12.3112642541528 12.2975011393428 12.2990300729871 12.2486972287297 12.1350030228496 11.9720170050859 11.8806140497327 10.7970677576959 11.5228973180056 11.5706321448088 12.3588344156742 12.3563593924046 12.3257595300674 12.3439933359623 13.3497219979763 12.3402057886124 13.3756981492043 12.6204412579536 13.2404568493366 13.2590996474028 13.3184512257576 13.3437608480453 13.2941253185272 13.3580226153135 13.3565870076418 13.3442760109901 13.3605897575617 13.396449804306 13.4561052471399 13.4800940603018 13.5157915949821 13.5779889822006 13.6297690868378 13.6663835346699 13.66853903234 13.705278262496 13.6940585821867 13.673505961895 13.5997862517834 12.5172498524189 12.5188838690519 12.5583928525448 12.0544486343861
13.8635390400887 13.06798183918 13.0602806806564 12.2975376024842 12.2893610522151 12.3019344955683 12.2957576736808 12.2647894769907 12.2788631916046 12.1994238048792 12.1340953111649 11.0449249744415 10.9598078578711 10.8960242196918 10.8137823715806 11.5692327469587 11.5466022640467 11.559012979269 12.2811885774136 12.3213367164135 12.3431516289711 12.3864322900772 14.0413168370724 13.2752096801996 13.270926296711 13.3106841444969 13.3549006134272 13.3876585066319 13.3383707106113 13.3989443480968 13.3778102844954 13.3573845773935 13.3756251782179 13.4548591524363 13.4809614270926 13.501229852438 13.5182066261768 13.5546834766865 13.5752853602171 13.6257207691669 13.7151978611946 13.8000916838646 13.720693692565 13.691461995244 13.5998553782701 12.506843328476 12.5171595066786 12.539350643754 12.5055835098028
13.0517221391201 12.3136193975806 12.328695975244 12.3221474587917 12.2824740484357 12.2920503616333 12.2965016365051 12.3185783922672 12.2927795350552 12.2133577764034 12.0908956304193 11.3407556861639 10.8681963086128 10.7817313745618 10.7649742364883 11.5477495640516 11.6500454396009 11.6218824386597 11.5200951993465 11.5674323141575 11.5905612409115 11.6562447696924 13.3168169111013 14.1142067015171 13.2860206961632 13.322143420577 13.3680997639894 13.435680821538 13.3881153017282 13.3848666548729 13.3725339025259 13.3712433874607 13.3985776752234 13.4614769518375 13.4953586906195 13.5282402485609 13.5369970798492 13.5294201076031 13.5400519371033 13.5613500624895 13.6110647469759 13.6801548600197 13.7010363638401 13.7057096362114 12.6156789362431 12.550103187561 12.5271018445492 12.5093502700329 12.0450609177351
