data/curr_env/bio15_avg_2010-2016.asc
NCOLS 664 
NROWS 380 
XLLCORNER 3.91666666666667 
YLLCORNER 55.3333333333333 
CELLSIZE 0.0416666666666667 
NODATA_value -9999 
[rows 220 to 241 of 380, columns 441 to 489 of 664]
42.582281930106 42.4887183053153 42.7284202575684 42.4445577348982 42.6555955069406 42.5975472586496 42.7047080993652 42.5466444832938 42.5445447649275 43.0020174298968 42.8654305594308 43.1763163975307 43.0615899222238 43.0202811104911 42.8119915553502 42.8903715951102 42.998970576695 43.0132141113281 42.9923008510045 42.76819392613 42.8718566894531 42.774284362793 42.6447971888951 42.5595975603376 42.5567665100098 42.7432071140834 42.8139337812151 43.0903287615095 43.052186693464 42.9087415422712 43.041932787214 43.2982025146484 43.3142591203962 43.5646231515067 43.5672471182687 43.7141107831682 43.6835180010114 43.8307865687779 43.9103622436523 44.0278064182826 44.0880284990583 44.028373173305 43.8582938058036 44.0741631644113 44.2224339076451 44.4126554216657 44.7266605922154 44.5557065691267 45.0446548461914
42.3362459455218 42.4220428466797 42.4196101597377 42.3366181509835 42.474367414202 42.7789072309222 42.5415796552386 42.7781628199986 42.7233761378697 42.7937513078962 42.7924564906529 43.0950524466378 42.9906349182129 42.9995144435338 42.9718933105469 42.9818491254534 42.6125041416713 42.7593770708357 42.8572153363909 42.6734215872628 42.8186051504953 42.5740781511579 42.4892425537109 42.6855043683733 42.5912083217076 42.4588682992118 42.5107694353376 42.5244532993862 42.3531210763114 42.532596043178 42.8478235517229 43.0963325500488 43.1645382472447 43.0739778791155 43.3742528642927 43.546021597726 43.5267426627023 43.7676473345075 43.9153246198382 43.8382197788783 44.0807146344866 44.0516967773438 44.020881652832 44.0197465079171 44.0022746494838 44.3891519818987 44.3339064461844 44.4158744812012 44.5043770926339
42.6243967328753 42.6398658752441 42.446236201695 42.4879591805594 42.550851549421 42.7581471034459 42.3718932015555 42.5746203831264 42.6387498038156 42.6250092642648 42.6762995038714 42.591603415353 42.6512145996094 42.7682478768485 42.649473462786 42.8100318908691 42.6484783717564 42.7637585231236 42.8273304530552 42.5962491716657 42.7065947396415 42.5810546875 42.521295275007 42.3252094813756 42.5505240304129 42.6511617388044 42.587701525007 42.4634753635951 42.3591929844448 42.4010936192104 42.6528576442174 42.5360592433384 42.8947721208845 42.9900082179478 43.1741240365165 43.3543406895229 43.2078121730259 43.5914186750139 43.549806867327 43.6299874441964 43.8354045322963 43.8231936863491 43.8230421883719 44.0409022739955 44.0807244437081 43.6636984688895 43.7362916128976 43.7444790431431 44.0583566938128
42.6553633553641 42.52112361363 42.4293790544782 42.3377865382603 42.4934556143624 42.3057730538504 42.3480131966727 42.4840177808489 42.512684413365 42.597248349871 42.467461177281 42.5808653150286 42.7559776306152 42.6564123971122 42.4444847106934 42.7781900678362 42.6394053867885 42.3845705304827 42.4885308401925 42.5492820739746 42.7048100062779 42.6258158002581 42.5344581604004 42.4759537833078 42.4348902021136 42.2990379333496 42.2147745404925 42.457526070731 42.2935180664062 42.3165691920689 42.6573415483747 42.6778008597238 42.8478873116629 42.8555199759347 43.0492161342076 43.2614053998675 43.2376976013184 43.0031389508929 43.0831560407366 43.4530459812709 43.5427066258022 43.7144895281111 43.7831726074219 43.7968210492815 43.638315473284 43.7103026253836 43.623957497733 43.524891444615 43.7712451389858
42.2570005144392 42.6012693132673 42.5872595650809 42.3178803580148 42.4089851379395 42.5272075108119 42.3879898616246 42.5867339542934 42.3080215454102 42.0385728563581 42.1475410461426 42.0388728550502 42.5621340615409 42.6572619846889 42.4447212219238 42.8015191214425 42.5715114048549 42.4644862583705 42.6176795959473 42.6581938607352 42.580207824707 42.5655299595424 42.394077028547 42.3855476379395 42.4387651171003 42.3105000087193 42.0904557364328 42.1654167175293 42.1110872541155 42.1882106236049 42.3893034798758 42.4709499904088 42.4961547851562 42.8062515258789 42.8506317138672 42.8112144470215 42.9999629429408 43.0630166190011 43.2328333173479 43.3618681771415 43.4977907453264 43.7330158778599 43.5517790658133 43.4574939182826 43.3844500950405 43.316401890346 43.217488697597 43.1971942356655 43.2251025608608
42.1913697378976 42.4186216081892 42.4380193437849 42.8426257542201 42.7461013793945 42.4499936785017 42.5527594430106 42.4248935154506 42.373929977417 42.4021077837263 42.1339451926095 42.1608415331159 42.3040899549212 42.6501094273158 42.6127662658691 42.7151685442243 42.3134362357003 42.3749825613839 42.4886142185756 42.7245074680873 42.6675736563546 42.3213127681187 42.2031683240618 42.160731451852 42.1772049495152 42.2008072989328 41.9606789180211 42.1125120435442 42.0249464852469 42.0417921883719 42.0505278451102 42.2416703360421 42.4599887302944 42.7501836504255 42.7014214651925 42.9936681474958 43.0068828037807 42.9653859819685 43.2880499703544 43.2687557765416 43.3927699497768 43.2449847630092 43.1961490086147 43.1366931370326 43.3401353018624 43.3469984872001 43.1870490482875 43.1418980189732 43.4562476021903
42.7444289071219 42.4952964782715 42.8545085362026 42.657109941755 42.9995040893555 42.9817624773298 42.9185785566057 42.8753275190081 42.5802950177874 42.2029187338693 42.170444216047 42.1692641122001 42.5841260637556 42.7003320966448 42.6643496922084 42.3695231846401 42.1841885702951 42.0113541739328 42.4171325138637 42.3634752546038 42.3490202767508 42.1973176683698 42.0863552093506 41.9759913853237 42.0055413927351 42.0585847582136 41.7357665470668 41.6971288408552 41.7633138384138 41.947210584368 42.0082430158343 42.14345904759 42.3168569292341 42.7056397029332 42.8396467481341 42.4684265681676 42.8351761954171 42.9869264875139 43.0585169110979 42.9667565482003 43.2937496730259 43.2704516819545 43.4589358738491 43.2764620099749 43.4298400878906 43.0259181431362 43.1811512538365 43.4192646571568 43.3314435141427
42.8273767743792 42.6983304704939 42.8897438049316 43.0956933157785 43.133978162493 42.9685320172991 42.8164939880371 42.6890335083008 42.6809561593192 42.6576303754534 42.381071635655 42.317143031529 42.3238307407924 42.4836093357631 42.4436765398298 42.2215810503278 42.1752360207694 42.3898168291364 42.3980895451137 42.3009387425014 42.3203152247838 42.0625662122454 41.9214932577951 41.9530582427979 41.9498936789376 41.9304659707206 41.8506725856236 41.7362763541085 41.6087987082345 41.7057914733887 42.1906849997384 42.2109102521624 42.4922736031669 42.270847593035 42.4409599304199 42.5927971431187 43.0519463675363 43.0611975533622 43.3113964625767 43.2984046936035 43.1478200639997 43.2114246913365 43.1775861467634 43.3966565813337 43.2775399344308 43.3038019452776 43.278817313058 43.106931413923 43.0985652378627
42.780755179269 43.0327132088797 43.1009287152972 43.1071488516671 43.2670816693987 43.127252306257 43.1962067740304 42.8084580557687 42.7455847603934 42.6065504891532 42.566132409232 42.4886564527239 42.5026157924107 42.242773600987 42.2465858459473 42.2439853123256 42.2298246111189 42.3410761696952 42.1920588357108 42.0967281886509 41.9831444876535 41.8019638061523 42.0702435629708 42.1401775905064 41.8306094578334 41.6427214486258 41.786194392613 41.5934423719134 41.7107026236398 41.8088626861572 41.8511499677386 42.1029826572963 42.1323326655797 42.505617414202 42.2801371983119 42.8254470825195 42.9393070765904 43.3495674133301 43.4417484828404 43.2019844055176 43.4421239580427 43.3284715924944 43.3530562264579 43.3802403041295 43.1987511771066 43.2805758884975 43.2817281995501 43.2151641845703 43.1451628548758
42.8108117239816 43.0916366577148 43.112621307373 43.3743280683245 43.5675904410226 43.5567474365234 43.4021906171526 43.2746505737305 43.0623991830008 42.6737586430141 42.7043920244489 42.7099898202079 42.8036084856306 42.5992965698242 42.5590310777937 42.3833430153983 42.4827107020787 42.2876799447196 41.9389667510986 41.9438525608608 41.8275290897914 41.6377323695592 42.0795800345285 41.9176853724888 41.8079820360456 41.7612432752337 41.6712572915213 41.5346003941127 41.3249051230294 41.7268872942243 41.7968997955322 42.1060322352818 42.3220906938825 42.3829212188721 42.2210467202323 42.7485741206578 42.9550279889788 43.2002792358398 43.4927569798061 43.5685909816197 43.5099836077009 43.2657105582101 43.3070302690778 43.2608484540667 43.5151160103934 43.4810632978167 43.4573830195836 43.5015318734305 43.3032550811768
43.1691818237305 43.3402530125209 43.2928875514439 43.1183744158064 43.2029086521694 43.1126218523298 43.6006551470075 43.6385214669364 43.269337790353 43.0682498386928 42.8847351074219 42.8865203857422 42.7452577863421 42.8038651602609 42.7378422873361 42.4069464547294 42.4844480242048 42.2174434661865 42.0579705919538 41.9498187473842 41.9700726100377 41.6764076777867 41.8064038412912 41.754067829677 41.6861662183489 41.5207211630685 41.4507634299142 41.5253372192383 41.3388410295759 41.7671018327986 41.8266364506313 42.0445483071463 42.588066646031 42.8201746259417 42.7911709376744 42.7780388423375 43.2236453465053 43.1413143702916 43.2876308986119 43.7770674569266 43.8453903198242 43.6086349487305 43.6094289507185 43.5281715393066 43.2516348702567 43.5566575186593 43.4020870753697 43.249016898019 43.3357701982771
43.218881879534 42.972102028983 43.0309181213379 43.1449132646833 43.6253089904785 43.5627054486956 43.6971326555525 43.3955345153809 43.5858955383301 43.1759213038853 43.181570325579 42.79661996024 42.6605736868722 42.8225114004953 42.5248423985073 42.5932543618338 42.3876983097621 42.3254904065813 42.2613083975656 42.4927651541574 42.1303340366908 42.0140552520752 42.1181806836809 41.9499566214425 41.9904272896903 42.0067822592599 41.8618880680629 41.7281221662249 41.7990109579904 41.8027253832136 42.1513140542167 42.1958694458008 42.5443692888532 42.4088521684919 42.8610458374023 43.2951485770089 43.5417556762695 43.7290197099958 43.477239881243 43.4699489048549 43.4198461260114 43.2953752790179 43.4962158203125 43.2756647382464 43.1985855102539 43.4647707257952 43.2057110922677 43.1075709206717 43.0125895908901
42.8055752345494 43.0633980887277 43.0938557216099 43.0410417829241 43.498908996582 43.6432516915458 43.5310178484236 43.1921070643834 43.3617531912667 43.3448382786342 43.0377257210868 42.8169269561768 42.6917828151158 42.7043996538435 42.6360438210624 42.5498921530587 42.4855226789202 42.5949006761823 42.679498400007 42.265451158796 42.0344638824463 41.8966470445905 41.9221376691546 41.4813104357038 41.7993970598493 41.9443370274135 41.8366091591971 41.8886459895543 42.0225661141532 42.1598960331508 42.5949505397252 42.8190089634487 42.7388632638114 43.176458631243 43.1619834899902 43.2055718558175 43.4881657191685 43.6810199192592 43.7208916800363 43.8771787370954 43.7295118059431 43.6481345040458 43.2303603036063 43.1979697091239 43.4532329014369 43.4983111790248 43.5722555433001 43.5572038378034 43.0536891392299
43.121826171875 43.0652008056641 42.9978040967669 43.0679195949009 43.3646147591727 43.2684200831822 43.2977828979492 43.0800503322056 42.9135333469936 43.1869643075126 42.8928173610142 43.1469514029367 43.140584400722 42.7743565695626 42.7560190473284 42.7116236005511 42.620206287929 42.5725996834891 42.6449026380266 42.2583015986851 42.1974920545305 42.0575299944196 42.1946607317243 41.8798059735979 41.8224955967494 41.7766718183245 41.7954259599958 41.9172701154436 42.2185758863177 42.3019978659494 42.6596047537667 42.8748103550502 43.4756665910993 43.1862754821777 43.5842377798898 43.5707669939314 43.8358726501465 43.9932567051479 44.0070337568011 44.3083506992885 43.9788131713867 43.1826684134347 43.1892760140555 43.0973287309919 43.4417468479701 43.5716566358294 43.7355215890067 43.8919018336705 43.7405493600028
42.602318082537 42.5201732090541 42.5377638680594 42.7402692522321 43.1325830732073 43.2962265014648 43.4517070225307 43.1522088732038 43.0191802978516 43.0834590366908 43.1975487300328 43.1380045754569 42.9471056801932 42.9654570988246 42.886586870466 42.9129695892334 42.7341117858887 42.3994568416051 42.5591485159738 42.7276845659528 42.7306224278041 42.312646320888 42.319312776838 42.1964236668178 41.7473569597517 41.7976194109236 41.8838710784912 42.0267290387835 42.1330176762172 42.9334945678711 42.8898179190499 43.1656499590193 43.5440864562988 43.6520527430943 43.9096390860421 44.1140142168318 44.1203536987305 44.3149517604283 44.249989100865 44.1922798156738 44.0472946166992 43.7571046011789 43.3557314191546 43.3795869009835 43.6756951468331 43.4830485752651 43.7670879364014 43.8781193324498 43.7454389844622
43.0965655190604 42.6672041756766 43.1426563262939 42.9925419943673 43.1863956451416 43.3039281027658 43.1739204951695 43.2096652984619 43.1338212149484 42.9453446524484 42.9225346701486 43.1002148219517 43.3398990631104 43.1045376913888 43.1022867475237 43.0089582715716 42.7865456172398 42.7345363071987 42.7883518763951 42.9162720271519 42.9182720184326 42.688877923148 42.5608297075544 42.3758934565953 42.1162204742432 42.0328731536865 42.4856526511056 42.4318024771554 42.7698767525809 42.8153942653111 43.2939164297921 43.8361325945173 43.8487826756069 43.9924795968192 44.3030281066895 44.6181013924735 44.533994947161 44.5997091020857 44.4311834062849 44.2093189784459 44.1952427455357 44.2014519827706 43.978084564209 43.4764093671526 43.4510732378278 43.7526422228132 43.8431521824428 43.6986999511719 43.7823622567313
42.6485966273717 42.972443989345 42.8450993129185 43.1797370910645 43.2072484152658 43.1853863852365 43.1943787166051 43.1128196716309 42.8683929443359 43.1485301426479 42.9712382725307 42.9383593967983 43.0779879433768 43.014440536499 42.922416142055 43.0487196786063 43.000832421439 43.2835963112967 43.2565163203648 42.9733464377267 43.0733776092529 42.9017565590995 42.9826744624547 43.008063180106 42.8996843610491 42.2610737936837 42.4825071607317 42.6587467193604 43.124582018171 43.0992878505162 43.4128150939941 43.6596952165876 43.8571461268834 44.0501948765346 44.3877607073103 44.5110146658761 44.5103628976004 44.5679980686733 44.9641500200544 44.4649630955287 44.3628703526088 44.2395668029785 44.0193345206124 43.3941508701869 43.6552993229457 43.6946855272566 43.6222711290632 43.8585472106934 43.9004772731236
42.4631516592843 42.8010422842843 42.8947604043143 43.1248517717634 43.0152369907924 43.0968938555036 42.8524109976632 43.1509175981794 43.0761448996408 43.1067981719971 43.4456871577672 43.6085423060826 43.1118259429932 43.0975824083601 43.4587143489293 43.2673053741455 43.2836521693638 43.1444650377546 43.1949716295515 43.2383477347238 43.4970278058733 43.6386260986328 43.3182773590088 43.3607932499477 43.2228973933629 43.0285339355469 42.8799724578857 43.0614152635847 42.9243115016392 43.602420261928 43.7403041294643 44.0947445460728 43.9187507629395 43.9563936505999 44.1885266985212 44.4787657601493 44.7586713518415 45.0403518676758 44.7845039367676 44.6598172869001 44.6711120605469 44.1485726492746 44.2567280360631 44.0050871712821 43.6850615910121 43.8442232949393 44.2220230102539 44.3123975481306 44.1518568311419
42.5832702091762 42.6542963300432 42.8768392290388 42.8471840449742 42.9449656350272 42.9330602373396 43.0664522988456 43.0260334014893 43.1734801701137 43.2237254551479 43.255118233817 43.3480194636754 43.2473111833845 43.44000516619 43.487164906093 43.3651926858085 43.6470808301653 43.9149676731655 44.0348020281111 43.9912392752511 44.1666826520647 43.9148913792201 43.7347602844238 43.7933747427804 43.5003711155483 43.4905504499163 43.3758910042899 43.5668591090611 43.2827028547014 43.5984911237444 43.9351305280413 43.8914538792201 43.9635331290109 44.3920691353934 44.2012563432966 44.7700903756278 44.9075568062919 44.8947868347168 44.9551386151995 45.2902058192662 44.8289544241769 44.6450168064662 44.2658903939383 44.3072891235352 44.3771678379604 44.3019371032715 44.4718142918178 44.5859870910645 44.4644284929548
42.1614554268973 42.391605922154 42.7090399605887 42.716985974993 42.867238180978 42.8596929822649 42.8836751665388 43.1340795244489 42.9606078011649 43.3036828722273 43.3538101741246 43.3416976928711 43.2123911721366 43.3334424155099 43.4136251722063 43.8092684064593 43.7812361036028 43.8309816632952 44.4524982997349 44.5475076947893 44.4857215881348 44.5635343279157 44.5142015729632 44.3413827078683 43.8767514910017 43.8559346880232 43.462272644043 43.5084141322545 43.820246560233 44.1853915623256 44.2658571515764 44.266784123012 44.3867519923619 44.4660083225795 44.5754367283412 44.5515589032854 44.7100448608398 44.7434425354004 45.2079560416085 45.2582642691476 44.8121882847377 44.2085168021066 44.293620790754 44.0204879215785 43.8109060014997 44.2511667524065 43.981198992048 43.9184398651123 44.5035656520299
41.7645263671875 42.1515053340367 42.7170824323382 42.7551811763218 42.7071345193045 42.9961460658482 43.0406769343785 43.0328690665109 43.0256418500628 43.3585848127093 43.2273357936314 43.2507871900286 43.2953728267125 43.6522276742118 43.619571685791 43.8424993242536 44.1120572771345 43.9014154161726 44.4074314662388 44.4835717337472 44.8605313982282 44.9354144505092 44.7617596217564 44.666189466204 44.0584569658552 43.9310498918806 44.2839802333287 44.028500693185 44.1607960292271 44.0458717346191 44.1166300092425 44.2007773263114 44.2428812299456 44.1242692129953 43.9899994986398 44.1248523167201 44.0336249215262 44.3062896728516 44.5132369995117 44.4445070539202 44.434071132115 44.2874180930001 44.0574139186314 44.0056351252965 43.7758429391044 43.8073297228132 43.9526863098145 43.9170510428292 44.6673262459891
42.0851650238037 42.1680652073451 42.3094419751848 42.3746771131243 42.7021563393729 42.9091657911028 42.9021004268101 43.2963123321533 43.1243931906564 43.0773339952741 43.1839223589216 43.0725468226842 43.4798240661621 43.5094029562814 44.0924241202218 43.9826905386789 43.8778016226632 44.1263084411621 44.4745679582868 44.5136244637626 44.9062238420759 44.973217010498 44.8343385968889 44.5954491751535 44.3192803519113 44.3167343139648 44.1906111580985 43.8910320826939 44.0866693769182 44.2423471723284 44.0284641810826 43.8496322631836 43.6033772059849 43.8332650320871 43.6102382114955 43.5260363987514 43.4350888388498 43.6211193629674 43.5773116520473 43.8415584564209 43.8629520961217 44.0046127864293 43.6028393336705 43.7249597821917 43.9652630942208 44.0849001748221 44.0217906406948 44.2669563293457 44.8793618338449
