data/curr_env/bio19_avg_2010-2016.asc
NCOLS 664 
NROWS 380 
XLLCORNER 3.91666666666667 
YLLCORNER 55.3333333333333 
CELLSIZE 0.0416666666666667 
NODATA_value -9999 
[rows 176 to 197 of 380, columns 147 to 195 of 664]
309.59797668457 317.464806692941 325.983134678432 342.811338152204 350.258941650391 370.691153390067 367.406306675502 385.850954328264 377.781136648996 381.976176670619 382.683720179967 380.452333722796 376.837132045201 361.425957815988 337.126004900251 345.261812482561 345.308238438198 338.969443184989 328.001316615513 322.132546561105 312.103923252651 303.687029157366 284.776269095285 273.382620675223 261.061551775251 258.105826241629 249.799852643694 261.409870692662 253.756997244699 -9999 -9999 -9999 265.070696149554 263.976080758231 263.065981183733 264.726015363421 258.502735682896 238.440449305943 256.788602556501 257.243218558175 256.530467442104 235.977547781808 251.195077078683 250.246490478516 249.152060372489 248.486587524414 247.133693150112 226.178170340402 223.494788033622
288.504165649414 304.678996494838 315.768312726702 333.579273768834 337.48388671875 350.579533168248 359.167419433594 362.134436471122 366.576490129743 364.740626743862 371.715964181083 369.842640468052 366.873700823103 362.232354300363 354.532843453544 346.397024972098 336.860874720982 330.570316859654 326.281930106027 317.83980015346 306.853212629046 300.961543491908 274.90708051409 255.720489501953 261.856815883092 259.699190412249 250.847828456334 -9999 252.446371895926 250.366694859096 271.823608398438 272.551882062639 267.300831386021 262.205337524414 261.776925223214 261.829572405134 255.806671142578 254.127014160156 251.039605276925 250.039308820452 248.885794503348 245.542297363281 248.991858346122 249.535489763532 230.409373692104 227.897761753627 220.016198294503 216.313461303711 214.741967337472
294.970652988979 315.482897077288 329.164703369141 339.805842808315 340.021763392857 342.246082850865 348.469144548689 346.486548287528 352.992285592215 361.26706804548 360.773616245815 358.893569946289 352.252663748605 345.482836042132 338.93798828125 335.658806937081 327.70329284668 313.66752406529 303.244182041713 286.390694754464 273.271037510463 264.31472996303 -9999 234.297433035714 -9999 -9999 242.702022007533 250.532967703683 251.83649117606 273.503847394671 275.164914812361 273.497017996652 275.840092250279 273.246490478516 270.652304513114 269.665897914342 268.962036132812 265.60557774135 261.562068394252 258.20289175851 252.951331002372 249.896159580776 247.626671927316 228.886561802455 226.368770054408 222.735434395926 217.651604788644 212.666769845145 203.317437308175
317.106802804129 321.242150442941 329.790054321289 332.067271641323 319.094796316964 326.882101876395 338.035167149135 342.737662179129 340.696367536272 343.441499982561 338.842354910714 332.119332449777 324.894339425223 303.386178152902 310.820159912109 300.80519757952 293.344672066825 275.185784476144 -9999 -9999 258.154174804688 259.881729125977 256.524758475167 241.762793404715 245.210787091936 248.401354108538 264.328757149833 270.231517246791 277.061741420201 286.564865112305 286.532451084682 284.639726911272 265.171334402902 278.509826660156 274.243624005999 272.114137922014 253.209339686802 251.602879115513 247.717812674386 243.646200997489 239.060274396624 233.649710518973 230.009778703962 227.894215175084 220.443533761161 232.735484531948 227.781834193638 207.78727722168 202.374737330845
291.179088047573 293.499138968331 287.905598231724 294.102273123605 297.892992292132 307.107992989676 321.304504394531 331.764317103795 333.852103097098 325.092581612723 329.196199689593 316.005948747907 297.828074863979 295.201950073242 -9999 -9999 -9999 251.590192522321 234.670931134905 240.9716796875 252.263490949358 248.081939697266 244.982615879604 240.675297328404 239.010031563895 245.297415597098 249.434696742467 271.046011788504 275.993364606585 261.523744855608 264.901142665318 266.150974818638 263.028908865792 259.671957833426 259.288157871791 258.109322684152 253.112256731306 250.575764247349 246.918980189732 235.196347917829 231.463989257812 229.591258457729 227.003690447126 223.910502842494 218.184910365513 211.301424298968 205.864216395787 202.175297328404 196.318287440709
295.567101614816 307.065307617188 284.447551182338 282.514155796596 292.338372366769 309.768997192383 308.402568272182 309.716947283064 302.996255057199 301.132468087333 301.159046718052 271.471871512277 -9999 -9999 -9999 253.877713884626 259.574807303292 239.037037440709 235.674013410296 228.547374180385 220.73953465053 216.950448172433 218.540921892439 226.483633858817 239.636522565569 244.069128853934 248.748243059431 251.281154087612 269.887150355748 273.218157087054 260.541898454939 259.74172101702 257.746039254325 257.083942958287 254.557054792132 252.536209106445 247.531378609794 243.459235055106 240.091206141881 232.44068472726 230.77670942034 228.883041381836 223.481360299247 214.011858258929 211.532699584961 209.824951171875 198.120106288365 192.340869358608 186.916991097587
299.080113002232 279.416475568499 286.657921927316 278.897696358817 293.345742361886 303.277951921736 289.74008832659 276.350976126535 256.544272286551 -9999 -9999 -9999 -9999 219.534378051758 215.898633684431 234.98777117048 233.069372994559 210.408510480608 196.595788138253 198.303185599191 208.157030378069 219.409545898438 232.079360961914 242.757960728237 243.437757219587 245.56831577846 246.752833775112 247.145058768136 268.519437517439 270.464634486607 255.347573416574 254.961414882115 253.064509800502 252.193426949637 249.460606166295 246.517107282366 242.727201189314 235.971385410854 238.542898995536 234.801964896066 228.487208775112 219.197113037109 213.55887058803 209.049706595285 204.180583408901 204.057976858956 198.148668561663 195.798771449498 198.659471784319
296.511954171317 293.982977730887 268.185147966657 249.58387538365 -9999 -9999 -9999 -9999 -9999 -9999 -9999 -9999 -9999 -9999 -9999 -9999 -9999 213.691616603306 210.806285313198 221.865992954799 255.577536446708 258.190455845424 232.545120239258 230.104570661272 231.329411097935 239.70717729841 249.759759085519 258.131107875279 259.517445155552 263.65194266183 264.70450265067 264.82343183245 247.32666015625 261.66678074428 259.387333461217 242.099129813058 239.153324672154 233.512172154018 229.988677978516 226.459490094866 226.796421595982 221.733040945871 214.786516462054 209.698994227818 204.609013148717 199.187925066267 195.319235665458 201.32508632115 185.668816702706
266.713950020926 252.062822614397 -9999 -9999 -9999 -9999 -9999 -9999 -9999 -9999 -9999 -9999 -9999 -9999 -9999 -9999 -9999 195.349030630929 196.024794442313 189.043041774205 181.785987854004 192.870085580008 207.777242388044 211.840914045061 212.105710710798 222.454836164202 234.69030543736 244.078238351004 250.763076782227 254.908538818359 260.552019391741 260.416113717215 258.872613089425 256.561656406948 253.297149658203 237.553338187081 238.956848144531 237.76613507952 237.403459821429 232.360425676618 223.140864780971 215.79496547154 212.546674455915 206.001523699079 203.557089669364 192.400873456682 192.305640084403 186.981045314244 177.525677272252
-9999 241.116588047573 243.206985473633 260.684071132115 275.347096034459 266.95424761091 255.0716683524 222.167900085449 215.202944074358 219.706718444824 216.565824236189 210.471920558384 216.234412057059 215.221024649484 210.837498256138 199.93189239502 200.87824685233 189.004925319127 188.534317016602 206.416596548898 184.90930393764 179.363340105329 191.890441894531 205.65491267613 220.587077549526 227.058840070452 229.423250470843 233.03301348005 240.233503069196 245.34635925293 246.450010027204 248.033536638532 248.66862487793 234.625141688756 236.370762416295 232.792127336775 228.039241245815 235.990833827427 232.244271414621 226.065791538783 221.788733346122 219.945521763393 219.751835414342 203.164175851004 196.882710048131 193.835779462542 185.509011404855 183.505751473563 177.98647744315
247.602369035993 244.926256452288 241.96280343192 271.857192993164 259.175744192941 250.493624005999 239.322280883789 219.246374947684 207.915327889579 221.882446289062 234.162501743862 222.282385689872 221.826607840402 217.156387329102 212.779851640974 211.331150599888 211.329654148647 197.022093636649 193.884967258998 196.531957353864 198.470132010324 193.633637564523 196.741581508092 202.054901123047 204.696313040597 214.584638323103 223.258725847517 215.006208147321 218.337328229632 233.18276323591 236.237064906529 239.07284109933 228.271092006138 230.127927507673 234.987882341657 231.360889979771 228.690861293248 230.756410871233 221.236945016044 221.413833618164 216.186456952776 213.857055664062 210.770654950823 206.675422668457 202.829308646066 190.946589878627 188.030621119908 184.206314086914 182.491831098284
229.153418404715 228.440024239676 222.793877737863 226.043036324637 221.816598074777 215.368849618094 216.068016052246 220.63739994594 214.353104727609 210.225515093122 216.014709472656 208.945052010672 203.142740522112 201.697454180036 205.814545767648 213.560004098075 206.76248059954 191.502243041992 199.97348349435 197.279695783343 204.314721243722 207.966693333217 207.682988848005 206.484614780971 201.121079581124 207.882932390485 218.31973702567 216.217644827706 216.131912231445 215.069416591099 216.067707606724 219.577261788504 226.162754603795 226.40733555385 223.883651733398 222.049244471959 231.435440063477 228.13410949707 224.267704554967 218.284970964704 215.996292114258 213.908974783761 207.835589817592 207.172306605748 196.31668308803 195.555139814104 188.511811392648 182.670691353934 174.696577889579
230.977741786412 238.612819126674 219.730196271624 204.894295828683 205.74775150844 192.191769191197 194.92839377267 205.805064610073 215.013722011021 193.908338274275 195.607304164342 218.676463535854 215.00834437779 208.481153215681 207.510682242257 203.393793378557 193.206642150879 188.82237461635 192.224662780762 193.450850350516 206.595198495047 216.783264160156 215.068822588239 207.293625967843 193.428655351911 194.643105643136 206.81082371303 206.044950212751 219.619641985212 212.545979091099 218.282673427037 221.455540248326 227.032093593052 231.339255196708 233.224622453962 221.927427019392 223.41748046875 214.075533185686 210.829740251814 210.514975411551 215.805797031948 212.96431187221 204.947650364467 201.539710998535 199.642777579171 188.585245404925 186.962875366211 182.137852260045 171.409880501883
234.775028773717 240.043454851423 233.184849330357 204.535997663225 202.5504422869 186.717806134905 217.914228166853 232.502195085798 205.025203159877 185.84188406808 197.020901271275 196.324799673898 190.487430027553 192.46915108817 187.107380458287 185.16731262207 186.407411847796 176.935386657715 178.916024344308 185.008128574916 186.987209865025 183.121138436454 176.320409502302 167.789143153599 166.801965985979 180.150836399623 183.570970807757 193.746447971889 206.380700247628 207.033785138811 209.32305254255 217.130314418248 218.664692470006 219.599175589425 223.652903965541 220.708212716239 218.833384922573 218.114613124302 217.893654959542 215.433268955776 210.727432250977 203.433107648577 198.014951433454 196.197703770229 193.09803880964 195.221709115165 195.968338012695 180.694296700614 176.526682172503
228.056045532227 224.167772565569 208.074361528669 215.768477303641 201.62820325579 185.05190713065 200.315888541085 205.157906668527 191.272805350167 186.168854849679 193.255373273577 196.413610185896 198.404863630022 196.729075840541 192.354520525251 195.781550816127 194.34610421317 184.611078534807 179.504251752581 170.537564958845 155.316361563546 148.262614658901 149.652263096401 157.169152396066 162.336882455008 166.45074898856 188.107608250209 192.223284040179 199.99016898019 210.591911315918 204.991363525391 211.166118076869 215.698660714286 213.629342215402 210.776269095285 216.094715663365 215.871039254325 217.784282139369 213.528019496373 211.037776402065 212.515834263393 209.175768171038 200.707551138742 199.595397949219 196.539592197963 195.962677001953 194.176223754883 185.505550929478 170.51710837228
221.556100027902 211.275432041713 200.808624267578 203.691492353167 192.364904131208 186.795252118792 175.514192853655 185.979461669922 192.789631434849 196.215301513672 195.786722455706 198.724148341588 201.471242632185 198.783118111747 194.826628548758 195.49679674421 201.01725769043 199.998652866908 184.379849025181 178.326365879604 175.635934012277 160.270706176758 165.370075770787 160.502840314593 162.491305759975 158.603293282645 167.826338631766 171.992768423898 187.343234470912 192.55248260498 198.043980189732 205.538116455078 208.359618050712 210.938868931362 207.175102233887 212.535017830985 215.423176356724 223.092442103795 221.918670654297 215.278542654855 211.427651541574 207.599203927176 207.643936157227 206.06897190639 200.788781302316 196.289983476911 188.113422938756 182.865444728306 174.180502755301
221.388949802944 202.342014857701 199.130092075893 193.427203587123 183.397903442383 176.395287649972 179.058654785156 187.908295767648 181.075013296945 180.644221714565 189.452697753906 191.03040095738 189.01414162772 190.759123665946 190.074344090053 188.904546465193 193.731783185686 193.245628356934 184.409066336496 179.5380456107 172.964510236468 166.815757751465 162.423692975725 168.546726771763 179.014996119908 179.52594430106 184.87591116769 190.998736790248 181.432925633022 188.359519958496 192.865239824568 197.675997052874 201.705785478864 206.282529558454 210.863473074777 211.240010942732 212.72535269601 213.637363978795 212.001419067383 212.642824445452 210.078858511788 202.688534327916 204.889578683036 203.64947618757 202.405252729143 195.009790693011 187.487912859235 183.713435581752 178.835176740374
212.707662309919 209.371947152274 196.234196254185 188.564785548619 172.976561410087 186.151194981166 180.351050240653 180.599088396345 179.655470711844 177.211689540318 172.076091221401 174.081756591797 171.636303492955 175.081647600446 173.633648463658 177.081305367606 180.087459019252 179.076875959124 183.262613568987 178.540740966797 169.688048226493 167.757857186454 169.508633204869 168.717983790806 168.702003479004 179.03887285505 188.773351396833 190.765447344099 181.674168178013 177.029101780483 178.838688441685 183.401132856097 187.663457598005 199.861243111747 204.557735988072 204.117929731097 209.621490478516 205.147018432617 199.532722473145 197.747507367815 203.552917480469 210.599666050502 206.139018467494 203.922389439174 195.221366882324 197.014589582171 186.194008963449 179.161210196359 179.585243225098
195.867550441197 192.920199802944 186.520301818848 188.63506099156 182.621614728655 169.534585135324 175.690219334194 170.598010471889 175.064992632185 174.543968200684 172.858073643276 173.849552699498 174.607958112444 170.463408333915 179.826372419085 166.830248151507 171.959229605538 170.275167192732 166.118218558175 168.789843967983 166.078276497977 172.39663369315 172.623138427734 169.914878845215 176.803619384766 185.874014718192 194.699265616281 186.820615495954 180.199592590332 180.672393798828 183.462118966239 187.044259207589 182.756139482771 178.945873805455 189.139016287667 184.774657113212 185.437494550432 186.763093130929 193.359983171735 192.484749930246 196.389016287667 206.143389020647 207.708831787109 206.850274222238 199.065754481724 195.166617257254 187.753606523786 184.993968418666 176.429324558803
190.876007080078 186.907806396484 179.982464381627 178.453039986747 170.356725420271 160.648025512695 157.94423021589 162.472260611398 161.707915169852 156.355671473912 160.754596165248 159.880383082799 161.899039132254 164.586527143206 163.908808026995 163.899253845215 172.511663164411 169.019537789481 156.76596723284 153.469521658761 157.927570887974 166.7724206107 171.469911847796 172.114380972726 169.159181867327 172.822378976004 180.667240687779 185.544805254255 184.605112348284 189.041246686663 185.654991149902 189.47431400844 186.643755231585 189.197848728725 196.705053056989 193.201808384487 193.301013401576 185.985225132533 186.315767560686 189.236758640834 202.693907601493 202.102434430804 206.148321969169 206.756119864328 202.335083007812 197.982996259417 191.833699907575 185.510741097587 183.68174961635
186.630462646484 181.651945931571 171.922694614955 168.608188084194 161.392145429339 160.714069911412 166.027876717704 166.135777064732 159.422209603446 157.210064479283 144.731960841588 147.4078238351 143.048043387277 152.839329310826 152.78333064488 145.766090393066 149.39117540632 154.887428283691 145.825588771275 143.89247240339 146.568156651088 152.06180027553 154.690692356655 158.395659310477 160.828272138323 163.260843549456 170.652659824916 180.165089198521 182.40213230678 181.631244114467 184.971796308245 186.525089808873 187.915032523019 193.324183872768 198.138339451381 198.553708757673 196.386329650879 195.805658612932 196.704172406878 193.421000889369 197.42918069022 200.000818525042 203.906860351562 204.21662902832 200.100599016462 196.263377598354 190.337377275739 184.180438450405 179.963637215751
174.367565699986 169.052999223982 163.886342729841 157.073995317732 159.992736816406 158.144049508231 153.786709376744 153.80906023298 154.69318825858 148.457526070731 144.013765607561 151.081784929548 147.579815455845 138.59514944894 134.145351954869 134.952828543527 138.503568376814 141.263260977609 144.812516348703 141.422109331403 145.347728184291 149.718384878976 145.06146131243 150.221812656948 152.980299813407 157.40215083531 161.961846487863 162.922139848982 161.89157976423 163.144754682268 165.911612374442 175.11037336077 189.461541312081 195.741853986468 200.552017211914 197.521813528878 195.569160461426 199.132351466588 196.552201407296 196.493435450963 198.607432774135 195.318278721401 194.961247035435 198.519515991211 198.829572405134 193.500183105469 191.329306466239 190.045181274414 188.315416608538
