data/curr_env/bio15_avg_2010-2016.asc
NCOLS 664 
NROWS 380 
XLLCORNER 3.91666666666667 
YLLCORNER 55.3333333333333 
CELLSIZE 0.0416666666666667 
NODATA_value -9999 
[rows 352 to 373 of 380, columns 588 to 636 of 664]
45.864506312779 45.9650590079171 45.6241594042097 45.4033772604806 45.3995854513986 45.2075977325439 45.324257169451 45.1974585396903 45.0166574205671 44.8171027047294 44.8947099958147 45.279672895159 45.2018980298723 45.1492756434849 45.1728839874268 45.2360929761614 45.1471511295864 45.0772666931152 45.1647088187081 44.8932418823242 44.9976602281843 44.8503085545131 45.0206851959229 44.7478414263044 44.8679937635149 45.0719179425921 45.0826208932059 45.5198584965297 45.2974602835519 45.2251104627337 45.182120186942 44.9175891876221 44.9556816646031 44.6138256617955 44.8002668108259 44.9631178719657 44.6698311397008 44.7998270307268 44.7497125353132 44.499605178833 44.7925987243652 44.8923503330776 45.4526274544852 45.4028333936419 45.3988396780831 45.1976476396833 45.200197492327 45.1143856048584 45.0474166870117
46.6489067077637 45.9761417933873 45.5965734209333 45.335670198713 45.3647621699742 45.3300089154925 45.2032353537423 45.1008586883545 45.4214068821498 45.0767974853516 45.0704332079206 45.2420226505824 45.492228099278 45.268406186785 45.3292838505336 45.6281874520438 45.5649010794503 45.3278762272426 44.9796712057931 44.9058017730713 45.0073871612549 44.9644911629813 45.2911861964634 44.8517676762172 45.0218132564 45.0370823996408 45.1177447182792 45.5664779118129 45.6758030482701 45.2442436218262 44.944620677403 44.7803655351911 44.7359425680978 44.9020042419434 44.78655733381 44.6394418988909 44.6909294128418 44.7654301779611 44.6111638205392 44.6179191044399 45.3096803937639 45.2890167236328 45.2823925018311 45.167966570173 45.3546551295689 45.4234744480678 45.362606048584 45.4151529584612 45.4312558855329
45.8826065063477 45.5521011352539 45.6815962110247 45.6225406101772 45.5409889221191 45.5730111258371 45.5627871922084 45.2400131225586 45.4412059783936 45.3950274331229 45.871420451573 45.7465746743338 45.5289347512381 45.5586193629674 45.6703401293073 45.4242256709508 45.4747537885393 44.9396160670689 45.3156152452741 45.087608064924 44.9003421238491 45.0327420915876 44.9362468719482 44.7314158848354 45.0244658333915 44.9429253169468 45.5356924874442 45.7235126495361 45.5398458753313 45.5151944841657 45.3708234514509 45.2896085466657 45.0242034367153 45.1110300336565 45.2261668613979 45.0585302625384 45.0424439566476 44.9196172441755 45.0266423906599 45.0720242091588 45.2009735107422 45.3434987749372 45.4216259547642 45.1112736293248 45.199337550572 45.2892739432199 45.3650278363909 45.3615183149065 45.653329031808
45.8644717080252 45.7278545924595 45.6673306056431 45.6009687696184 45.597238268171 45.6879670279367 45.8775754656111 46.1026703970773 45.9007148742676 46.086996623448 45.8570924486433 45.6641578674316 45.3503333500453 45.2033356257847 45.0852759225028 45.0212135314941 45.3369137900216 45.283776147025 45.3440993172782 45.2491667611258 45.293730872018 45.2196657998221 45.5712193080357 45.7173892429897 45.4015140533447 45.3029798780169 46.0699114118304 46.033207484654 46.0815944671631 45.4625056130545 45.4095099312919 45.3381175994873 45.0152021135603 45.1988607134138 45.3052861349923 45.3662706102644 45.5400033678327 45.2157423836844 44.9604644775391 45.2696835654123 45.1118330274309 45.7024378095354 45.4087726048061 45.2228066580636 45.2562855311802 45.6498887198312 45.4704878670829 45.6404991149902 45.4907662527902
45.9620601109096 45.9442525591169 45.8475668770926 45.8180381229946 45.4959193638393 45.9852125985282 46.2182510920933 45.938056400844 46.0491068703788 46.0928156716483 45.571696962629 45.3582848140172 45.350188936506 45.3361325945173 45.286000932966 45.2396515437535 45.1005608694894 45.1397800445557 44.9610249655587 45.0131808689662 45.3233536311558 45.3525104522705 45.6922779083252 45.8922160012381 45.7944924490792 45.6715145111084 45.8559695652553 45.9811107090541 45.8536289760045 45.4521190098354 45.4527132851737 45.7669467926025 45.4062704358782 45.3877108437674 45.4750516074044 45.5646046229771 45.3775430406843 45.3482453482492 45.1678109850202 45.2577585492815 45.2881704057966 45.3118504115513 45.6925375802176 45.7702031816755 45.7458833966936 45.6796515328544 45.6725959777832 45.7018868582589 45.5259393964495
46.1557797023228 45.6216932024275 45.7235172816685 45.7412779671805 45.6971119471959 46.1114270346505 46.1298571995326 45.5788309914725 45.3073784964425 45.155207497733 45.1069622039795 45.1070532117571 45.3648161206927 45.4669720785958 45.4640148707799 45.5909042358398 45.0941979544503 45.1919354030064 45.3298759460449 45.5075228554862 45.6501982552665 45.5721923283168 45.822269984654 45.7011184692383 45.6942800794329 45.8354132516044 46.0629959106445 46.1402699606759 46.0903244018555 45.7209807804653 45.5030705588205 45.6829684121268 45.806037902832 45.759496143886 45.5139438084194 45.6386669703892 45.5773702348982 45.7868047441755 45.9577538626535 45.7808445521763 45.5752650669643 45.5353017534528 45.7173777988979 45.8614877973284 45.8405570983887 45.9973793029785 45.8600714547294 45.6976596287319 45.5362832205636
45.9491566249302 45.807854788644 45.7058372497559 46.0248227800642 46.1061987195696 45.6841632298061 45.5156947544643 45.8469794137137 45.5792345319475 45.2588579995292 45.1464080810547 45.1931007930211 45.6764692578997 45.9099181038993 45.8546464102609 45.7176824297224 45.448055267334 45.4884965079171 45.7118211473737 45.7096568516323 45.6257760184152 45.6961359296526 45.6979201180594 45.9445787157331 46.1106774466378 45.7130552019392 45.9548135484968 46.5311930520194 46.5240064348493 46.1510513850621 46.083748953683 46.02562386649 45.8399064200265 45.7933709280831 45.712005342756 45.874940599714 45.6852842058454 45.9437702723912 45.8703716823033 45.7650162833078 45.7877180916922 45.7496670314244 45.687315259661 45.6036584036691 45.8840751647949 45.9405348641532 45.937137058803 45.8819122314453 45.9081028529576
45.9983089991978 46.362671988351 46.6199836730957 46.5136092049735 46.1878051757812 45.5840674809047 45.3778809138707 45.3853288378034 45.3549532209124 45.2968831743513 45.477751323155 45.2970109667097 45.5129969460624 45.6338748931885 45.5280742645264 45.6972926003592 45.7268494197301 45.3197323935373 45.3304424285889 45.6225501469203 45.5340739658901 45.8879124777658 45.768919808524 45.7570675441197 45.8740103585379 46.0831993647984 45.8593436649867 46.3030182974679 46.4410885402134 46.471263885498 46.1652679443359 46.0592128208705 46.1426407950265 46.0822960989816 46.0628400530134 45.8858495439802 45.960642678397 45.922068459647 45.8038635253906 46.1415606907436 46.3957176208496 46.2866636003767 45.8998047964914 45.8849302019392 45.9651919773647 45.9338667733329 46.0426466805594 45.9390651157924 45.741692679269
46.3639981406076 46.6041316986084 46.6615818568638 46.7299028124128 46.5109773363386 45.794550214495 45.3245468139648 45.7447302682059 45.6028118133545 45.4087306431362 45.6619532448905 45.6344231196812 45.3724040985107 45.3543938228062 45.337064743042 45.5868443080357 45.5178249904088 45.4853158678327 45.4708115713937 45.5602561405727 45.9896095820836 45.9227055140904 46.0025847298758 45.9125862121582 45.8690182822091 45.7689593178885 45.9702325548445 45.9108832223075 46.4207213265555 46.234445299421 46.0433387756348 46.2442054748535 46.166508265904 46.317323412214 46.4413964407785 46.1480652945382 45.9125682285854 46.1756706237793 46.5743582589286 46.4670704432896 46.5702051435198 46.2331357683454 46.2876276288714 46.0915799822126 46.0342080252511 45.7571296691895 46.0398003714425 45.8031441824777 45.7101652962821
46.6355231148856 46.4262687138149 46.6819400787354 46.6942111424037 46.7139165060861 46.1243444170271 45.898539679391 45.5206685747419 45.7989894321987 45.7772350311279 45.8233258383615 46.2326485770089 46.1928027016776 45.5228339603969 45.2466297149658 45.2701211656843 45.8687804085868 46.1212231772287 45.9200120653425 45.7946355002267 45.6950010572161 45.7841807774135 46.3189705439976 46.4452517373221 46.3789051600865 46.757016318185 46.7578855242048 46.2979728153774 46.5442158835275 46.384156363351 46.1539061410086 46.2160197666713 46.486394064767 46.4568149021694 46.5653495788574 46.4666072300502 46.2262464250837 46.3015937805176 46.5330347333636 46.4179393223354 46.2751666477748 46.3722735813686 46.3579602922712 46.2159925188337 46.2502065386091 46.1132872445243 46.0729593549456 45.9038047790527 46.0564215523856
46.5995788574219 46.7514043535505 46.5510747092111 46.7262644086565 46.7811717987061 46.2801786150251 46.1828065599714 46.0488766261509 46.230838230678 46.2659789494106 46.0885061536516 46.1280097961426 45.9792649405343 45.6492181505476 45.6334896087646 45.4108374459403 45.3805032457624 45.480920791626 45.9721595219203 45.9467421940395 45.8512082781111 45.7981019701277 46.1957332066127 46.4425065176828 46.7017740522112 47.0509676252093 46.8292546953474 46.3521788460868 46.283960887364 46.0076931544713 46.4256706237793 46.2870979309082 46.3411620003836 46.4550966535296 46.5745146615165 46.5256255013602 46.6324114118304 46.4342438834054 46.6475917271205 46.6949130467006 46.5168560573033 46.6073254176549 46.6834389822824 46.3203996930804 46.1565088544573 46.3099392482213 46.2410981314523 46.330680847168 46.0536847795759
46.7114794594901 46.8519025530134 46.9290310995919 46.8901162828718 46.7729838235038 46.5345287322998 46.6000633239746 46.5255805424282 46.2513029915946 46.3379026140486 46.1852942875453 46.1816953931536 45.9919509887695 45.9526051112584 45.6382157461984 45.5831138065883 45.5459856305804 46.3288383483887 46.3532488686698 46.0639504023961 45.8645779745919 45.8627441951207 46.3248538970947 46.5110748835972 46.5067481994629 46.6067395891462 46.4494356427874 46.270478112357 46.1246727534703 46.4365119934082 46.3735471452986 46.3089430672782 46.2405913216727 46.6827577863421 46.5061258588518 46.7927055358887 46.8495832170759 46.7584659031459 46.5888339451381 46.4986277988979 46.7365739004953 46.6275727408273 46.6089499337333 46.3443908691406 46.5318303789411 46.3961334228516 46.7720576695033 46.5326292855399 46.4017105102539
46.9526639665876 46.8225490025112 47.1875438690186 47.0717005048479 46.8657155718122 46.6951157706124 46.3947789328439 46.4105072021484 46.2449125562395 46.3751228877476 46.2932654789516 45.9900760650635 46.1750798906599 45.6103488377162 45.7301483154297 45.5331927708217 45.9445070539202 45.9761494227818 45.9824973515102 46.3986252376011 46.3568799155099 45.9492010389055 46.530220576695 46.6256536756243 46.6465925489153 46.389561516898 46.8683084760393 46.4535271780831 46.16266141619 46.4622290475028 46.1165809631348 46.5617572239467 46.9546612330845 46.693790435791 46.4627205984933 46.3630360194615 46.697993687221 46.6319056919643 46.60045841762 46.732241494315 46.7656740461077 46.3071441650391 46.3810719081334 46.5430341448103 46.5062522888184 46.1801795959473 46.5535894121443 46.7863142830985 46.5659915379116
47.6202188219343 47.4098657880511 47.1595309121268 46.8790367671422 46.955464226859 46.6498462132045 46.4809583936419 46.4764169965472 46.4864180428641 46.4791398729597 46.5600125449044 46.2819344656808 46.0967488970075 45.8653460911342 45.9606778281076 45.6515143258231 45.4609347752162 45.3358898162842 45.3040444510324 45.6005170004708 46.0527907780239 46.0168675013951 46.5854143415179 46.5208116258894 46.5360063825335 46.3755272456578 46.6829621451242 46.5949164799282 46.4637037004743 46.3512968335833 46.4198929922921 46.4536568777902 47.0027770996094 46.8495227268764 47.0240582057408 46.8157544817243 46.9609674726214 47.0248729160854 46.7445820399693 46.4294853210449 46.7828330993652 46.9166308811733 46.7796527317592 46.4276128496443 46.027961730957 46.2287188938686 46.2745252336775 46.7413864135742 46.536007472447
47.6628235408238 47.1472598484584 47.248178754534 47.0342551640102 46.8686877659389 46.8091490609305 46.5593403407506 46.6051938193185 46.4795085362026 46.212183543614 46.1308364868164 46.2335807255336 46.0247309548514 46.089374269758 46.0837802886963 45.8926456996373 45.7267287118094 45.4527018410819 45.624203818185 45.380216053554 45.6110243116106 46.027936390468 46.2613092150007 46.5418570382254 46.6201637813023 46.3301080976214 46.275290625436 46.7119306836809 47.1359661647252 47.4370651245117 47.1911146981376 47.1811697823661 47.3934936523438 47.153859274728 47.596607208252 47.1960144042969 47.4523527962821 47.0671512058803 47.0747124808175 47.3690692356655 47.3291576930455 47.2806325639997 46.8054084777832 46.2620528084891 46.2070535932268 46.0808225359236 46.4101943969727 46.0607054574149 45.9063726152693
47.7621236528669 47.2332758222307 47.0814143589565 46.8957034519741 46.9124047415597 46.8818217686244 46.865985597883 46.8497646876744 46.5119195665632 46.5602779388428 46.5265878949847 46.466497693743 46.4176938193185 46.2773028782436 46.1287792750767 45.9111777714321 46.0616901942662 45.657372883388 45.7617838723319 46.2050996507917 45.8531796591623 46.1467933654785 46.588064466204 46.5171094621931 46.3833086831229 46.5560861315046 46.489470073155 46.7873516082764 46.8089368002755 47.0027683803013 47.6198359898158 47.6309874398368 47.6766973223005 47.6526047842843 47.7137282235282 47.9350798470633 47.5335181100028 47.2948908124651 46.9334422520229 46.7637835911342 46.8368007114955 46.7234649658203 46.6109613691057 46.3968609401158 46.367728642055 46.3184422084263 46.2680375235421 46.1592020307268 45.544972555978
47.7198535374233 47.5594128199986 47.277558190482 47.0552079336984 47.2043399810791 47.1908765520368 47.1006679534912 46.7332551138742 46.7568244934082 46.5965151105608 46.4454503740583 46.1934111458915 46.1255901881627 46.3854787009103 46.5914862496512 46.4048352922712 46.4806409563337 46.2577729906355 46.1198275429862 46.5268914358956 46.5262423924037 46.5469496590751 46.7928483145578 46.8599210466657 46.492743900844 46.5335205623082 46.9166559491839 46.9216657366071 46.7152919769287 46.8646351950509 47.1251242501395 47.1136011396136 47.3379135131836 47.9035344805036 47.7384332929339 47.8504382542201 47.7683050973075 47.6844956534249 47.6886220659528 46.9073339189802 46.9060091291155 46.8605553763253 46.5238669259208 46.2505798339844 46.5593572344099 46.5302042279925 46.1753420148577 46.0709871564593 45.9197224208287
47.8265141078404 47.5139067513602 47.3092286246164 47.3921781267439 46.7823952266148 47.0511027744838 47.1513230460031 47.0086688995361 46.9434795379639 47.0006798335484 47.0518087659563 46.6771847861154 46.7005637032645 46.5236592973982 46.5623089926583 46.6459702083043 46.6044178009033 46.6188945770264 46.5398472377232 46.6641573224749 46.5628773825509 46.5037661961147 46.7043677738735 46.8085000174386 46.6898424965995 46.5871598379953 46.7560511997768 46.4584448678153 46.8430625370571 46.6022791181292 47.0054332188198 47.150137765067 47.1656227111816 47.3791062491281 47.6985893249512 48.0082806178502 47.6759016854422 47.6401944841657 47.2820047651018 46.9375675746373 47.1108496529715 46.6879910060338 46.4878169468471 46.54863684518 46.2293701171875 46.1364609854562 45.9673777988979 45.9114941188267 45.8247288295201
47.5243238721575 47.5815762111119 47.5343761444092 47.3085185459682 47.2941856384277 47.2237085614886 47.0419025421143 47.1328855242048 46.8190086909703 47.0507550920759 46.589075088501 46.9848131452288 46.9311975751604 46.5105100359236 46.4560192653111 46.4997155325753 46.4875638144357 46.6349942343576 46.3823765345982 46.2338191441127 46.4874270302909 46.5713509150914 46.5622340611049 46.7602803366525 47.0500717163086 46.5096492767334 46.7370093209403 46.8441987718855 46.6504396711077 46.8931541442871 46.6657491411482 46.7727797372001 46.8702675955636 46.7585116795131 47.4059955051967 47.2710266113281 47.1579055786133 46.8491968427386 46.8623297555106 46.8490954807826 46.8640545436314 46.4554012843541 46.3278928484236 45.9655478341239 45.9905232020787 46.1941719055176 46.0711304800851 46.0588962009975 45.8492415291922
47.6887997218541 47.5987690516881 47.392140524728 47.2076890127999 47.0377488817487 47.0433079855783 47.021588734218 46.757219859532 46.709260395595 46.6515170506069 46.6036693028041 46.7265058244978 46.804288319179 46.5546676090785 46.5207465035575 46.3908863067627 46.3772779192243 46.8249964032854 46.4005404881069 46.4656808035714 46.732351575579 46.9419716426304 46.6211291721889 46.7940949031285 46.7694459642683 46.7871856689453 47.0321919577462 47.1895681108747 47.0120473589216 46.7402060372489 46.6424620492118 46.6744008745466 46.893068586077 47.2294818333217 46.9385059901646 47.0479354858398 46.9294319152832 47.0289519173758 46.4902986798968 46.3645826067243 46.7826140267508 46.3827089582171 46.0984867640904 45.8737152644566 45.6906585693359 45.722108568464 45.6743616376604 45.8388786315918 45.7613906860352
47.6885852813721 47.3250454493931 47.381459917341 47.2065061841692 47.1634404318673 47.1702038901193 46.8751256125314 46.6573578970773 46.5742408207485 46.8027174813407 46.6605186462402 46.5428633008684 46.6324590955462 46.506409236363 46.6175904955183 46.3269950321742 46.5156299046108 46.4841270446777 46.3831956045968 46.4724595206124 46.6537279401507 46.377647127424 46.4084606170654 46.4407615661621 46.4247589111328 46.6687349591936 46.7802739824568 47.0127944946289 46.7831807817732 46.9555887494768 46.5089863368443 46.6148774283273 46.6746804373605 47.0720514569964 46.8162378583636 46.6693006243025 46.8551216125488 46.6415977478027 46.5357191903251 46.4522923060826 46.2473024640764 46.1634189060756 45.8702327183315 45.7081151689802 45.5122607094901 45.6595191955566 45.5664111546108 45.266455241612 45.6367923191616
47.6121259416853 47.511937550136 47.5076743534633 47.3849582672119 47.2422825949533 47.1239771161761 46.970614024571 46.9698998587472 46.7444297245571 46.7970128740583 46.9166137150356 46.7227663312639 46.5043296813965 46.5234249659947 46.2455267224993 46.3229896000453 46.0274282182966 46.2703601292201 46.272055217198 46.1186425345285 46.3168024335589 46.4301300048828 46.5809277125767 46.4411054338728 46.7338902609689 46.7042176382882 46.8769482203892 46.8970478602818 46.8049768720354 46.5837396894182 46.6205847603934 46.6477906363351 46.7674849373954 46.8661188398089 46.5527932303292 46.3003158569336 46.4442901611328 46.2219069344657 46.4994163513184 46.3918784005301 45.899048941476 46.2027168273926 45.957103729248 46.3717891148158 45.5311813354492 45.4813820975167 45.8478600638253 45.6091384887695 45.5284107753209
