data/curr_env/bio19_avg_2010-2016.asc
NCOLS 664 
NROWS 380 
XLLCORNER 3.91666666666667 
YLLCORNER 55.3333333333333 
CELLSIZE 0.0416666666666667 
NODATA_value -9999 
[rows 88 to 109 of 380, columns 245 to 293 of 664]
-9999 -9999 -9999 -9999 -9999 -9999 -9999 -9999 -9999 -9999 -9999 -9999 236.285991123744 250.097917829241 244.033000401088 240.891265869141 244.269529070173 249.8101675851 255.856881277902 258.497828892299 261.998467581613 264.762302943638 262.538528442383 271.805249895368 283.892708914621 296.211303710938 299.171803065709 305.204842703683 348.022848946708 343.946650913783 308.473944527762 367.275268554688 395.453456333705 409.930951799665 372.837127685547 350.14608328683 282.2105582101 285.775774274554 324.173213413783 333.241250174386 320.185919625419 293.058813912528 259.276881626674 257.566068376814 281.742765154157 272.472878592355 219.572365897042 195.902947562081 180.465759277344
-9999 -9999 283.942047119141 281.02311706543 273.733178274972 273.453397478376 242.578179495675 235.507659912109 225.783255440848 -9999 220.112110682896 -9999 251.288515363421 252.027768816267 241.39629473005 243.929356166295 250.841940743583 249.305044991629 259.230494907924 259.465079171317 261.102161952427 259.706475394113 262.819771902902 264.305938720703 283.673400878906 260.538279942104 262.527064732143 258.909848894392 281.429724557059 327.92436000279 327.804066249302 280.721664428711 367.731087820871 395.226680210658 362.556348528181 269.195281982422 342.068572998047 355.927943638393 353.900578090123 321.774405343192 299.684646606445 320.327244349888 312.115495954241 247.555764334542 213.178506033761 197.974846976144 191.526890345982 187.780203683036 176.576642717634
300.191772460938 -9999 292.816382271903 294.340532575335 304.426108224051 282.559701102121 248.309749058315 -9999 -9999 -9999 217.910413469587 236.448438371931 244.934463500977 251.383806501116 253.298470633371 249.399972098214 251.235251290458 252.946430751256 259.594750540597 261.221426827567 264.588147844587 263.032137189593 265.89567565918 264.596522739955 253.427719116211 256.90122113909 269.879963466099 284.155386788504 340.421944754464 330.553078787667 318.627256120954 276.597551618304 251.942439488002 370.116128104074 427.760227748326 407.233651297433 405.974875313895 377.596086774554 360.766161237444 247.848794119699 215.460104806083 211.875588553292 204.158207484654 199.549257550921 194.57447378976 188.221681867327 183.133690970285 177.023751395089 170.187523978097
-9999 -9999 -9999 -9999 -9999 -9999 -9999 -9999 232.170870099749 235.272535051618 247.9281136649 263.017527988979 263.562829153878 251.373051234654 250.54226902553 248.250340053013 250.985547746931 256.085479736328 256.794039045061 258.151977539062 258.363446916853 256.372205461775 256.197191510882 255.378082275391 264.359592982701 300.691709245954 324.175617762974 339.520634242467 318.511182512556 270.003393990653 260.058600289481 269.833836146763 348.027204241071 393.188079833984 408.488146100725 420.330444335938 318.418794904436 352.535413469587 369.640032087054 267.028527396066 217.284436907087 205.175312587193 198.9482421875 197.707175118583 190.004854474749 182.874540056501 177.778490339007 172.14907182966 166.673398699079
322.014504568917 -9999 -9999 -9999 237.29452078683 228.749655587333 240.670257568359 245.949260166713 253.383433750698 250.031542096819 242.017756870815 239.835159301758 242.291168212891 248.439121791295 247.393879481724 248.135846819196 253.628982543945 257.853234427316 261.091947283064 261.026960100446 290.07859148298 295.031727382115 300.703255789621 307.151205880301 318.318263462612 325.068228585379 331.922422136579 320.988760811942 294.799455915179 292.952464512416 333.088187081473 374.68552507673 378.499075753348 343.976902553013 313.609660557338 354.383932931083 392.626613071987 337.746263776507 224.724171229771 207.712225777762 202.593444824219 205.462193080357 204.21758379255 195.879662649972 187.387390136719 181.013061523438 178.01174054827 173.015672956194 166.891394478934
-9999 -9999 -9999 -9999 266.049976893834 244.227297101702 235.608965192522 236.637283325195 244.3355582101 243.048435756138 240.23500932966 241.111489432199 241.991245814732 249.698675973075 248.268245152065 249.567415509905 276.070258004325 278.493301391602 -9999 -9999 -9999 -9999 303.384052821568 309.915754045759 313.09837777274 313.856852940151 315.70512172154 308.241082327706 326.477787562779 350.102704729353 361.027125767299 353.140917096819 312.114567347935 308.406720842634 241.422528948103 253.499071393694 260.313167027065 226.328242710658 253.596237182617 293.053628104074 272.492987496512 237.747713361468 206.39106968471 193.974347795759 190.295397077288 197.544326782227 188.406212942941 180.166981288365 170.082299368722
-9999 -9999 -9999 -9999 -9999 266.035291399275 259.908218383789 255.495487758092 252.460370744978 250.565981183733 249.146211896624 251.06065586635 251.412994384766 253.328883579799 254.990040370396 258.034160069057 255.0647517613 254.861652919224 255.706412179129 285.087563650949 290.454339163644 287.973124912807 255.688794817243 292.477687290737 309.16550554548 306.328754970006 307.741415841239 325.908107212612 338.064520699637 347.927023751395 346.801531110491 332.11572265625 331.446018763951 338.47079031808 350.353690011161 333.508662632533 335.550114222935 359.186628069196 284.257659912109 202.717851911272 199.857940673828 223.161054338728 215.283346993583 194.203166416713 182.508296421596 178.965044294085 179.448399135045 175.224066598075 165.847366333008
-9999 355.389068603516 331.87160382952 334.408948625837 310.576845441546 289.347791399275 281.481552124023 272.46628679548 273.569063459124 266.23446219308 264.682486397879 260.118216378348 263.034454345703 260.470879690988 259.59767804827 261.058508736747 260.390289306641 258.063901628767 285.769847324916 285.688757760184 253.998428344727 246.901423863002 242.334583827427 248.849990844727 292.771894182478 283.305075509208 242.081854684012 256.912854875837 278.305515834263 297.14011492048 332.605220249721 328.98709324428 316.471433367048 307.633686610631 281.550415039062 266.025218418666 233.097468784877 287.508871895926 317.948202950614 281.03084891183 262.573922293527 249.971226283482 208.648034232003 187.421661376953 180.234494890485 175.310825892857 172.921744210379 168.769869123186 163.523487636021
425.259041922433 392.794948032924 374.301831926618 352.757455008371 329.020385742188 330.647600446429 312.838762555804 294.555101667132 294.548130580357 295.137701851981 293.846496582031 290.059262956892 285.387640816825 277.536627633231 266.062925066267 262.06908089774 262.496470860073 258.194316319057 283.379089355469 289.580374581473 288.513434273856 250.962940761021 245.151805332729 244.027574811663 274.904277256557 237.71868460519 264.476484026228 265.01146371024 262.195105416434 277.698355538504 325.857692173549 342.493600027902 287.604803902762 251.68696812221 210.287813459124 209.50008719308 203.157651628767 198.818727765765 210.88992527553 240.738185337612 228.103953770229 228.052847726004 245.275447300502 252.299822126116 259.84597996303 244.93081011091 226.478751046317 202.707290649414 163.347991943359
409.047433035714 407.191458565848 392.039049421038 376.576123918806 352.860848563058 340.111585344587 323.052115304129 316.166495186942 312.967607770647 307.876970563616 303.771255493164 297.620812552316 285.061482020787 280.141584123884 274.214168003627 264.766459873744 260.263375418527 257.185121808733 253.255892072405 249.99815586635 284.112496512277 273.557418823242 239.608047485352 236.200903756278 230.530574253627 230.284641810826 254.134449550084 256.898422241211 261.509894234794 300.949399675642 318.331096104213 302.843930925642 308.520368303571 279.195999145508 244.650549752372 218.14633832659 204.595190865653 197.324279785156 195.004318237305 190.081712995257 187.945685250419 185.651598249163 180.585553850446 179.041815621512 194.980518886021 221.239654541016 242.509717668806 213.787464686802 161.941382271903
426.774767194475 419.417240687779 427.465859549386 386.575583321708 365.169546944754 348.748190743583 336.213553292411 322.591404506138 311.092195783343 302.43406023298 293.132193429129 289.875187465123 286.542591639927 282.311412266323 279.336188180106 275.476717267718 263.956475394113 254.831869942801 252.060115269252 247.371228899275 279.340739658901 267.925587245396 238.654985700335 231.837203979492 227.311551775251 225.985512869699 250.580651419503 257.632845197405 271.020377022879 309.540368216378 273.373467581613 231.969120570592 208.732033865792 257.064062935965 212.875983101981 198.252559116908 195.817332676479 191.132278442383 188.923801967076 186.771647862026 188.013157435826 185.704847063337 183.561791556222 199.797559465681 207.176537649972 208.562781197684 195.041516985212 164.97677394322 156.17868913923
480.05275617327 448.198695591518 443.527439662388 382.344085693359 340.773110525949 331.464869907924 343.651550292969 332.497676304408 320.645337785993 310.021050589425 327.801511492048 293.454650878906 290.212077549526 283.694702148438 276.882465907506 270.728315080915 264.268615722656 256.73479788644 248.916196550642 244.245402744838 244.31967817034 239.423634120396 239.180914742606 231.497299194336 225.789749145508 222.938105991908 242.179606846401 246.629980904715 286.676515851702 285.166990007673 228.253400530134 223.802747453962 202.353315080915 199.252437046596 196.796393258231 194.473983764648 190.785023280552 188.095373971122 187.137322562081 191.158525739397 209.023282732282 183.540248325893 177.848824637277 180.490234375 202.534031459263 195.515239170619 183.2360294887 162.747020176479 161.132481166295
483.999093191964 426.90141078404 374.464106968471 354.40232195173 346.976693289621 359.443459647042 347.174787248884 337.057272774833 305.258998325893 301.789271763393 308.075097220285 296.294117518834 287.756949288504 282.225612095424 274.852166312081 298.840715680804 294.10162789481 258.518833705357 250.595267159598 243.669762747628 237.353478567941 231.828111921038 231.902047293527 222.565357753209 215.499947684152 212.665581839425 214.292787824358 254.465281895229 284.468041556222 271.020239693778 244.73299734933 248.709821428571 237.595772879464 216.268890380859 190.379505702427 190.547260829381 188.813991001674 185.532130650112 182.843089512416 184.918193272182 188.457621983119 183.480682373047 182.843734741211 181.898263113839 178.038946969169 169.913044520787 162.596902029855 160.378897530692 157.274520874023
437.532431466239 423.036233084542 380.850115094866 363.733407156808 349.202423095703 361.292388916016 354.964547293527 336.204219273158 311.424355643136 305.77190726144 291.783227103097 283.026373726981 291.531603131975 282.826555524554 276.431566510882 299.892129080636 291.169937133789 256.443806239537 249.74518258231 241.280456542969 235.090410505022 229.949800763811 227.728073120117 222.192391531808 218.721540178571 234.416312081473 240.05534362793 255.22240121024 267.257354736328 234.569675990513 225.83094569615 219.675133841378 214.099007742746 195.062770298549 193.491237095424 189.79899597168 185.562951224191 183.526264735631 186.971596854074 181.445648193359 181.188003540039 181.146495274135 179.062850952148 177.768892560686 176.816809517997 168.491871425084 181.93926348005 180.651118687221 174.814775739397
443.919490269252 383.997227260045 362.286163330078 352.01653616769 342.409729003906 364.834729875837 351.301727294922 317.816537039621 311.224731445312 301.895782470703 296.944475446429 304.653034755162 294.821539742606 285.950018746512 309.44777570452 299.787325177874 260.484974452427 253.509950910296 251.873334612165 247.317831856864 235.483461652483 227.851885114397 220.872427804129 214.468449183873 209.430398123605 203.766015189035 224.729880196708 252.408238002232 239.368985857282 210.566321236747 200.816929408482 181.368922642299 184.714329310826 188.457565307617 194.276698521205 192.126839773996 184.972640991211 180.03286089216 184.480181012835 183.801579066685 179.267824445452 174.485469273158 174.155811854771 174.720132010324 173.264814104353 166.553525652204 163.648666381836 165.650663103376 168.745864868164
429.255157470703 411.966012137277 395.217546735491 385.241712297712 371.080880301339 362.165544782366 322.873365129743 317.069667271205 312.693442208426 304.707999093192 311.681884765625 302.906234741211 296.048435756138 317.723911830357 275.724445887974 269.699877057757 262.345836094448 251.913914271763 247.589863368443 240.170996529715 231.727251325335 226.491411481585 222.058959960938 218.78390284947 213.834128243583 201.952771868025 198.050033569336 236.017218453544 242.162909371512 206.668021065848 181.711595807757 194.590835571289 185.984660557338 197.396054949079 203.482169015067 184.683216639927 177.63215637207 177.16671534947 181.807667323521 179.774865286691 174.095474243164 175.934369768415 181.017255510603 186.085856846401 177.752158028739 172.978833879743 163.373761858259 159.867394583566 166.675007411412
390.708792550223 407.297973632812 399.089556012835 385.183197021484 371.04345703125 333.44100516183 324.61678641183 318.817108154297 330.328717912946 318.511790684291 308.341201782227 305.210109165737 296.814947945731 281.60372706822 275.224408830915 265.882361275809 258.730521065848 251.694063459124 243.775990077427 238.272635323661 234.529604230608 225.663685389927 221.127849033901 210.901589529855 221.094905308315 218.19924054827 217.876135689872 191.503546578544 202.102401733398 220.230743408203 221.819686889648 211.992056710379 195.027034214565 202.500900268555 217.805892944336 201.309555053711 192.170510428292 193.067450387137 178.902136666434 184.901288713728 191.200964791434 189.287229265485 180.813868931362 181.248894827706 173.818516322545 169.169723510742 183.509294782366 171.492117745536 154.767422267369
391.082990373884 380.804840087891 371.35686819894 355.503705705915 339.384185791016 329.719992501395 324.37544468471 314.635245186942 309.946672712054 303.418932233538 320.172932216099 302.848371233259 277.218745640346 269.038500104632 263.003487723214 268.709008353097 259.667624337333 251.588093348912 243.312940325056 238.982522147042 235.906518118722 226.167430332729 222.724273681641 226.168252127511 221.234743390765 217.249847412109 226.993140084403 215.47131565639 197.702907017299 176.736668178013 185.679872785296 187.611683436802 195.489166259766 184.580071585519 186.006275721959 200.178146362305 194.88646371024 190.990465436663 185.998059953962 175.367547171456 181.025460379464 180.202183314732 187.482495989118 186.5228402274 181.758826119559 177.218660627093 174.5531136649 174.83042035784 168.242137363979
377.072269984654 378.581307547433 363.628470284598 346.981471470424 341.282919747489 331.917920793806 326.611493791853 324.940556117467 333.190739222935 326.712692260742 308.120749337333 287.834708077567 283.96195765904 277.920074462891 269.778745378767 272.73951285226 263.396830967494 251.631151471819 240.82118007115 233.995387486049 230.74520438058 222.16310773577 218.131716047015 219.5453011649 220.97834777832 222.680186680385 222.156367710658 206.707334245954 196.248199462891 180.792166573661 173.329696655273 173.529050554548 174.940084184919 177.204345703125 182.418648856027 165.493680681501 162.76386151995 169.82163129534 183.522223336356 182.469693865095 180.747517177037 182.027038574219 178.734991891044 165.061536516462 177.629346575056 179.48651776995 174.570181710379 157.082608904157 168.325612749372
377.483006068638 367.886064801897 358.845114571708 346.010402134487 339.740997314453 339.772491455078 326.109828404018 333.65920148577 325.211820329939 296.533780779157 311.449449811663 301.346603393555 291.251353672573 287.277720860073 277.289206368583 267.514591761998 261.559910365513 252.29653276716 245.954328264509 243.012115478516 236.984218052455 220.990888323103 217.575221470424 220.566877092634 219.161860874721 217.089699881417 217.831067766462 203.543409075056 197.924586704799 186.75932094029 182.142501831055 177.679825919015 174.518543788365 178.076987130301 173.382714407785 184.790396554129 187.454951695033 185.328881399972 179.486620221819 169.743146623884 179.70412336077 169.038312639509 171.748343331473 169.238749912807 166.947971888951 174.804757254464 175.607554844448 174.519308907645 168.906170436314
368.526559012277 355.194427490234 350.785631452288 342.589089529855 334.458142961775 348.438816615513 342.042615618025 333.601470947266 326.331765311105 319.821626935686 306.017992292132 298.169045584542 295.168234688895 280.505351475307 277.673065185547 272.105194091797 261.980455671038 250.749141148158 253.108836582729 241.363933018276 233.968920026507 222.751159667969 230.344576154436 218.130937848772 226.502576555525 216.737173897879 210.061168125698 207.386585780552 194.656583513532 178.37878199986 182.375239780971 173.810398646763 187.49607195173 194.370986938477 194.5407169887 182.553724016462 177.505201067243 177.333127702985 173.864052908761 172.182231358119 178.367959158761 177.085093906948 169.891416277204 171.818769182478 171.583258492606 167.025473458426 159.528129577637 167.561120169503 166.115825108119
366.959673200335 363.806740897042 354.884822300502 344.647875104632 334.81749180385 348.332366943359 347.898127964565 346.395246233259 326.914936610631 311.076662336077 289.738320486886 299.628099714007 285.054591587612 280.306113106864 278.196897234236 274.458609444754 261.221779959542 250.487291608538 244.737411499023 235.6724722726 228.827004568917 236.983319963728 227.900061471122 215.616162981306 227.311011178153 226.600827898298 214.669584001814 195.213174002511 179.329507010324 185.489244733538 187.209431239537 177.512741088867 180.197919573103 182.207693917411 188.56685093471 199.662179129464 187.904285975865 182.391869681222 178.016701834542 178.043409075056 176.90211050851 168.71418762207 164.987912859235 165.702619280134 170.413587297712 175.029630388532 173.611319405692 170.432605198451 165.534953526088
