data/curr_env/bio15_avg_2010-2016.asc
NCOLS 664 
NROWS 380 
XLLCORNER 3.91666666666667 
YLLCORNER 55.3333333333333 
CELLSIZE 0.0416666666666667 
NODATA_value -9999 
[rows 110 to 131 of 380, columns 196 to 244 of 664]
-9999 -9999 -9999 -9999 47.1902969905308 -9999 -9999 -9999 -9999 -9999 -9999 46.9265632629395 46.6469519478934 46.4319831303188 46.384909766061 -9999 -9999 46.3372135162354 46.5195029122489 46.933067049299 46.963374546596 46.7956006186349 46.4615584782192 46.7047075544085 46.8060054779053 -9999 47.0823693956648 46.0882385798863 45.7724584851946 45.9555146353585 46.0836868286133 45.8860282897949 46.6279356820243 47.6349255698068 47.3627967834473 46.136310849871 46.2622086661203 45.7677792140416 45.779946735927 45.0907808031355 44.7788333892822 45.1702003479004 45.9744096483503 46.2689647674561 46.7287006378174 46.459799357823 44.8083062853132 44.5870813642229 44.8912544250488
-9999 -9999 -9999 -9999 -9999 -9999 -9999 -9999 -9999 -9999 -9999 -9999 46.814185823713 46.6076156071254 -9999 -9999 -9999 45.8062597002302 46.0222505841936 46.3566401345389 -9999 45.920786176409 45.7464585985456 45.6181310926165 45.6253536769322 45.7658457074847 46.0130007607596 46.5375979287284 46.8298497881208 46.269458770752 45.6418903895787 45.7146369389125 45.7874303545271 45.9957068307059 46.0643076215472 46.3833005087716 47.0023155212402 47.7507885524205 47.1941501072475 47.0242947169713 46.7530659266881 46.8924838474819 48.024012701852 47.5732909611293 47.204309463501 47.3789563860212 47.3704291752407 46.8031741550991 46.7469684055873
46.7926872798375 -9999 -9999 -9999 -9999 -9999 -9999 -9999 -9999 -9999 -9999 -9999 -9999 -9999 46.3931061880929 -9999 -9999 -9999 46.0713669913156 46.1628772190639 46.0618049076625 46.0194285256522 -9999 45.7330946241106 45.4795638493129 45.1719736371722 45.2014530726842 45.8131089891706 46.1356811523438 45.8171337672642 45.1362468174526 45.0580051967076 44.9073459080287 45.4017355782645 45.5055868966239 45.0283135005406 45.0577419825963 45.7288562229701 46.2854121071952 46.9377683912005 47.3104267120361 46.840457371303 48.4309458051409 47.4524699619838 45.9307468959263 46.0514975956508 47.1411729540144 47.5149617876325 47.6706758226667
-9999 -9999 -9999 -9999 -9999 -9999 -9999 -9999 -9999 -9999 -9999 -9999 -9999 -9999 -9999 -9999 -9999 45.5194560459682 45.0047073364258 45.2789982386998 45.4504759652274 45.7872469765799 44.9429106031145 44.7759524754116 44.9843888963972 44.6782128470285 44.5985995701381 44.887083871024 44.9048551831927 44.7009315490723 44.3827005113874 44.5017247881208 44.7946325029646 45.4020028795515 45.1936847141811 44.6976340157645 44.6000742231097 44.6821250915527 45.135489327567 46.2668470655169 47.1881760188511 47.5699738093785 48.6567350115095 49.1815120152065 48.4972918374198 48.5557951245989 48.4820987156459 47.7354343959263 47.3883195604597
-9999 -9999 -9999 -9999 -9999 -9999 -9999 46.1901182447161 -9999 46.4525290897914 46.1482704707554 46.1818994794573 -9999 -9999 -9999 -9999 -9999 45.6834801265172 45.4255501883371 45.3229225703648 45.2471139090402 -9999 44.5396984645299 44.154511315482 44.533283506121 44.2736230577741 43.6877430507115 43.5945807865688 44.0172980172294 44.1619172777448 44.4022151402065 44.9321951184954 45.1379983084542 44.456963130406 45.0222751072475 45.2844905853271 45.2469141823905 45.1804866790771 46.0176492418562 46.0221009935652 46.267917905535 46.5836086273193 46.9860872541155 47.7362507411412 48.7519514901297 49.5011806488037 49.3711501530239 49.2548337663923 48.9173752920968
-9999 -9999 -9999 -9999 -9999 45.5641092572893 45.6019115447998 46.4128682272775 46.2142066955566 -9999 46.0790691375732 45.9165630340576 45.8806686401367 45.8194146837507 45.8730057307652 46.0623171670096 45.8897961207799 -9999 45.6693943568638 45.5512054988316 -9999 44.8871334620884 44.1052461351667 43.6743662697928 43.4085968562535 43.4660276685442 43.5859345027379 43.4615069798061 43.9270861489432 44.2136816297259 44.7245006561279 45.4362324305943 45.5472286769322 45.2740691048758 44.9917231968471 45.3422660827637 46.1411391666957 46.5659552982875 45.8407118661063 45.3582886287144 45.5525629861014 46.2186153956822 46.1250245230539 46.3264936719622 47.1491573878697 48.4044162205287 49.4700178418841 49.945679800851 49.8785117013114
-9999 -9999 -9999 -9999 -9999 -9999 -9999 -9999 -9999 46.0977197374616 46.1666104452951 45.8870950426374 46.0290470123291 45.9708990369524 -9999 -9999 45.7190222058977 45.75657081604 -9999 -9999 -9999 -9999 44.4323703220912 44.1075286865234 43.9060208456857 44.1229722159249 43.7786723545619 43.6628110068185 44.2630211966378 44.9832444872175 45.5393036433629 46.3607016972133 47.2617876870292 47.2260175432478 46.8775400434222 46.448100226266 45.6826139177595 46.5722718920027 46.8086021968297 46.9967411586217 47.6595644269671 47.8904320853097 47.2499147142683 47.1679314204625 48.8485807691302 49.3235710689 49.422734941755 49.7570912497384 49.9972226279123
-9999 -9999 -9999 -9999 46.0990183694022 -9999 -9999 -9999 -9999 -9999 -9999 -9999 -9999 -9999 -9999 44.533714566912 43.9900488172259 43.7484555925642 43.9622206006731 44.688939503261 -9999 44.5013340541295 44.1433162689209 44.1124550955636 44.3993530273438 44.7941725594657 44.4824033464704 44.0236819131034 43.3567671094622 43.595189503261 43.7166854313442 44.1119065965925 44.5256987980434 45.5757261003767 46.8295170920236 47.6012987409319 47.2797230311802 47.2382164001465 47.7393864222935 48.4662511008126 48.5876554761614 48.4658143179757 47.8054981231689 48.7725642068045 -9999 49.4261643545968 48.0415594918387 47.6397745949881 47.8940718514579
-9999 -9999 45.2977022443499 45.5479858943394 45.7090990883963 -9999 -9999 -9999 -9999 -9999 -9999 45.4277793339321 45.4198455810547 -9999 -9999 45.0095972333636 44.323484148298 44.0754231044224 44.2176671709333 44.3730501447405 44.623674937657 44.1912242344448 43.9718668801444 44.2589525495257 44.0581744057792 43.8651883261544 43.372471673148 43.3140528542655 43.7466577802386 44.6217054639544 45.2820870535714 45.1453328813825 45.7426697867257 45.0834268842425 46.150938306536 47.2744088854109 47.4766644069127 47.6176651545933 46.9755862099784 46.4182976314 47.0748045785086 48.2979352133615 47.772454398019 47.8680182865688 47.6868604932513 47.0116601671491 46.4905098506383 46.7400142124721 47.6252326965332
-9999 -9999 -9999 -9999 -9999 45.2006478990827 45.1978054046631 45.0296606336321 45.2597045898438 45.1300700051444 44.8147370474679 44.7660993848528 44.738952091762 44.7647669655936 44.6546990530831 44.6944269452776 44.7618408203125 -9999 44.4691835130964 43.7523607526507 44.0777849469866 44.5302750723703 44.1261506761823 43.6363280160086 43.1930743626186 43.2090067182268 43.8099327087402 44.0603782108852 43.9881341116769 44.0921170370919 44.8443189348493 45.0439107077462 45.4137020111084 45.124365397862 45.488493510655 46.009710584368 47.4464931488037 47.412207194737 46.73900277274 45.9561149052211 47.3143198830741 47.0416578565325 45.3534551348005 44.9918915884835 44.8704261779785 45.1378315516881 45.6150131225586 45.534631729126 45.5141642434256
-9999 -9999 -9999 -9999 44.6445007324219 44.7137829916818 44.524881362915 44.5897966112409 44.6871757507324 44.5847094399588 44.2172363826207 44.2437643323626 44.0806846618652 44.2912374223982 44.1839362553188 44.2353940691267 44.3244893210275 44.4881711687361 43.9400005340576 43.2874349866595 42.8329958234514 42.7406212942941 43.114429473877 43.5772517068045 43.1696134294782 42.9014917101179 42.7754110608782 42.5466763632638 42.5916085924421 42.5369317190988 42.5047512054443 42.7284875597273 43.084132875715 43.2064255305699 44.5926412854876 46.4470629010882 46.4979713984898 45.5662817273821 45.0472818102155 45.8077981131417 47.0928072248186 47.613894871303 47.3410720825195 46.9440817151751 46.9246741703578 46.1228912898472 46.4005870819092 45.7645906720843 44.6177722385951
-9999 -9999 -9999 -9999 44.52959387643 -9999 44.1720090593611 44.0876069750105 43.9872698102679 43.8002433776855 43.3314974648612 43.3403620038714 43.4312823159354 43.4949468885149 -9999 43.4793706621443 42.530732018607 42.2578204018729 41.9866409301758 41.7218306405204 41.3005354745047 41.3220825195312 41.7248390742711 42.7248954772949 43.0581392560686 42.5331548963274 42.3821729932513 42.008289882115 41.6812839508057 41.8452058519636 42.1814016614641 42.6127646309989 43.238245010376 44.2213589804513 45.2982052394322 45.4678213936942 44.8450557163783 44.1450552259173 43.6989056723458 44.6058573041643 46.3923781258719 46.7806292942592 45.5635190691267 44.7499046325684 44.4738870348249 43.4394588470459 44.6797673361642 46.229959487915 46.0559967585972
-9999 -9999 43.817512512207 43.9953981127058 -9999 -9999 43.3315383366176 42.5722917829241 42.1557257516044 42.4819368634905 43.0944254738944 43.2185170309884 43.3662316458566 -9999 43.4156041826521 42.9514582497733 42.6291934422084 42.4978975568499 42.5291282108852 42.7788034166609 42.7974452972412 42.8309991019113 42.5386559622628 42.4966174534389 41.9466342926025 41.3178849901472 41.1054213387626 41.3043387276786 41.4687944139753 41.8964484078544 43.191822052002 44.0808181762695 44.4787921905518 43.8987554822649 44.350609098162 44.7239050183977 44.1264536721366 43.8273304530552 43.8160294124058 44.8197152273996 46.1522925240653 46.7994986942836 46.1267185211182 44.7692664010184 45.020010811942 44.8708586011614 44.6005546024867 43.239433833531 42.5302747998919
-9999 43.2329305921282 43.0605961935861 43.3229844229562 43.4509721483503 43.1294803619385 42.5441305977958 42.1031774793352 42.2398548126221 42.9274760654994 42.923363004412 42.9508860451835 42.9529557909284 42.9633772713797 43.4197771889823 40.3536183493478 40.8253506251744 41.1768542698451 42.1213771275112 42.7196897779192 42.6497279575893 41.7810140337263 41.2930352347238 40.7617152077811 40.7367036002023 40.700095312936 40.774242401123 41.4020865304129 42.1820002964565 43.1007616860526 42.7318853650774 42.4160502297538 43.3812446594238 43.5668250492641 43.2502460479736 43.3695640563965 44.6064774649484 44.3238394601004 44.0488913399833 43.8253233773368 44.8889111110142 46.0607991899763 46.1641336168562 44.384621483939 43.3540297916957 43.4145357949393 43.2966324942453 43.8573594774519 43.6035660334996
-9999 42.9826676504953 42.759799684797 43.0277862548828 42.8813078744071 42.9213183266776 42.8818174089704 42.9461718967983 -9999 42.8104024614607 42.28219468253 41.916147504534 41.3338838304792 40.3415238516671 40.2649230957031 40.2195513589042 40.6316234043666 41.6971966879708 42.4901856013707 42.2637032100133 40.8960415976388 40.6020995548793 40.3088553292411 40.1927833557129 40.2599021366664 40.5900303976876 41.3352173396519 42.2593746185303 42.2612607138498 42.1649605887277 42.6725452968052 43.3997099740165 43.3519753047398 41.7578296661377 40.9432689121791 40.9568489619664 43.2503209795271 42.8495924813407 42.8510292598179 43.631288255964 45.0460499354771 45.4589527675084 44.825503213065 43.8060586111886 43.9098636082241 43.1096831730434 43.3244067600795 41.8131239754813 41.159291948591
42.2574877057757 42.4790526798793 42.2699301583426 42.5660275050572 42.7644192831857 42.6308729989188 42.5610697610038 42.2338864462716 42.153683253697 41.7544403076172 40.5345919472831 39.5440030779157 39.5778293609619 40.0636411394392 41.449900490897 41.732566016061 41.0825574057443 40.6084134238107 40.8500001089914 41.4922528948103 41.763790675572 41.7972153254918 41.4122336251395 41.1009605952672 41.4794207981655 41.9079535348075 41.8055913107736 41.8292582375663 41.4518522535052 41.2668824877058 41.9799265180315 42.9134107317243 42.6225836617606 41.1066019875663 40.8356285095215 40.8375778198242 41.5561624254499 41.9148486001151 42.2037462506975 43.4892790658133 44.7120241437639 45.3336312430246 44.7366880689348 44.7451727730887 44.5999676840646 43.9578612191336 44.1942209516253 43.2478090013777 41.9676881517683
42.0712871551514 41.8328674861363 41.9874559129987 42.1719008854457 42.2814927782331 42.3923162732805 -9999 41.9833428519113 41.6460263388498 41.0642095293318 40.8995315006801 40.5611877441406 -9999 40.8930467878069 40.5475548335484 40.9398664746966 40.7817756107875 40.3004766191755 40.067953654698 40.5993513379778 40.4434719085693 39.8605785369873 39.9999370574951 41.3707204546247 42.0185397011893 42.5539986746652 42.2052574157715 42.1008605957031 42.0777803148542 42.003764288766 42.2996567317418 42.8940416063581 42.9271371023996 42.2002841404506 40.5624574933733 40.7916554042271 41.4090791429792 41.521890095302 41.7580187661307 43.3504954746791 44.6343694414411 45.0095746176583 44.9594413212367 44.0211821964809 42.5382548740932 42.4474574497768 42.6060447692871 43.3293993813651 44.19882610866
41.6849814823696 41.7703249795096 41.9022363935198 41.9693900517055 41.9589135306222 41.8221857888358 42.2067080906459 42.0477793557303 41.8507055555071 41.6191030229841 41.6488971710205 41.7193279266357 41.4066739763532 40.5329396384103 40.4833384922573 40.5243620191302 39.6733815329415 39.3469023023333 39.5018098013742 39.9732723236084 39.763760975429 39.0276205880301 38.9902548108782 39.9992822919573 39.7480278015137 40.2540438515799 41.825802394322 41.9708614349365 41.8005256652832 41.334789276123 41.4399708339146 41.5945916857038 41.88466998509 42.3566335950579 41.7047089168004 41.1977953229632 40.9329210008894 40.8016341073172 41.4687377384731 42.2780513763428 43.2029797690255 43.4616821834019 43.1414154597691 43.2859085627965 43.9701805114746 43.4668527330671 42.5469417572021 42.9230036054339 44.6709717341832
41.5405611310686 -9999 41.7305308750698 41.6006322588239 41.8132539476667 41.8524979182652 41.6153251102992 41.5572842189244 41.5045735495431 41.349505015782 41.1878648485456 41.1472230638777 40.6530197688511 40.3264751434326 40.7070813860212 39.816059929984 38.5878151484898 38.6819943019322 38.7754208700998 39.3517573220389 39.7963581085205 38.9196434020996 38.5976821354457 38.8058907645089 39.2157088688442 39.7253368922642 40.8587736402239 41.7234584263393 41.7167407444545 41.2830006735665 41.2320126124791 40.6563205718994 40.2305859157017 41.2152293069022 41.7582631792341 41.2144650050572 40.7547035217285 40.872560773577 41.4183319636754 41.3436671665737 41.7275823865618 43.1799008505685 44.0369412558419 44.2760685511998 43.200248173305 43.0774451664516 44.3238405500139 45.4514498029436 45.8915203639439
-9999 -9999 -9999 -9999 -9999 -9999 -9999 41.1976173945836 41.071316582816 41.067786352975 40.9727341788156 40.3492802211217 39.1531620025635 38.3231489998954 38.8834465571812 38.6070750100272 37.6977808816092 37.9120720454625 38.5191993713379 38.9378174373082 39.2470234462193 39.3217146737235 38.6835120064872 38.4339645930699 38.8612057822091 40.060028893607 41.0614220755441 41.1284694671631 41.0806007385254 40.5795743124826 40.1226065499442 39.3228702545166 39.5002975463867 40.3698302677699 40.3744689396449 40.3431993212019 39.6298847198486 38.9259474618094 39.908808026995 39.7259927477155 39.8426167624337 40.5259091513498 41.0344878605434 43.4762213570731 45.1546222141811 45.3929653167725 46.1795425415039 45.8023480006627 45.8798127855573
40.7745693751744 -9999 -9999 -9999 -9999 -9999 -9999 40.6853452410017 40.3966682979039 39.9230046953474 39.2109909057617 39.5134808676583 38.8981301443917 38.2918548583984 38.0573847634452 37.3980078016009 37.2880096435547 37.6403868538993 38.1572660718645 38.4026557377407 38.2798314775739 38.7818608965193 38.4382422310965 37.781194959368 37.8013221195766 38.460502079555 40.5003185272217 40.6536475590297 40.5151609693255 39.703341620309 38.2999856131417 38.8207778930664 39.3445080348424 39.7971161433629 39.5075604575021 39.7280248914446 39.1900988987514 39.4182671138218 40.4254174913679 39.9393108912877 39.6800951276507 40.432517187936 41.170204435076 42.137797491891 43.7374815259661 44.8546297890799 45.4854025159563 45.5046866280692 43.7486534118652
40.355010168893 40.520000730242 -9999 -9999 -9999 39.9711333683559 39.7769581930978 39.860691343035 38.6434157235282 37.3381214141846 36.8476657867432 38.2650653294155 39.0624329703195 39.2353913443429 38.3384481157575 37.2366455623082 37.2865903036935 37.7901567731585 37.622250693185 37.5281979697091 37.5501708984375 37.4905264718192 37.5357889447893 37.7569836207799 38.2493070874895 38.8458162035261 39.2837159293039 39.8350475856236 39.9078935895647 38.5632991790771 37.9317433493478 38.6007180895124 39.5056871686663 39.2330027988979 39.6905931745257 39.7130579267229 40.3304767608643 40.4689636230469 40.1051453181676 40.571099962507 41.4809147971017 42.2580424717494 42.2253420693534 42.7599931444441 43.6870569501604 44.0085539136614 43.9877188546317 44.061909539359 44.2601789746966
