data/curr_env/bio15_avg_2010-2016.asc
NCOLS 664 
NROWS 380 
XLLCORNER 3.91666666666667 
YLLCORNER 55.3333333333333 
CELLSIZE 0.0416666666666667 
NODATA_value -9999 
[rows 198 to 219 of 380, columns 490 to 538 of 664]
45.2437411717006 44.9644410269601 44.8356028965541 44.7465547834124 44.8676452636719 45.0980039324079 44.8624823434012 45.2055391584124 44.9880817958287 44.6279302324568 45.2926668439593 45.118285042899 45.0901303972517 45.1682374136789 45.4926992143903 45.5580956595285 45.4601658412388 45.3437985011509 45.71917452131 45.7770957946777 45.8445058550153 45.8123528616769 45.7931390489851 45.7398035866874 45.7902276175363 45.8935508728027 45.9958659580776 46.0279511043004 45.8744049072266 45.9337724958147 45.596747807094 45.5020523071289 45.7548086983817 45.6833054678781 45.5601297106062 45.0227887289865 44.8146196092878 44.6074409484863 44.3756291525705 44.3095861162458 43.9959673200335 43.8039954049247 43.7087516784668 43.6471579415458 43.3619635445731 43.2215508052281 43.2689486912319 43.1056652069092 42.9954553331648
45.0292995997838 44.9907308306013 44.9019693647112 44.8564425877162 44.8025959559849 45.0095994131906 45.1692079816546 44.8993039812361 44.9203600202288 45.1874367850167 44.9868218558175 45.1183128356934 45.3143038068499 45.098379952567 45.4510329110282 45.3530202593122 45.5005836486816 45.4771107264927 45.8142018999372 45.9703679765974 46.1605611528669 46.1470663888114 46.401985168457 45.9073829650879 46.0066972460066 45.6390541621617 45.4285670689174 45.7128415788923 45.7153026035854 45.7991774422782 45.8042825971331 45.7569127764021 45.9466936928885 45.5594942910331 45.2993477412633 45.3034539903913 45.2636737823486 45.3352672031948 45.0781089237758 44.3724329812186 44.322411945888 44.2892003740583 44.2434250967843 43.9950978415353 43.8879198346819 43.7923665727888 43.6100831712995 43.8331928253174 43.2648135593959
44.761534009661 44.8564093453544 44.6666722978864 44.7558631896973 44.7457722255162 45.0094626290458 45.1720482962472 45.2520479474749 45.3736528669085 45.1605633326939 45.1323612758092 45.716480255127 45.3015349251883 45.057975769043 45.322019304548 45.2727530343192 45.5368982042585 45.4805728367397 46.0467175074986 45.9891591753278 46.0683315822056 46.1012584141323 46.2392975943429 46.0099329267229 46.5272527422224 46.299038205828 46.2537201472691 46.2344665527344 46.1442312513079 45.7197974068778 45.6614507947649 45.853029523577 45.7870900290353 45.786141531808 45.717949458531 45.1831201825823 45.2118663787842 44.9592413221087 44.6529587336949 44.6280239650181 44.4212319510324 44.3329762050084 44.2825796944754 44.5401979173933 44.4511601584298 44.0579460689 43.8439946855818 43.7089519500732 43.6229675837926
44.6873741149902 44.8726119995117 45.1266626630511 45.2234578813825 45.2946875435965 45.3146989004953 45.1253106253488 45.1751899719238 45.2575672694615 45.2438158307757 45.1286010742188 45.4388068062919 45.2580729893276 45.3223604474749 45.3963454110282 45.3696774074009 45.709039415632 46.1577219281878 46.1458653041295 46.1276975359236 46.2162159511021 46.6161989484514 46.4775881086077 46.5785636901855 46.7307848249163 46.584532056536 46.2609604426793 46.104252406529 46.2399365561349 45.9520399911063 46.0695656367711 46.0480398450579 46.0638340541295 45.929543358939 45.9006759098598 45.6776616232736 45.8011401040213 45.1295086996896 45.1767180306571 44.8653627123152 44.9127415248326 44.9822932652065 44.818870816912 44.7615184783936 44.8983200618199 44.4469029562814 44.1145387377058 43.7052230834961 43.5418221609933
44.5824704851423 44.8849193028041 44.9480138506208 44.9738764081682 45.2691563197545 45.1251547677176 45.0418058122907 45.0629942757743 45.2482986450195 45.2414218357631 45.2291003635951 44.9527380807059 45.3379189627511 45.4000887189593 45.1368250165667 45.5688803536551 45.8170536586217 46.0584422520229 46.0468079703195 46.2109712873186 46.2600514548165 46.9031987871443 46.8488306318011 46.8732223510742 46.7480179922921 46.3516619546073 46.3141743796212 45.7746396745954 46.1289522988456 46.2263202667236 46.1590578896659 46.1941629137312 45.9422779083252 46.0744206564767 45.8535218920027 45.5311039515904 45.7689993722098 45.4279253823417 45.0969785962786 45.0121716090611 44.9678083147321 45.0781759534563 45.0832424163818 45.127662386213 44.8981067112514 44.7475852966309 44.7667696816581 44.4294512612479 44.2511980874198
45.0489104134696 44.8507341657366 44.8388682774135 44.5534466334752 44.7441607883998 45.1587867736816 44.9265807015555 44.8949612208775 44.9638753618513 44.8990680149623 45.0473311288016 45.311085837228 45.2387591770717 45.4336422511509 45.4332711356027 45.8003687177386 45.739990234375 45.7547144208636 46.1059330531529 46.0757048470633 46.4802867344448 46.9354269845145 46.9669407435826 46.8191528320312 46.6485494886126 46.420263835362 46.692206791469 46.2549563816616 46.1136139460972 45.9339139120919 46.1588467189244 45.7981175013951 45.9567206246512 46.0168001992362 46.0164015633719 45.8900040217808 45.3808479309082 44.9329978397914 44.8155798230852 44.9069380078997 45.2704909188407 44.8894495282854 45.0964379991804 45.0588008335658 45.1322302137102 45.0491466522217 45.0209189823696 44.9365942818778 44.7776363917759
44.8324628557478 44.9035873413086 45.0133999415806 44.891603742327 44.9000881740025 45.1133177621024 44.9613233293806 44.8719782148089 45.0438074384417 45.1942116873605 45.1970198495047 45.4836823599679 45.4512459891183 45.3331538609096 44.9039481026786 45.1188496180943 45.752322605678 46.0656890869141 45.910270690918 46.0982458932059 46.4148156302316 46.6643693106515 47.4570852007185 47.1697867257254 46.6639635903495 46.1545897892543 46.4318259102958 46.1712842668806 45.8766196114676 45.9368757520403 46.0022076198033 46.376293182373 46.1318719046456 45.9748750414167 45.58050264631 45.7547106061663 45.5504259381975 45.4112521580287 45.3603237697056 44.9294556209019 45.0428605760847 44.9120249067034 44.8842517307826 44.7767666407994 44.6365555354527 44.9869057791574 45.0205748421805 45.0636852809361 44.5746661594936
44.5377982003348 44.7245249067034 44.6850242614746 44.6937659127372 44.7536196027483 44.9241131373814 44.9944757734026 45.102532523019 45.0293829781669 44.9610906328474 45.1454217093331 45.010366167341 44.8488061087472 44.9614998953683 44.6065624782017 45.1356746128627 45.1542516435896 45.4392580304827 45.6212343488421 45.8242917742048 45.9769406999861 46.0154102870396 46.725108555385 46.390796661377 46.3714114597866 46.3723049163818 46.1499810900007 45.7052942003523 45.8754877362932 45.8517412458147 46.1119894300188 46.0442316872733 45.84322983878 45.2329829079764 45.3963674817766 45.2495833805629 45.3403200422014 45.3223302023751 45.3777223314558 45.0858508518764 45.2118721008301 45.2690168108259 44.6499225071498 44.7272853851318 44.9315447126116 44.7563607352121 45.034341267177 44.896730695452 44.8095460619245
44.7198153904506 44.4900202069964 44.5460657392229 44.6340577261789 44.869441986084 44.8966500418527 44.9091960362026 45.2347352164132 45.2651972089495 45.3312247140067 45.1339596339634 44.9367550441197 45.0138593401228 44.7317864554269 44.8466371808733 44.5654994419643 44.7543378557478 44.8823678152902 45.3379930768694 45.3945650373186 45.6313569205148 45.8637302943638 46.0192620413644 46.1308146885463 45.8788566589355 45.858177457537 45.7318744659424 45.7179502759661 45.5293252127511 45.6633611406599 45.7871567862374 45.679021017892 45.6492124285017 46.0113955906459 45.7836028507778 45.6306476593018 45.3793100629534 45.2070146288191 45.2224292755127 45.2664906638009 45.2985867091588 44.9906447274344 45.1712818145752 45.0448461260114 44.9729578835624 45.074114390782 44.8869340079171 44.9066974094936 44.6556410108294
44.2818717956543 44.3666605268206 44.7755099705287 45.0816345214844 45.3345020839146 45.3239413670131 45.5925276620047 45.4356956481934 45.3816708156041 45.1593584333147 45.0589387076242 44.9256373814174 44.6543916974749 44.4087317330497 44.5331938607352 44.3828419276646 44.6047286987305 44.8779307774135 44.8143866402762 45.0069787161691 45.4901052202497 45.3834718976702 45.4199529375349 45.5038275037493 45.4894439152309 45.5668029785156 45.4864109584263 45.4142905644008 45.3368137904576 45.3910015651158 45.2227660587856 45.4651173182896 45.4498898642404 45.5889655521938 45.4965084620884 45.7088595799037 45.4608576638358 45.519784109933 45.0470676422119 45.0599272591727 45.3152468545096 44.9280204772949 44.991110937936 44.9124358040946 45.104621887207 45.1520671844482 45.2722206115723 45.1286384037563 44.8666387285505
44.302004132952 44.5839135306222 44.8821590968541 45.2003233773368 45.2904199872698 45.3431696210589 45.250853402274 45.5210173470633 45.3943208966936 45.1258550371443 45.0305758884975 44.8623286655971 44.4076461791992 44.5783244541713 44.5028473990304 44.3731602260045 44.4269256591797 44.4152990068708 44.5692400251116 44.8620491027832 44.9107431684222 45.3736160823277 45.3348023550851 45.0834898267473 45.0252181461879 45.1684717450823 44.7607460021973 44.8246596200126 44.9603922707694 44.9594244275774 44.9838314056396 45.2612334660121 45.1879059927804 45.1163229261126 45.3748444148472 45.3920756748744 45.3248923165458 45.0003307887486 45.209803717477 44.722452708653 44.7603410993304 44.7294545854841 44.6473219735282 44.9258654458182 45.4803417750767 45.2024598802839 45.35172189985 44.9836553846087 44.705867767334
44.7337444850377 44.7080307006836 44.8657706124442 45.2266987391881 45.1934503827776 45.5973875863211 45.6358282906669 45.7033375331334 45.7919060843331 45.3267571585519 45.1781785147531 45.1379825047084 44.7075429643903 44.6675682067871 44.3653073992048 44.3850190298898 44.3054973057338 44.3681558881487 44.4883482796805 44.7215538024902 44.9012816292899 44.8938892909459 45.072144644601 45.1258523123605 44.858224596296 44.9293384552002 44.9588375091553 44.7248126438686 44.5898508344378 44.802186693464 44.3921884809222 44.9326964787074 44.8951015472412 44.9741875784738 45.1274593898228 45.1825131007603 45.0971873147147 44.851900100708 45.36542565482 44.6894280569894 44.5580673217773 44.7280066353934 44.7152290344238 44.935519354684 44.8017335619245 44.8671866825649 44.7955763680594 44.8197337559291 44.6742700849261
44.7330207824707 44.9693172999791 45.350893838065 45.2910733904157 45.9696971348354 45.4665053231376 45.7577536446708 45.6720929827009 45.693361554827 45.8450170244489 45.333190373012 45.1429089137486 45.0014365059989 44.882130759103 44.3862795148577 44.4482269287109 44.2337226867676 44.3413843427386 44.4338689531599 44.6758142198835 44.944769178118 45.0696680886405 44.893164225987 44.6740559169224 44.7076721191406 44.5359208243234 44.6169340951102 44.6149597167969 44.1931487492153 44.5512834276472 44.5700446537563 44.4514102935791 44.7515874590193 45.0719915117536 45.0366788591657 45.1468639373779 45.3071122850691 45.5987638745989 45.308931350708 45.1123820713588 44.9007205963135 44.8542450496129 45.0060304914202 44.6728128705706 44.7461923871722 44.5961475372314 44.0832176208496 44.4979970114572 44.6893313271659
44.6230703081403 45.5600313459124 45.6795539855957 45.6538222176688 46.1129744393485 46.1621638706752 45.8052678789411 45.76878792899 45.9781112670898 46.0259034293039 45.8908931187221 45.6522451128278 45.1960863385882 44.7845066615513 44.4321321759905 44.6831218174526 44.4173469543457 44.7795257568359 44.7887289864676 44.8060520717076 44.9198747362409 45.3320792061942 44.9921627044678 44.7365379333496 44.8471674237932 44.7348153250558 44.6679870060512 44.5147435324533 44.3822345733643 44.5256336757115 44.6685074397496 44.5098737989153 44.7027609688895 44.6468595777239 45.2205456324986 45.1025406973703 45.3368750980922 45.0108975001744 45.1723343985421 44.9908749716623 44.9737088339669 44.7153124128069 44.5422063555036 44.8323541368757 44.9058500017439 44.6047905513218 44.5972597939627 44.5302317483085 44.4381384168352
44.959285736084 45.9141289847238 45.8449701581682 46.0118795122419 46.8480900355748 47.0358772277832 46.4602884565081 46.4105753217425 46.5859821864537 46.2380164010184 45.8995492117746 46.0752056666783 45.5334946768624 44.9659293038504 44.783326285226 44.9088559831892 44.9794485909598 44.9904992239816 44.9817153385707 45.2037279946463 45.0772612435477 44.9826338631766 44.5979153769357 44.5719073159354 44.8233833312988 44.5967088426862 44.3599243164062 44.2975491115025 44.5181318010603 44.3545352390834 44.7135075160435 44.7288436889648 45.0416445050921 44.9674396514893 44.9874313899449 45.0144271850586 45.131827218192 44.9185970851353 44.7427463531494 44.9164303370884 44.982880456107 44.8660774230957 44.6021254403251 44.7527893611363 44.9081380026681 44.8663215637207 44.5910606384277 44.3490213666643 44.1790073939732
45.5426395961217 46.6158921377999 46.7410703386579 46.8218847002302 46.8796086992536 46.9521898542132 46.9798796517508 46.6754880632673 46.6551350184849 46.2349134172712 46.1506625584194 46.0610651288714 45.4837760925293 45.3759880065918 45.2472152709961 45.0509507315499 44.6473208836147 45.1788526262556 45.0109786987305 45.2937022617885 45.2106298719134 45.3280606951032 45.0615482330322 44.7381084987095 44.439705984933 44.653178351266 44.8261838640486 44.8760408673968 44.7848330906459 44.4485637119838 44.7341512952532 44.840722492763 44.9572020939418 44.5485439300537 44.7146767207554 44.9283945901053 45.1719027927944 45.1032349722726 45.1089747292655 44.8597063337054 45.1863858359201 45.1763815198626 44.8876691545759 44.6504249572754 44.7042890276228 44.7163309369768 44.6065908159528 44.3463303702218 44.2684225354876
46.3027381896973 47.422180720738 47.6635175432478 47.8112765720912 47.365713936942 47.2833055768694 47.0163677760533 46.6582156590053 46.4159104483468 46.5818258013044 46.3845945085798 46.1555475507464 45.9113289969308 45.7117898123605 45.7417335510254 45.1254403250558 45.137807573591 45.1372511727469 45.3445014953613 45.3192923409598 45.4136870247977 45.3875427246094 44.8303091866629 44.7201783316476 44.3802817208426 44.3245470864432 44.4020663670131 44.8216389247349 44.6761657169887 44.6103308541434 44.3838443756104 44.5335884094238 45.0129615238735 44.9207286834717 44.6639090946742 44.9483569008963 45.1349239349365 45.242520741054 44.9343681335449 45.207738331386 44.8673945835658 45.0803364345006 44.7051549639021 44.8444148472377 44.8984819139753 44.5225960867746 44.5564553397042 44.4468942369734 44.1278901781355
46.9777717590332 47.6524838038853 47.598872593471 48.0553468976702 47.6169553484236 47.240548815046 47.1493050711496 46.5825484139579 46.1851032802037 46.2649285452706 46.3443816048758 46.0888279506138 45.8312170846122 45.6717850821359 45.200199672154 45.2122611999512 45.2247287205287 45.1644287109375 45.3583493913923 45.5502526419503 45.2878548758371 45.0563430786133 45.1621388026646 44.3518753051758 44.3814781733922 44.4413245064872 44.4905177525112 44.5207459586007 44.5290178571429 44.622310093471 44.6469372340611 44.6321618216378 44.9805515834263 45.3543450491769 45.1598123822893 45.0954431806292 45.1792994907924 45.3591613769531 44.9462138584682 45.1382239205497 44.7363436562674 44.6246367863246 44.3736122676304 44.2454648699079 44.3039910452706 44.6175313677107 44.328314099993 44.1343492780413 43.9816701071603
46.7348534720285 47.4401741027832 47.7783917018345 47.6175880432129 47.7941431318011 47.4891401018415 47.1391574314662 46.4922839573451 46.6004164559501 46.6590352739607 46.3871449061802 46.4540350777762 46.181821005685 45.984746660505 45.7694527762277 45.7732620239258 45.3977868216378 45.146600995745 45.265446799142 45.2369155883789 45.2415771484375 44.7555999755859 45.0308718000139 44.7061380658831 44.4034494672503 44.4030968802316 44.5747876848493 44.5047885349819 44.3356652941023 44.3999246869768 44.8366374969482 44.8234732491629 44.9513893127441 45.0442886352539 44.8493257250105 44.9855150495257 45.116580418178 45.0758072989328 44.9847090584891 44.9027129581996 44.7933093479701 44.6337904248919 44.2009506225586 44.4134674072266 44.1884686606271 44.2070873805455 43.8976821899414 43.5997916630336 43.9866820744106
46.4868649074009 46.9997574942453 47.5170473371233 47.4273387363979 47.3326187133789 47.7153679983956 47.5537420000349 47.1209542410714 47.0578357151576 46.2680985586984 46.3041866847447 45.9666181291853 45.9432460239955 45.86260168893 46.0869816371373 45.5795680454799 45.5577245439802 45.5761108398438 45.3225321088518 45.0518692561558 45.279534476144 44.855215890067 44.7662424360003 44.5118697030204 44.6934923444475 44.4057709830148 44.1246599469866 44.1829883030483 44.7353085109166 44.7997038705008 44.5607817513602 44.8009322030204 44.785498210362 44.7044843946184 44.9852384839739 44.8571706499372 45.1724553789411 45.0474308558873 44.6406996590751 44.7488174438477 44.3659940447126 44.384496143886 44.1251956394741 43.9265826089042 43.825031552996 43.9280885968889 43.5895456586565 43.3164029802595 43.9314858572824
45.6023984636579 46.2832576206752 46.7123712812151 47.0399126325335 47.2861382620675 47.4305005754743 47.1034464154925 46.7473095485142 46.7640609741211 46.3874920436314 46.3721417018345 46.3628959655762 45.9299518040248 46.0605801173619 46.2101407732282 45.6460146222796 45.6001603262765 45.4352711268834 45.6187384469169 45.1955293927874 45.2809115818569 44.9794028145926 44.9870856148856 44.6637616838728 44.640187399728 44.4260880606515 44.4251758030483 44.3120825631278 44.8825634547642 44.7598342895508 44.9123714991978 44.6578025817871 44.8138073512486 44.9861471993583 44.4675914219448 44.8013752528599 44.8384538378034 44.7986068725586 44.4842649187361 44.4141104561942 44.3282383510045 44.3484194619315 44.046681540353 43.9045233045305 43.8364947182792 43.9457239423479 43.6917773655483 43.8396576472691 43.4680192129953
45.8260748726981 46.0491779872349 46.5669027056013 46.978445325579 47.3479892185756 47.2960760934012 46.5713446480887 46.6707458496094 46.4392062595912 46.0519861493792 46.0693795340402 46.0464613778251 46.1155608040946 46.0882508414132 45.780884878976 45.5421736580985 45.5171143668039 45.6065673828125 45.4371762956892 45.4127082824707 45.4647254943848 44.8797454833984 44.8943116324289 45.0934818812779 44.879088810512 44.8400034223284 44.4796289716448 44.6943659101214 44.9189207894461 44.7477452414376 44.8432491847447 44.9563048226493 45.115423474993 45.1467056274414 44.9200608389718 45.0249167851039 44.7931850978306 44.9204090663365 44.7950480324881 44.1966405596052 44.0673817225865 43.9202750069754 43.7911218915667 44.0505722590855 43.831613268171 43.5694792611258 43.740398134504 43.7075827462333 43.4653124128069
