data/curr_env/bio19_avg_2010-2016.asc
NCOLS 664 
NROWS 380 
XLLCORNER 3.91666666666667 
YLLCORNER 55.3333333333333 
CELLSIZE 0.0416666666666667 
NODATA_value -9999 
[rows 352 to 373 of 380, columns 490 to 538 of 664]
110.607576642718 112.649713788714 113.848358154297 114.740649632045 115.942281450544 117.18569619315 118.078834533691 120.200100490025 120.288315909249 121.540640694754 121.225886753627 121.228259495326 122.354436601911 123.524927411761 124.329332624163 124.332061767578 125.570543561663 125.573607308524 126.374938964844 126.377314976283 126.379698617118 126.49415915353 126.514802115304 125.757669721331 125.796407427107 125.83515058245 127.960577828544 128.444729396275 129.280626569475 129.320646013532 129.247250148228 127.362153189523 129.32700238909 129.480730329241 130.65862928118 130.609389168876 130.560150146484 130.627170017787 132.999320983887 134.87349155971 137.91771697998 139.788689749581 139.975173950195 143.011766706194 144.086812700544 144.826651436942 144.829348972866 144.766068594796 143.665180751256
110.573233468192 112.604983738491 113.795904976981 113.872144426618 114.752697535924 115.840078081403 117.987415858677 119.185995919364 120.175451006208 120.254272460938 122.259438650949 123.37867300851 123.484402247838 124.278985159738 124.274325779506 125.39361681257 125.389083862305 125.384555271694 125.380024501256 125.375494820731 125.370964050293 125.477730887277 125.491505214146 125.411887032645 125.555329459054 126.7652457101 126.909488133022 126.942006792341 127.086546761649 127.119166782924 127.03956930978 127.072087969099 127.104609898158 127.137130737305 130.458950587681 130.413339887347 130.367720467704 130.322102137974 131.404913766044 133.322202410017 134.519333975656 136.391375950405 138.419207981655 139.497858319964 140.695653642927 141.318322317941 141.325865609305 141.390175955636 141.454483032227
110.434432983398 111.651419503348 112.626780918666 114.507661002023 114.573936462402 115.759456089565 117.788933890206 118.978271484375 120.06258719308 121.299582345145 123.359448024205 123.239232744489 123.227681841169 123.325299944196 124.108392987932 124.096182686942 124.083974565778 124.071759905134 124.05954851423 124.047340393066 124.035130092076 124.022917611258 124.029146466936 124.164489746094 124.189206804548 126.62871660505 126.654269627162 126.679818289621 126.705369131906 126.73091670445 126.756472996303 126.782020568848 126.807570321219 126.833121163504 128.11763545445 129.202519008092 129.159031459263 130.017036437988 129.974378313337 132.344293866839 134.215381077358 134.17096056257 136.04184286935 137.276943751744 138.238895961217 138.981377737863 140.11882346017 140.189079284668 140.259327479771
109.179119655064 110.456129891532 112.573341369629 113.749524797712 114.607565743583 116.946064540318 117.911182948521 118.985543387277 121.11693246024 122.301660810198 123.226691109794 123.099794660296 123.188965933664 123.170102800642 123.942455836705 123.922696794782 124.011817932129 123.88317653111 123.86340876988 123.843648638044 123.823887416295 123.804121834891 123.913007463728 123.930911472866 123.948813302176 125.145942687988 126.399044581822 126.41762651716 126.546030317034 126.564613342285 126.583196367536 126.601779392787 126.620358058384 126.529118129185 127.699868338449 127.769591195243 127.729161943708 128.927569798061 129.78504725865 132.041703360421 132.000112261091 133.869903564453 133.828378949847 136.858909606934 136.81519317627 137.895918709891 138.029567173549 138.10546875 138.062256949288
109.143226623535 110.412987845285 111.154143197196 113.582778930664 114.429324558803 116.866185869489 117.713155473982 118.885313851493 121.005635942732 122.181077139718 122.986868722098 122.960356576102 122.933842250279 123.014904567174 122.988564627511 123.749207632882 123.829984392439 123.80284336635 124.952715192522 123.748558044434 123.721420288086 123.694275992257 124.865390232631 126.108988080706 126.120598929269 126.132211957659 126.143826075963 126.155436924526 126.275772094727 126.287339346749 126.190272739955 126.201885768345 126.322030203683 127.515306745257 127.502403259277 127.464799063546 128.553272792271 130.580293927874 130.541137695312 131.739119393485 131.700281415667 132.785871233259 133.530214582171 133.376928056989 134.576393127441 134.537433079311 136.496301923479 136.576422555106 136.656536647252
109.107332502093 110.26483808245 112.361330304827 113.521628243583 114.357019696917 116.786306108747 117.621737888881 118.785085405622 120.894345964704 122.060482570103 122.85491507394 122.820919581822 122.893531799316 122.859706333705 122.825889587402 122.792063031878 122.758245195661 123.505994524275 123.47112928118 123.544082641602 123.509387425014 123.474700927734 123.459489004953 124.752028329032 125.879319327218 125.883963448661 125.888604300363 125.893247331892 126.005513872419 126.010058811733 126.014607020787 125.243998936244 125.248726981027 127.209837777274 127.194787161691 127.160005841936 128.359111240932 128.324596949986 129.06803894043 131.325868879046 131.289140973772 132.487652369908 132.45119040353 132.414737156459 133.160575866699 133.124836512974 133.034155709403 134.358074733189 134.327886308943
109.073580060686 110.224946158273 110.362795148577 113.468769618443 113.608536856515 114.43471963065 117.546642848424 118.80876486642 120.804545811244 121.963508605957 122.748846871512 122.813616071429 122.772476196289 122.731333051409 122.690195356097 122.64905330113 122.607913425991 122.566773550851 122.525632585798 122.591901506696 123.326648167201 124.46429334368 124.552590506417 125.677030290876 125.679962158203 125.68289075579 125.685824802944 125.688757760184 125.691684177944 125.801576886858 125.804396493094 125.034967694964 125.037979125977 126.994285583496 126.98184967041 126.954028538295 127.034269060407 128.239976065499 128.103791373117 129.244081769671 130.337353297642 131.084601266044 131.055073329381 131.025546482631 132.11803981236 132.088203430176 132.120004926409 132.098176138742 132.306874956403
109.364503043039 110.188338143485 110.322807312012 113.4242074149 113.454517909459 115.500811985561 116.698357718331 117.624728611537 119.948577880859 120.768796648298 121.989016941616 122.726381574358 122.678085327148 122.629782540458 122.581491742815 122.533191135951 122.591812133789 122.543664114816 122.49552154541 122.447370256696 122.399222237723 123.529883248465 123.509182521275 123.62319619315 124.40130506243 123.635840279715 124.413594927107 123.648484366281 123.761890956334 125.661890302386 124.897536141532 124.90408543178 126.091703142439 126.868651253836 126.863580976214 126.846876961844 127.954212733677 128.046129499163 127.920542035784 127.903706141881 127.997538975307 130.269477844238 130.250931876046 130.232389177595 130.991059439523 130.973194667271 131.01598576137 131.119438171387 132.23378099714
109.333334786551 110.151730128697 110.282822745187 113.379639761789 113.405957903181 114.327493940081 116.640900748117 117.455955505371 118.602953229632 120.696168082101 120.683168683733 121.855864388602 122.477298191616 122.421706063407 122.472781590053 122.524126325335 122.468802315848 122.413482666016 122.358166285924 122.30284336635 122.247516087123 122.192199707031 123.347505841936 123.464981079102 123.367382594517 123.377316066197 123.49452318464 123.504366193499 123.514217921666 125.415197099958 125.532130650112 124.66637638637 125.445259094238 124.68673488072 125.976565769741 126.73972429548 127.85771724156 125.958032880511 126.966117858887 127.069430759975 127.835556030273 127.830017089844 127.936431884766 127.931525094169 128.937425885882 128.966795785087 130.144328526088 130.374154227121 130.489376613072
109.302168709891 110.11512865339 110.242835998535 111.428898402623 113.357397896903 113.379724775042 115.413664681571 116.606984819685 117.41577911377 118.664584568569 120.60485621861 120.543546404157 121.602039882115 120.420933314732 120.466336931501 122.30146244594 122.345795767648 122.283300127302 122.220803397042 122.15831211635 122.095817565918 122.033324105399 122.008633204869 123.199281964983 123.212730407715 123.333506992885 123.346882411412 123.360255650112 123.373626708984 123.387002127511 123.400375366211 124.53545161656 124.549156188965 125.743789672852 125.753012520926 125.757417951311 125.761823381696 125.875086103167 127.003719874791 127.77848815918 128.95454624721 129.069988795689 128.191761561802 127.801508222307 128.312190464565 127.040577479771 127.104992457799 127.228564671108 130.416900634766
109.732376098633 111.774019513811 112.683410644531 113.63151877267 115.531353541783 113.433907645089 115.355185372489 116.545345851353 116.564712524414 118.48649597168 118.568834577288 119.282629830497 119.214211600167 119.145793369838 120.253063746861 120.291550772531 120.330241612026 122.153120858329 120.965335300991 122.013781956264 121.944110325405 121.874444144113 123.024156842913 123.041115897042 123.16544342041 123.07504599435 123.092010498047 123.10897064209 123.1259362357 123.142897469657 123.266839163644 123.283739362444 124.421756199428 124.438994271415 124.563169206892 125.651988438198 125.77589743478 125.792133876256 125.917889186314 126.948534284319 127.075945172991 127.093215942383 128.936243329729 127.015151977539 128.198259626116 128.213529314314 128.288757324219 128.42393384661 128.559107099261
110.600569588797 111.725838797433 111.845685686384 112.644375392369 113.771252223424 115.488946097238 113.288963317871 115.310807364328 116.498887198312 116.514074053083 117.266486031669 118.311058044434 118.343618120466 119.04647391183 119.077883039202 119.002583095006 120.102606637137 120.027260916574 119.951919555664 119.876576014927 121.792409624372 121.71556527274 121.687145778111 121.707147870745 122.903431483677 121.747146606445 122.944384983608 122.96486227853 122.985340663365 123.112875802176 123.13330078125 123.153725760324 124.294355119978 125.602544512068 125.733990260533 125.654300144741 125.681738717215 125.709178379604 125.736622401646 125.764064243862 125.791501726423 128.99390411377 129.021756853376 129.049608503069 129.077464512416 128.338324410575 128.31116267613 128.457580566406 128.604000636509
108.851172310965 111.78570992606 110.878182547433 112.59251839774 113.717128208705 115.540021623884 113.232419695173 114.466092790876 115.258569989886 116.444069998605 117.189837864467 117.215703691755 117.135006495884 118.278418404715 118.971638270787 118.889356340681 119.981934683664 119.899508884975 119.817085266113 119.84186226981 120.524736676897 121.556688581194 121.526408604213 121.54984828404 121.573294503348 121.596739632743 121.620185852051 122.820756094796 122.844744001116 122.975814819336 124.118364606585 125.428968157087 126.215775626046 125.478569030762 125.510287693569 125.548939296177 125.587583269392 125.626232692174 125.555265154157 125.703523908343 125.742172241211 126.955317905971 126.993138994489 127.030962262835 128.196826389858 128.235436575753 128.333570207868 125.306838989258 126.595088413783
108.914415631975 110.819149562291 111.747586931501 111.75717817034 112.549643380301 113.780342102051 115.493584769113 113.289421081543 113.29555620466 115.19847542899 116.334421430315 117.132266453334 117.044681004116 118.073660714286 118.092747279576 118.669184003557 118.686851501465 118.597581045968 119.7893611363 119.592757088797 119.610471452985 119.413757324219 119.382329668318 119.408982413156 119.54286302839 121.446328299386 122.649143763951 122.676647731236 122.81127166748 122.838745117188 122.866222926549 125.190727233887 125.219165257045 125.247606549944 124.213457380022 125.33570425851 125.384961809431 125.543282645089 125.593133108956 125.642985752651 125.581981113979 124.981602260045 126.095202854701 126.143805367606 125.130810328892 125.180544172015 125.173659188407 125.338406154088 125.503153119768
108.869430541992 110.770192827497 110.777993338449 111.706790379116 111.715051923479 112.504211425781 112.511913844517 114.521499633789 113.231200081961 113.233302525112 115.083061218262 115.09727369036 114.897854396275 116.859888349261 116.765414646694 117.786255972726 118.566635131836 118.363332475935 118.374125889369 118.384989057268 119.461437770299 119.364896501814 119.224436078753 119.361703055246 120.613595145089 120.64398084368 122.608680725098 122.639680044992 122.670682634626 122.701684134347 122.732694353376 122.76369040353 125.091522216797 125.12355695452 122.112411499023 122.171977451869 125.399271283831 125.460328238351 125.521388462612 124.823754446847 125.643499101911 126.882966177804 125.006862095424 125.067896161761 126.306542532785 126.367310660226 126.486352103097 126.663664681571 125.663227626256
108.824443272182 108.83078111921 109.837711879185 110.734560285296 110.741219656808 112.44979095459 112.564151218959 112.570267813546 113.166847229004 113.164915902274 113.222123282296 114.908146449498 115.581985473633 115.587963649205 116.661314828055 116.559948512486 117.572829110282 118.236136300223 118.239936828613 118.136690412249 118.033449445452 119.208762032645 119.173685346331 119.20715876988 119.240633283343 119.274107796805 120.529146466936 121.738332475935 121.665774754116 122.457493373326 122.492021833147 122.633678981236 123.847340175084 123.12568119594 123.178556169782 123.24897984096 123.319396972656 123.498975481306 124.69304221017 124.655050005232 125.594167436872 124.91004725865 124.982382638114 125.054718017578 125.127049037388 125.199385506766 126.510150364467 126.582237243652 124.830538068499
108.851424080985 108.966866629464 110.08069065639 110.683324541364 110.688846043178 112.395375932966 112.508711678641 110.041429792132 113.102497645787 113.096528189523 113.041512625558 113.711053030831 114.719783238002 115.383926391602 116.557215009417 116.448958260672 116.340709141323 117.452625819615 118.105752127511 117.995522635324 119.056299482073 117.775064740862 118.908641270229 119.052617754255 119.196619306292 120.346672058105 120.276814052037 121.595970153809 121.634060450963 122.320408412388 122.358454023089 122.926388331822 122.965297154018 123.004208156041 123.064432416643 121.965414864676 122.046667916434 122.127914428711 123.390605381557 124.707001822335 125.972658429827 124.874270847866 124.957903180804 126.22443825858 123.12631879534 123.208025251116 123.346131461007 123.540640694754 123.735141209194
108.916974748884 108.920928955078 108.924886431013 109.706431797573 110.636472429548 110.640851702009 112.344820295061 109.874363490513 109.864648001535 111.744196210589 111.791655404227 113.62947845459 113.62408556257 114.625051225935 115.279364449637 115.164817810059 116.22282736642 116.214724949428 116.0995690482 115.984419686454 117.737135750907 117.619923182896 118.857754298619 118.898080008371 119.045462472098 119.085808890206 121.412012372698 121.346483503069 121.388058253697 121.429633004325 121.471204485212 121.512783595494 122.840243748256 122.882735116141 121.770040239607 121.86213684082 121.954233442034 123.228307451521 123.320972987584 123.524048941476 124.743561880929 124.086809430804 123.052324567522 124.164508274623 123.126058306013 123.218979971749 123.368099757603 123.573402404785 123.778708321708
108.981895446777 108.869627816336 108.868593488421 109.642953055246 110.750270298549 110.67554800851 110.565580095564 108.609171186175 109.771205357143 110.635199410575 111.690062386649 112.360178266253 112.258427211217 113.43955884661 115.215215410505 115.11107635498 116.288248334612 116.183582850865 116.078919546945 115.974252973284 115.86958857945 115.764924185617 116.845436096191 118.167790004185 118.211272103446 119.007190159389 120.271691458566 121.491325378418 121.428395952497 121.580918448312 121.625717163086 121.778411865234 121.715312412807 122.940759931292 123.120718819754 123.218920026507 123.317117963518 123.415318080357 123.513519287109 123.611719403948 123.709915161133 123.057269505092 123.155701773507 123.140882219587 123.238761901855 122.586727687291 122.742718287877 122.956585475377 123.170457022531
108.82275390625 108.701669965472 108.803174700056 109.56585257394 110.664035252162 110.580459594727 108.629274640765 108.602930341448 108.467800685338 110.498572213309 110.448066711426 111.487293788365 112.28755732945 112.212659563337 113.315267290388 114.109296526228 114.032661437988 114.961147853306 114.88461957659 114.699963160924 115.907606942313 115.830832345145 115.923083714076 117.190888541085 118.413876124791 119.211811610631 121.661421639579 121.70910862514 121.756801060268 121.804491315569 121.852173941476 121.899865286691 121.947551182338 123.287741524833 123.250706263951 123.347203935896 122.691759381975 123.651506696429 123.748520987374 123.845529828753 123.078094482422 123.17468043736 123.271262032645 122.616495404925 122.71316419329 122.809836251395 122.969231741769 123.191358293806 123.413484845843
108.774842398507 108.756296430315 108.737753731864 109.304712568011 109.580368041992 109.266130719866 106.647307259696 108.488195146833 108.45193699428 108.415684291295 110.319600786482 110.272502354213 111.446784973145 112.161174229213 113.402167184012 114.112748282296 114.063464573451 113.149238586426 113.101235525949 114.921664646694 114.872746058873 116.112948826381 116.112479073661 116.269563947405 118.616489955357 118.665702819824 118.714913504464 119.515089852469 121.867479596819 122.028058733259 122.188991001674 123.424292428153 123.475500924247 123.415818350656 123.600219726562 123.696047101702 123.679704938616 123.775056021554 123.983518327985 123.327266148158 123.423031398228 123.404245649065 122.747269766671 122.842492239816 121.799140930176 121.14045715332 122.053598676409 123.426128932408 123.656509399414
108.726929800851 108.699632917132 108.672336033412 109.227192470006 109.310350690569 106.48117174421 106.435532706124 107.264122009277 108.327295575823 108.281133379255 109.009605407715 110.280101231166 110.259387425014 112.109689985003 113.380883353097 113.360010419573 113.339137486049 113.208626883371 113.187762669155 115.144866943359 115.013929094587 116.286957877023 116.411603655134 118.767016819545 118.81909942627 118.981615339007 118.923259190151 118.975340706961 119.027420043945 122.251629420689 122.416709899902 123.657743181501 123.711708068848 123.653346470424 123.839969090053 123.934608459473 126.348408290318 126.444862365723 124.218518938337 123.445830208915 123.655126299177 122.996677943638 122.974710736956 123.068494524275 122.021692548479 121.360430036272 121.524039132254 121.759012494768 121.872329711914
