data/curr_env/bio19_avg_2010-2016.asc
NCOLS 664 
NROWS 380 
XLLCORNER 3.91666666666667 
YLLCORNER 55.3333333333333 
CELLSIZE 0.0416666666666667 
NODATA_value -9999 
[rows 132 to 153 of 380, columns 490 to 538 of 664]
-9999 -9999 -9999 -9999 121.022414071219 118.336616516113 113.450370788574 119.81850869315 117.243553161621 115.249689374651 115.302884783064 114.623923165458 111.952173505511 114.821013314383 114.679667881557 116.305677141462 120.442294529506 122.649688720703 124.601731436593 127.916598728725 128.763957432338 131.092378888811 134.392538888114 135.207156590053 138.489731924874 138.478232247489 139.455942426409 141.747917175293 141.571630205427 141.724215916225 139.993051801409 139.882120404925 139.605663844517 140.759177071708 140.80086517334 140.679347446987 140.791112627302 144.552812848772 142.998901367188 142.877117701939 140.146811349051 137.803276062012 137.847135271345 136.013071332659 135.27095249721 134.145200456892 132.436620439802 132.534410749163 130.503095354353
-9999 -9999 -9999 -9999 -9999 -9999 -9999 -9999 -9999 -9999 -9999 -9999 -9999 110.56474849156 117.15024130685 118.27373286656 121.58005959647 121.936940874372 125.406520298549 124.404839651925 127.713738577706 129.91595349993 131.691915239607 134.974070957729 134.967457362584 138.248903547015 140.4192842756 141.358390808105 141.351016453334 140.499933515276 139.569269452776 139.461813790458 138.531626020159 138.358415876116 138.443110874721 138.320626395089 140.37873513358 140.590796334403 140.803431919643 140.680926731655 138.570325578962 137.493540082659 134.495550973075 134.538458687919 134.310453142439 133.18673488072 132.030008588518 130.956539699009 129.269840785435
-9999 -9999 -9999 -9999 -9999 -9999 -9999 -9999 -9999 -9999 -9999 110.518506731306 -9999 -9999 -9999 -9999 -9999 -9999 125.514496939523 122.58528137207 125.724381583078 127.50938306536 130.638582502093 132.811429704939 136.091651916504 138.019579206194 137.852964128767 138.961180550712 140.309307643345 138.957474844796 136.377745492118 136.108603341239 136.005099705287 135.181256975446 135.101065499442 135.99305507115 137.199534824916 137.243661063058 137.287778581892 137.432377406529 134.271586826869 134.314630780901 134.257146562849 132.526464189802 131.404083251953 130.491245814732 130.557371956962 130.818591526576 129.130948747907
-9999 -9999 -9999 -9999 -9999 -9999 -9999 -9999 -9999 -9999 -9999 -9999 -9999 -9999 -9999 -9999 -9999 -9999 -9999 -9999 -9999 129.780046735491 133.069687979562 130.411315917969 131.232938494001 134.348367963518 135.46012878418 137.63019997733 137.63240814209 136.981051853725 135.871507917132 134.090425763811 133.990269252232 131.743882315499 131.765594482422 132.868174961635 130.930807931083 130.973226274763 131.697372436523 130.78891318185 132.161846705845 130.873086111886 131.084482465472 130.003428867885 130.044854300363 129.023799351283 128.302301679339 127.570776803153 127.65669468471
-9999 -9999 -9999 -9999 -9999 -9999 -9999 -9999 -9999 -9999 -9999 -9999 -9999 -9999 -9999 -9999 -9999 -9999 -9999 -9999 -9999 -9999 127.071342468262 127.895343235561 128.845599583217 130.199748447963 131.967642647879 134.137599400112 134.144373212542 133.33413042341 133.340895516532 132.530635288783 131.599778311593 129.526967729841 128.335613795689 127.459037780762 127.500517708915 127.541993277414 127.415201459612 127.456347874233 129.643143790109 128.523923601423 128.56526184082 128.95195879255 128.74904196603 127.835183279855 128.067710876465 128.150591169085 128.233473641532
-9999 -9999 -9999 -9999 -9999 -9999 -9999 -9999 -9999 -9999 -9999 -9999 -9999 -9999 -9999 110.93892451695 111.423160008022 -9999 -9999 -9999 -9999 -9999 -9999 128.45098223005 126.705339704241 127.531282697405 128.650887625558 130.005792890276 130.017093113491 130.028396606445 130.039697919573 129.235937935965 127.008827209473 125.989973885672 125.202539716448 123.088114057268 123.127896990095 122.35306767055 124.157262529646 124.299215044294 126.312878199986 127.475094386509 127.618119376046 126.706074305943 126.746944972447 126.787811279297 127.934013366699 128.013973781041 128.093934195382
-9999 -9999 -9999 -9999 -9999 -9999 -9999 -9999 -9999 -9999 -9999 105.685571943011 105.997036525181 -9999 -9999 109.855690002441 111.275721958705 -9999 -9999 -9999 -9999 -9999 123.363409859794 123.21365574428 124.041374206543 124.221883501325 126.686172485352 126.70174734933 126.717320033482 126.566688537598 126.582061767578 125.784340994699 124.986504690988 122.550891331264 121.767085484096 120.051084245954 118.897086007254 118.936082022531 121.007456098284 122.204734802246 124.109774998256 124.25218636649 125.10474722726 125.417504446847 125.45841217041 125.499317714146 126.470905848912 127.877355303083 127.954389299665
-9999 -9999 -9999 -9999 -9999 -9999 -9999 -9999 -9999 -9999 -9999 -9999 -9999 -9999 -9999 -9999 -9999 -9999 -9999 -9999 -9999 -9999 121.640567234584 120.684290204729 121.679591587612 123.037837437221 123.057058061872 123.07628086635 124.037955147879 124.057641165597 122.322905404227 122.175222124372 121.382960728237 119.645769391741 118.340357099261 116.626316615513 115.655174255371 115.795682634626 117.90236227853 118.992563520159 119.94382585798 121.104604448591 122.056533813477 123.252286638532 123.394165039062 124.415033612932 124.643254961286 124.543514796666 124.717790876116
-9999 -9999 -9999 -9999 -9999 -9999 -9999 -9999 -9999 -9999 -9999 -9999 -9999 -9999 -9999 -9999 -9999 -9999 -9999 -9999 -9999 118.204112461635 117.367743355887 117.39069039481 117.413630894252 119.581125531878 120.544672284807 120.568006243025 120.591334751674 120.614669799805 119.828954424177 118.909037998744 118.122500828334 117.201012747628 115.559630257743 113.634769984654 112.624411446708 115.675391060965 116.59753199986 116.663248334612 119.078602382115 120.028470720564 121.828195844378 121.868380955287 122.010702950614 122.960168021066 123.014646257673 123.256441388811 123.428112574986
-9999 -9999 -9999 -9999 -9999 -9999 -9999 -9999 -9999 -9999 -9999 -9999 -9999 -9999 -9999 -9999 -9999 -9999 -9999 -9999 111.743996756417 112.364333016532 118.903867449079 116.082579476493 116.10882132394 117.240774972098 117.267680576869 118.461078098842 118.487700326102 118.514322553362 118.708032880511 117.927617754255 117.011307852609 114.897609165737 114.76481955392 114.808361598424 115.020524161203 114.402318681989 115.865958077567 116.007687159947 117.803293500628 118.751686096191 120.046121869768 121.844597952706 122.862153189523 123.005027770996 123.058580671038 124.55262538365 124.272684369768
-9999 -9999 -9999 -9999 -9999 -9999 -9999 -9999 -9999 -9999 -9999 -9999 -9999 -9999 -9999 -9999 -9999 -9999 -9999 -9999 -9999 -9999 113.767253330776 113.795427594866 113.823598589216 113.780938284738 114.956389290946 115.784332275391 115.807648794992 115.025926862444 114.945424761091 115.351063319615 114.741608755929 114.769717625209 114.80526297433 113.0976159232 113.471531459263 113.509355817522 114.285015651158 114.492514474051 116.588025774275 117.850883483887 118.693206787109 120.788276672363 121.953295026507 124.221396309989 124.548304966518 124.437700544085 123.176574707031
-9999 -9999 -9999 -9999 -9999 -9999 -9999 -9999 -9999 -9999 -9999 -9999 -9999 -9999 -9999 -9999 -9999 -9999 -9999 -9999 -9999 -9999 112.412098475865 110.421188354492 111.593843732561 111.783816746303 113.654708862305 113.57315826416 114.047682625907 114.070590427944 112.839243207659 111.919152396066 113.148941040039 112.23286655971 112.790043422154 111.118560791016 111.152445111956 111.186332702637 113.275777544294 114.25931767055 114.568875994001 115.40571812221 118.447261265346 118.585835048131 119.422251020159 119.733819144113 121.901409694127 123.018552507673 123.875416346959
-9999 -9999 -9999 -9999 -9999 -9999 -9999 -9999 -9999 -9999 -9999 -9999 -9999 -9999 -9999 -9999 -9999 -9999 109.607632228306 109.616704668318 -9999 110.489186968122 108.509783063616 108.531455993652 108.553127833775 110.316950116839 111.655750819615 111.783462524414 111.805775233677 111.828095572335 111.850413731166 110.966089521136 110.818842206682 111.010750906808 111.037550789969 111.068818228585 111.100085667201 111.131354195731 111.162621634347 112.09873853411 114.228275844029 115.336858476911 115.368704659598 116.304122924805 118.541558401925 119.372947692871 120.31596156529 121.788631984166 123.875428336007
-9999 -9999 -9999 -9999 -9999 -9999 -9999 -9999 -9999 -9999 105.497702462333 105.171751839774 105.348027910505 105.524478367397 -9999 -9999 -9999 -9999 -9999 107.839744567871 107.848914010184 106.918297903878 -9999 107.60998753139 108.40364074707 108.425177437919 108.552773611886 109.516866411482 110.338569641113 110.601007734026 110.728654044015 108.659889221191 108.681316920689 109.914222717285 109.938951764788 109.942967006138 110.076666695731 110.1721736363 111.105027335031 111.238512311663 112.065503801618 113.151864188058 115.123505728585 115.256840297154 116.082885742188 116.21573311942 117.326956612723 120.372910635812 120.415457589286
-9999 -9999 -9999 -9999 -9999 -9999 104.077207292829 104.135896955218 104.194583347866 102.931384495326 102.963825770787 102.971868242536 102.979911804199 104.478158133371 103.164457048689 104.325290134975 104.333050319127 104.509486607143 -9999 -9999 -9999 -9999 -9999 108.507801600865 108.698851449149 108.274209158761 107.497607639858 108.42363848005 107.646832057408 107.668083190918 107.689331054688 107.710580008371 107.731826782227 107.753074645996 107.776347569057 107.801636832101 107.932584490095 107.85221862793 110.077364240374 110.900127955845 111.204843793597 112.132255554199 112.157844543457 115.182443891253 115.208453587123 116.134473528181 116.165306091309 117.27668762207 118.211681910924
-9999 -9999 -9999 -9999 -9999 104.142303466797 104.023982456752 102.760430472238 104.128834315709 104.181263514927 104.210793631417 103.066890171596 104.393169948033 104.399869646345 102.918648856027 104.243995666504 102.932515825544 104.426677158901 -9999 -9999 -9999 -9999 -9999 -9999 -9999 106.552738734654 104.63557434082 104.592843191964 104.613429478237 104.634017944336 104.761509486607 106.720758710589 106.891325814383 107.708833966936 107.730721609933 107.753474644252 107.776224408831 107.905156816755 108.879406520299 108.903056553432 110.968209402902 111.165922982352 111.120025634766 112.111895969936 113.99127306257 116.229097638811 116.256101335798 117.184575762068 117.214929853167
-9999 -9999 -9999 -9999 -9999 -9999 102.65837424142 102.703156607492 104.063085283552 104.279174804688 102.987806047712 102.99367414202 102.999545506069 -9999 -9999 -9999 -9999 -9999 -9999 -9999 102.876227242606 101.176215035575 99.339850289481 99.3593651907785 97.1653420584542 99.4614105224609 102.919361659459 102.704585484096 102.552710396903 102.572533743722 103.646192278181 104.461012704032 104.481145586286 104.501273018973 104.694581168039 104.714478628976 106.931639535086 106.952163696289 107.765939985003 107.786149161203 108.867029462542 109.786829267229 110.946088518415 112.040357317243 112.166791643415 114.113572256906 115.033808026995 116.302374703544 117.117080688477
-9999 -9999 -9999 -9999 -9999 -9999 -9999 -9999 -9999 -9999 102.49734388079 102.672074454171 -9999 -9999 -9999 -9999 -9999 -9999 -9999 -9999 -9999 100.857820783343 97.8836735316685 97.0004621233259 95.2821175711496 95.3009283883231 98.6471208844866 99.6379590715681 99.4908447265625 101.255734034947 101.281469072614 101.307204110282 103.59347316197 103.619819641113 104.437163216727 104.494185311454 104.61882346017 105.76282283238 107.71015058245 107.835009983608 107.852576119559 108.932871137347 109.917667933873 110.832496643066 111.986463274275 112.899721418108 113.984994070871 114.899596078055 116.231835501535
-9999 -9999 -9999 -9999 -9999 -9999 -9999 -9999 -9999 -9999 -9999 100.943393162319 102.428963797433 103.370655604771 104.168324061802 100.95648084368 100.959753853934 100.963024684361 100.966296604701 99.2345341273716 99.2374812534877 -9999 -9999 98.8095092773438 97.0450275966099 94.7022683279855 95.5186135428292 98.5904214041574 98.6159014020647 100.206187656948 101.196984427316 101.22278050014 101.073976789202 102.048477172852 102.071763174874 103.577867780413 103.598482404436 104.47698538644 105.729116167341 105.85266658238 107.968852451869 107.914876665388 109.663179670061 110.992839268276 111.801606314523 112.960557120187 113.766647338867 114.096801757812 113.861451285226
-9999 -9999 -9999 -9999 -9999 -9999 -9999 -9999 102.558025905064 100.681224278041 100.695553370884 99.3893650599888 100.69987814767 100.702038356236 100.876467023577 100.878641401018 100.708529881069 100.710690089634 97.6727120535714 99.1529857090541 98.3642294747489 98.3664518083845 97.4351011003767 95.36497933524 97.1259504045759 94.4518127441406 95.2663541521345 96.2547062465123 98.7082138061523 99.3490676879883 100.323062351772 101.138353620257 102.113481794085 102.139733450753 102.162125723703 102.004464285714 102.199198041643 102.217735290527 103.542989458357 103.561230250767 105.322263445173 106.305025373186 107.629232134138 109.392125810896 109.589229038783 111.876412527902 112.675354003906 112.684903826032 113.055976867676
-9999 -9999 -9999 -9999 -9999 102.432723999023 100.550300598145 100.743924822126 101.528539385114 101.54908316476 102.353377205985 100.623466491699 100.624547685896 100.625622340611 100.626699175153 100.627778189523 100.628855024065 99.839599609375 99.0587605067662 98.1095624651228 97.9921046665737 97.0863124302455 96.9816720145089 95.1541181291853 95.1724722726004 94.374016898019 95.361440386091 96.334606715611 98.4520045689174 98.65306527274 100.415980747768 100.442296709333 102.561262948172 101.105744498117 100.949496677944 101.916520254953 102.109741210938 103.607815333775 103.623878479004 103.639944893973 103.656010219029 105.414082118443 107.517650059291 109.276659284319 110.076468331473 110.092541285924 110.282181876046 112.3694392613 113.517802647182
-9999 -9999 -9999 -9999 -9999 100.658283778599 100.498862130301 100.513252258301 100.5276423863 100.542033604213 101.487624032157 101.488342285156 100.549212864467 100.549205235073 100.722989763532 100.549189976283 100.549181256975 100.549176897321 100.443840026855 98.2507694789341 98.131338936942 97.1636265345982 97.0574155535017 96.1768864222935 95.0664422171456 94.1365138462612 96.2321581159319 96.8677368164062 97.0687212262835 97.8802915300642 100.157597133092 100.183684212821 101.172576904297 101.021435328892 100.255568368094 99.5733435494559 101.066749572754 102.21234021868 102.226363045829 102.240390232631 104.338200160435 105.309587751116 106.105919974191 106.11971609933 109.175153459821 110.149685450963 110.156363351004 110.93546295166 112.690477643694
