data/curr_env/bio2_avg_2010-2016.asc
NCOLS 664 
NROWS 380 
XLLCORNER 3.91666666666667 
YLLCORNER 55.3333333333333 
CELLSIZE 0.0416666666666667 
NODATA_value -9999 
[rows 88 to 109 of 380, columns 490 to 538 of 664]
9.48287323543004 9.47416714259556 9.43312794821603 9.42342172350202 9.42271627698626 9.44234343937465 9.43030452728271 9.39893136705671 9.39289256504604 9.4071866444179 9.39706529889788 9.38919503348214 9.36599145616804 9.34278815133231 9.28358500344413 9.23838124956403 9.20284407479422 9.15730748857771 9.12010410853795 9.08490112849644 9.05769743238177 9.01716027941023 9.03085694994245 8.99678666251046 8.9600499016898 8.95397962842669 8.96090943472726 8.9698395047869 8.93443598066058 8.89703232901437 8.90496226719448 8.93522575923375 8.94582176208496 8.89808504922049 8.88995429447719 8.85176277160645 8.87123761858259 8.9130460194179 8.95085402897426 8.98666231972831 8.98747089930943 8.99694606236049 9.02742058890206 9.01589570726667 8.99437046051025 8.98284557887486 8.9594624383109 9.00455393110003 8.99431228637695
9.46487467629569 9.4421512058803 9.40109402792794 9.38270432608468 9.39831379481724 9.40592329842704 9.41220024653843 9.39447661808559 9.3814195905413 9.37669631413051 9.37924126216343 9.37238870348249 9.34120341709682 9.30801691327776 9.24483122144427 9.20897892543248 9.17079285212925 9.12094034467425 9.07842132023403 9.06323596409389 9.05638299669538 9.04553059169224 9.02745859963553 9.0038343157087 8.95920971461705 8.92391858782087 8.9179607118879 8.91066973549979 8.88371167864118 8.88175392150879 8.87379605429513 8.88750485011509 8.89888000488281 8.84758908408029 8.81105055127825 8.73459679739816 8.74347659519741 8.78835691724505 8.84123652321952 8.89511694226946 8.91499669211251 8.93287645067487 8.91075665610177 8.82030309949602 8.87551648276193 8.97539629255022 8.9850367137364 9.00010408673968 8.99250520978655
9.38720975603376 9.38480172838483 9.35739353724888 9.34731905800956 9.33691120147705 9.33417006901332 9.36042894635882 9.34868785313198 9.33028016771589 9.31253910064697 9.33108384268624 9.3122490474156 9.26008101872035 9.22157955169678 9.15307794298444 9.12190995897565 9.10474177769252 9.09124033791678 9.04940509796143 8.97857093811035 8.93473584311349 8.9302339553833 8.95239380427769 8.95554842267718 8.93803596496582 8.91685703822545 8.87001173836844 8.84116636003767 8.84732069287981 8.86114202226911 8.86062976292201 8.82478441510882 8.83927168164935 8.85775974818638 8.83614649091448 8.82209818703788 8.83071613311768 8.84633472987584 8.86595290047782 8.88923740386963 8.88218947819301 8.89380781991141 8.89009257725307 8.86037772042411 8.87632901327951 8.92594705309187 8.93027823311942 8.97298799242292 9.03203133174351
9.42887823922294 9.35178538731166 9.2676933833531 9.25026784624372 9.2938425881522 9.33308342524937 9.32865796770368 9.26923261369978 9.26680701119559 9.2713816506522 9.28259359087263 9.24377632141113 9.20062569209508 9.14880888802665 9.13332462310791 9.09417424883161 9.04769025530134 8.97187328338623 8.92038917541504 8.90023844582694 8.87942137037005 8.90793718610491 8.87899548666818 8.85892936161586 8.84586252485003 8.86279596601214 8.85772936684745 8.85432965414865 8.83992958068848 8.83319664001465 8.80879688262939 8.79806341443743 8.80933012281145 8.79459708077567 8.74224213191441 8.71459879193987 8.75895554678781 8.79497882298061 8.81533540998186 8.83402497427804 8.81371538979667 8.83640507289341 8.85742827824184 8.86178493499756 8.83980846405029 8.83316476004464 8.87685258047921 8.93753787449428 9.0068907056536
9.34654603685651 9.327102797372 9.31265953608922 9.29788357870919 9.31810678754534 9.34733036586216 9.35055405752999 9.30811091831752 9.27166775294713 9.25989096505301 9.25043678283691 9.21697044372559 9.18817029680524 9.13137108939035 9.09890460968018 9.07443850381034 9.03663880484445 8.97083922794887 8.89704009464809 8.885573387146 8.90777369907924 8.89064107622419 8.83226381029401 8.8303097316197 8.83402252197266 8.8627347946167 8.84611402239118 8.83882631574358 8.82387202126639 8.7939179284232 8.7472972869873 8.68200956072126 8.67538860866002 8.66076796395438 8.63800498417446 8.66043322426932 8.68486131940569 8.71595627920968 8.75771767752511 8.77681268964495 8.76924106052944 8.78233596256801 8.84176431383405 8.89019230433873 8.87528719220843 8.81638213566371 8.83676038469587 8.90808827536447 9.00108323778425
9.24254717145647 9.26875346047538 9.28729275294713 9.28416524614607 9.28037125723703 9.29957716805594 9.352783203125 9.32998902457101 9.30419485909598 9.26873411451067 9.25927938733782 9.21783079419817 9.16471563066755 9.1182667868478 9.09648486546108 9.08036940438407 9.02025427137102 8.94047233036586 8.90935693468366 8.8752418245588 8.88245936802455 8.83501134599958 8.72686604091099 8.67602375575474 8.73751558576311 8.78234032222203 8.7968316759382 8.78299004690988 8.73748098100935 8.67463902064732 8.61646447862898 8.58028888702393 8.5924471446446 8.60927213941302 8.613434110369 8.62226745060512 8.59376730237688 8.57326698303223 8.59876728057861 8.6746004649571 8.74210017068046 8.75793334415981 8.80443327767508 8.83860002245222 8.83943312508719 8.84226676395961 8.89966814858573 8.95597199031285 9.06727600097656
9.27712399618966 9.34631715502058 9.35551003047398 9.28936903817313 9.29556206294468 9.34175450461251 9.34528064727783 9.31913988930838 9.27766581944057 9.24985871996198 9.22335147857666 9.1961442402431 9.16327081407819 9.13939707619803 9.10185650416783 9.06264959062849 9.01510906219482 8.92623519897461 8.89169488634382 8.88615444728306 8.85828086308071 8.81140695299421 8.71016379765102 8.62921742030552 8.62560435703823 8.64932428087507 8.69204493931362 8.6747647694179 8.63381849016462 8.60420540400914 8.57359218597412 8.56531224931989 8.58269923073905 8.5877526147025 8.60721165793283 8.61941065107073 8.60027544839042 8.57914052690778 8.60633904593331 8.65153748648507 8.70140225546701 8.71126733507429 8.71113218579974 8.74166434151786 8.78586265019008 8.8073947089059 8.87112331390381 8.97738225119454 9.09764099121094
9.41794395446777 9.40346118382045 9.38464505331857 9.34182875497001 9.33601243155343 9.35486303056989 9.35138007572719 9.32456411634173 9.30041463034494 9.26893166133336 9.21931975228446 9.15457807268415 9.12883649553571 9.0910952431815 9.07002026694162 9.03027847834996 8.97753701891218 8.92746216910226 8.87805366516113 8.87464536939349 8.83257102966309 8.74382945469448 8.69049085889544 8.65322303771973 8.60428837367466 8.55335399082729 8.53441946847098 8.52748503003802 8.54188346862793 8.55261543818883 8.52501446860177 8.41907937186105 8.35581118719918 8.39021028791155 8.43700477055141 8.46619510650635 8.47705241612026 8.51657608577183 8.56676619393485 8.60829012734549 8.59481389181954 8.60867132459368 8.67219475337437 8.7197185243879 8.75357559749058 8.78743267059326 8.84679167611258 8.9639858518328 9.08584649222238
9.4387629372733 9.40227127075195 9.38744653974261 9.33428791591099 9.28612981523786 9.29530484335763 9.27214649745396 9.26565483638218 9.26116343906948 9.20800495147705 9.19995430537633 9.13434491838728 9.09206935337612 9.06479331425258 9.01751722608294 9.00524112156459 8.96629796709333 8.93535573141915 8.87741265978132 8.82513672964913 8.80086054120745 8.73991789136614 8.68581867218018 8.56756251198905 8.506972857884 8.46605028424944 8.39712728772845 8.36420467921666 8.41894858224051 8.45269203186035 8.4354362487793 8.30851377759661 8.20725767953055 8.19400140217372 8.2154643876212 8.32131365367344 8.40916279384068 8.42367826189314 8.4388610294887 8.47737652914865 8.49522549765451 8.53307478768485 8.62725748334612 8.6984395980835 8.72228840419224 8.75680446624756 8.83679349081857 8.95192296164376 9.03771822793143
9.40658242361886 9.39041491917201 9.39058099474226 9.38308075496129 9.30891377585275 9.24074649810791 9.2105793271746 9.19841235024588 9.18457889556885 9.15707833426339 9.11992304665702 9.08044556209019 9.03963484082903 9.02915777478899 9.01034736633301 8.98087011064802 8.95939295632499 8.92458207266671 8.8691052028111 8.82129451206752 8.77681732177734 8.70600686754499 8.61247934613909 8.46956866128104 8.45099054064069 8.41441317967006 8.33350249699184 8.34959139142718 8.37101377759661 8.36410277230399 8.34652491978237 8.30261421203613 8.25537027631487 8.21545914241246 8.2359243120466 8.27409866877965 8.33993945802961 8.36778082166399 8.38928862980434 8.41612924848284 8.4106377192906 8.44747843061175 8.50331960405622 8.58249378204346 8.66533511025565 8.74084281921387 8.84779507773263 8.92952632904053 9.01092352185931
9.34440135955811 9.32255894797189 9.3117162159511 9.31254046303885 9.27169786180769 9.2315217426845 9.21167918613979 9.16617012023926 9.14466081346784 9.15748459952218 9.14289106641497 9.06321253095354 9.00986725943429 8.99752221788679 8.98751068115234 8.99383245195661 8.9541540145874 8.89414215087891 8.82146399361747 8.77311870029994 8.69044045039586 8.6317618233817 8.55147334507534 8.4649076461792 8.43900830405099 8.38544287000384 8.34287711552211 8.34431137357439 8.36641229901995 8.30317987714495 8.26461376462664 8.25438158852713 8.27948216029576 8.30058363505772 8.2887168611799 8.2668833732605 8.25404984610421 8.30688306263515 8.34104953493391 8.37354932512556 8.40004907335554 8.41888196127755 8.39671489170619 8.46054840087891 8.57438101087298 8.68854767935617 8.78813076019287 8.87479632241385 8.95446191515241
9.24288776942662 9.20203617640904 9.21118436540876 9.23166629246303 9.2204817363194 9.18596417563302 9.19611249651228 9.16859436035156 9.15474251338414 9.1655581338065 9.13652556283133 9.13097967420306 9.09343365260533 9.00388704027448 8.98134095328195 8.94879490988595 8.923248563494 8.86170182909284 8.77248982020787 8.69127641405378 8.58973026275635 8.57851736886161 8.55080086844308 8.49291338239397 8.48569284166608 8.39313902173724 8.30558504377093 8.27936451775687 8.28981058938163 8.27325671059745 8.1847026688712 8.16481556211199 8.18192843028477 8.19670792988368 8.1401766368321 8.11233527319772 8.15616021837507 8.20765222821917 8.23181043352399 8.26063564845494 8.31146076747349 8.37461948394775 8.37211077553885 8.44593606676374 8.54809434073312 8.60458605630057 8.6657988684518 8.78239958626883 8.88866697038923
9.26470674787249 9.28817967006138 9.29965278080532 9.27079255240304 9.26393277304513 9.18207195826939 9.11321204049247 9.08568491254534 9.11449132646833 9.14863123212542 9.14682756151472 9.12841333661761 9.09366594042097 9.01258523123605 8.96750436510358 8.93342399597168 8.89600999014718 8.81359590802874 8.68684809548514 8.5987674168178 8.5360198702131 8.51593930380685 8.52146148681641 8.47591945103237 8.43871062142508 8.40383488791329 8.30095965521676 8.21941784449986 8.18654210226876 8.1810006414141 8.16245835168021 8.11591625213623 8.08337436403547 8.07183218002319 7.97763633728027 7.9517867905753 7.98493732724871 8.01208795819964 8.05257150105068 8.13205507823399 8.22753899438041 8.31535598209926 8.3681731905256 8.40365723201207 8.48647430964879 8.56962490081787 8.6368009022304 8.71800354548863 8.81287206922259
9.27719266074044 9.29232324872698 9.32478782108852 9.34158515930176 9.31938294001988 9.22118091583252 9.14997795649937 9.07044247218541 9.01257351466588 9.0693713596889 9.07579558236258 9.05751378195626 8.99589838300433 8.97128323146275 8.93266814095633 8.87405300140381 8.82110391344343 8.77148900713239 8.70820685795375 8.63192544664655 8.53964328765869 8.47502817426409 8.439788545881 8.43525886535645 8.4007283619472 8.34186492647443 8.31500141961234 8.27647113800049 8.2272743497576 8.14807748794556 8.07821389607021 7.98368358612061 7.91215317589896 7.95162330354963 7.94709607533046 7.91957153592791 7.87938104357038 7.8478569984436 7.90099913733346 8.04980822971889 8.16195065634591 8.23042644773211 8.28256865910121 8.28237819671631 8.41252027239118 8.52032961164202 8.56346920558384 8.62127358572824 8.69441032409668
9.24501173836844 9.3484674181257 9.38658945901053 9.3503783089774 9.3358336857387 9.32528904506138 9.2637448992048 9.16519968850272 9.04898861476353 8.98877770560128 8.94943046569824 8.90861415863037 8.90013095310756 8.85798113686698 8.82549789973668 8.7423483984811 8.65353216443743 8.62804903302874 8.57423264639718 8.5130831854684 8.45626681191581 8.39111682346889 8.36211599622454 8.36526462009975 8.31174612045288 8.26056139809745 8.24337611879621 8.20885760443551 8.15400586809431 8.09015451158796 8.02630261012486 7.98911755425589 7.99326610565186 7.96908133370536 7.92322213309152 7.83735677174159 7.77849129268101 7.81795917238508 7.90342664718628 8.00822789328439 8.08736256190709 8.17283037730626 8.21396466663906 8.27376570020403 8.34323338099888 8.3287011555263 8.36313806261335 8.47054358891078 8.56994887760707
9.30283096858433 9.33761119842529 9.35539082118443 9.35250404902867 9.36228438786098 9.32639748709542 9.22417749677386 9.11229079110282 9.07240418025425 9.03885051182338 8.90739890507289 8.80004814692906 8.87303039005825 8.78434617178781 8.65032877240862 8.58497783115932 8.53696005684989 8.45494243076869 8.43525845663888 8.41890716552734 8.41422285352435 8.4135387965611 8.39077690669468 8.34660393851144 8.30509717123849 8.23525701250349 8.19475085394723 8.1229111126491 8.06040450504848 8.02623122079032 7.97572496959141 7.98088496071952 7.96271181106567 7.89887183053153 7.83168206896101 7.79214177812849 7.76826810836792 7.76506083352225 7.83985444477626 7.89798109872001 7.94144065039499 7.9872339112418 7.99769360678537 8.11515331268311 8.24061346054077 8.30640622547695 8.33780663354056 8.35014711107526 8.42882088252476
9.33598341260638 9.29008797236851 9.28285952976772 9.30829688480922 9.3184016091483 9.3101726259504 9.24294376373291 9.18371486663818 9.16081946236747 9.13625744410924 9.04870046888079 8.99081529889788 8.93692943028041 8.73437745230538 8.65415872846331 8.57660688672747 8.47138799939837 8.49283572605678 8.42194993155343 8.32506506783622 8.24484613963536 8.2869610786438 8.28943763460432 8.26627635955811 8.24011523383004 8.18228673934937 8.11445869718279 8.0692971093314 8.01713589259556 7.97097505841936 7.95048012052264 7.90831865583147 7.83949089050293 7.78866311482021 7.74147483280727 7.70592648642404 7.72071177618844 7.70416355133057 7.70694868905204 7.77340071541922 7.85118573052543 7.94263771602086 7.98075614656721 8.04720783233643 8.19065959112985 8.28177785873413 8.3051415852138 8.38241699763707 8.41069275992257
9.35646942683629 9.28589861733573 9.31732763562884 9.27175658089774 9.16018554142543 9.2159481048584 9.21371051243373 9.17947237832206 9.16723469325474 9.14366395132882 9.0393351146153 8.92991542816162 8.83782849993024 8.77840900421143 8.70098890577044 8.57356888907296 8.49114881243024 8.49772902897426 8.41897569383894 8.29988922391619 8.18346902302333 8.17971617834909 8.12476478304182 8.07128197806222 8.09413255964007 8.14764956065587 8.11283370426723 8.04968397957938 8.01686791011265 7.94505194255284 7.85123579842704 7.79275287900652 7.77993679046631 7.75312076296125 7.66293457576207 7.62337827682495 7.6081553867885 7.61793259211949 7.62404298782349 7.6774868283953 7.78759765625 7.89837462561471 7.97281844275338 8.06792865480695 8.12137263161796 8.15548324584961 8.24381031308855 8.34335436139788 8.39623083387102
9.32661260877337 9.25507627214704 9.25220680236816 9.27133669172015 9.18780095236642 9.15693092346191 9.15072808946882 9.09285845075335 9.04832226889474 8.97378608158657 8.88041223798479 8.84053434644427 8.76165662493024 8.72877843039376 8.71190057482038 8.65035615648542 8.58947822025844 8.49626663752965 8.35805552346366 8.26784420013428 8.29063286100115 8.27208873203823 8.14378247942243 8.10838256563459 8.07164880207607 8.09524863106864 8.04818160193307 7.94011490685599 7.86771420070103 7.78931399754116 7.72458035605294 7.67451333999634 7.62211343220302 7.54837969371251 7.49358442851475 7.46606084278652 7.42687109538487 7.41834763118199 7.43715763092041 7.52363416126796 7.64477757045201 7.77692113603864 7.88239731107439 7.99320718220302 8.07801730292184 8.16449396950858 8.20472942079816 8.25005722045898 8.30238519396101
9.2250794001988 9.19495487213135 9.18516322544643 9.20503888811384 9.2192474092756 9.17212268284389 8.95166451590402 8.93520682198661 8.84041554587228 8.79429067884173 8.87726511274065 8.88667256491525 8.8220796585083 8.79315321786063 8.72189399174282 8.63696765899658 8.5300418308803 8.50911549159459 8.40118939535958 8.34726279122489 8.32833692005702 8.29574394226074 8.16582414082118 8.11824369430542 8.00999668666295 8.00074965613229 7.91550241197859 7.80258880342756 7.79767492839268 7.73242800576346 7.65384755815778 7.57393394197736 7.52035352161952 7.44277347837176 7.37642478942871 7.28430816105434 7.30819191251482 7.36440890175956 7.38162558419364 7.46450914655413 7.61072594778878 7.74727630615234 7.81249298368181 7.94370978219168 8.05325991766793 8.14281061717442 8.20823267527989 8.25486080987113 8.33682237352644
9.08987971714565 9.02783312116351 9.02845328194755 9.09207357679095 9.09202725546701 9.07331384931292 8.96660109928676 8.92988790784563 8.84950828552246 8.8484616960798 8.88911805834089 8.92081069946289 8.90250328608922 8.84419509342739 8.77555397578648 8.66357925959996 8.56260531289237 8.46696390424456 8.39598996298654 8.37234837668283 8.33770765577044 8.17539978027344 8.10219880512783 8.05777188709804 7.97934484481812 7.89825092043195 7.86349037715367 7.79406336375645 7.75263629640852 7.6782089642116 7.65178189958845 7.54768773487636 7.40392759868077 7.30716725758144 7.2529319354466 7.23888860430036 7.26484591620309 7.29880332946777 7.34676054545811 7.42205088479178 7.59434114183698 7.76429809842791 7.85825511387416 7.94154562268938 7.99750287192208 8.04912662506104 8.11940288543701 8.20399754387992 8.29192590713501
8.97601304735456 8.89037799835205 8.8674099785941 8.96844182695661 8.98414039611816 8.9288387298584 8.87487057277134 8.8145694732666 8.87193434579032 8.97596658979143 8.99930449894496 8.92928164345878 8.82725933619908 8.79156998225621 8.7622138432094 8.6428576878139 8.50283527374268 8.44214589255197 8.38112327030727 8.34476716177804 8.27541126523699 8.17705522264753 8.07624047143119 8.01163325990949 7.94635943004063 7.8367520741054 7.74347836630685 7.67720413208008 7.58493001120431 7.54898943219866 7.57371555055891 7.46444170815604 7.25316776548113 7.11056048529489 7.09243897029332 7.11013623646327 7.19516692842756 7.32519742420742 7.35922813415527 7.45925910132272 7.58862277439662 7.74232046944754 7.8483510698591 7.94071497235979 7.96441234861101 8.02344294956752 8.11057254246303 8.2041346005031 8.27802957807268
