data/curr_env/bio2_avg_2010-2016.asc
NCOLS 664 
NROWS 380 
XLLCORNER 3.91666666666667 
YLLCORNER 55.3333333333333 
CELLSIZE 0.0416666666666667 
NODATA_value -9999 
[rows 22 to 43 of 380, columns 441 to 489 of 664]
4.27400299480983 4.45562955311367 4.63094295774187 4.77230194636754 4.76407364436558 4.80360794067383 4.90340893609183 4.83202314376831 4.9534295627049 4.94412204197475 5.00981419427054 5.09824923106602 5.14026056017194 5.21060528073992 5.30594961983817 5.33462762832642 5.38080569675991 5.40031691959926 -9999 -9999 -9999 5.74002865382603 5.77120671953474 5.7925774710519 5.86250965935843 5.96932976586478 6.08249739238194 6.15930986404419 6.2123236656189 6.26348011834281 6.29130329404558 6.32746001652309 6.35495001929147 6.40210669381278 6.42426306860788 6.44732809066772 6.48730053220476 6.53560658863613 6.5879123551505 6.6578848702567 6.70985753195626 6.74416337694441 6.77313600267683 6.81044210706438 6.81008148193359 6.80805397033691 6.79369292940412 6.79439326695034 6.78648771558489
4.4987451008388 4.72652203696115 4.8700909614563 4.94199303218297 4.99722848619734 5.0027973311288 5.01036582674299 5.08726801191057 5.14117022923061 5.18573904037476 5.20897463389805 5.24237837110247 5.26231418337141 5.31605291366577 5.37370600019182 5.40913670403617 5.43812806265695 -9999 -9999 -9999 -9999 5.75543328693935 5.85315370559692 5.99606282370431 6.04746498380389 6.13694163731166 6.22502401896885 6.30956656592233 6.34610911778041 6.37998506001064 6.42952769143241 6.460403578622 6.48027944564819 6.50082206726074 6.55769797733852 6.61814492089408 6.66649668557303 6.70951523099627 6.77753353118896 6.83721835272653 6.87123700550624 6.89025517872402 6.91660703931536 6.92662511553083 6.93497685023716 6.91832848957607 6.89668021883283 6.89500835963658 6.90797976085118
4.56168154307774 4.72221442631313 4.83932644980294 4.91546869277954 5.00600671768188 5.12363052368164 5.24935347693307 5.22979886191232 5.28824411119734 5.38768931797573 5.42380149023874 5.4201739856175 5.43780708312988 5.47863469805036 5.51090656008039 5.51262269701277 5.60392277581351 5.60563898086548 -9999 -9999 -9999 5.97917127609253 6.04850135530744 6.08936296190534 6.19353941508702 6.29798773356846 6.37103748321533 6.4352993283953 6.46322808946882 6.47548988887242 6.50375175476074 6.56401341302054 6.63727562768119 6.70320422308786 6.7221326146807 6.72929566247123 6.77135964802333 6.78242383684431 6.86615460259574 6.91155202048165 6.96261596679688 7.01434659957886 7.03907755443028 7.06247500010899 7.0715389251709 7.07193640300206 7.08600078310285 7.11128990990775 7.14580481392997
4.90907635007586 4.98873158863613 5.05305331093924 5.09870849336897 5.11203057425363 5.17101894106184 5.27934081213815 5.33366278239659 5.38176734106881 5.44295862742833 5.45873928070068 5.47471966062273 5.49733052934919 5.57480192184448 5.66513926642282 5.70674542018345 5.74286569867815 -9999 -9999 -9999 6.00321544919695 6.07290928704398 6.17260340281895 6.22710752487183 6.3211191041129 6.44368512289865 6.50638450895037 6.57569919313703 6.62734685625349 6.67999465124948 6.73664270128523 6.75795704977853 6.79293830054147 6.81525264467512 6.8199006489345 6.83811276299613 6.84222275870187 6.86633239473615 6.91777576719012 6.91755226680211 6.96932867595128 7.04677179881505 7.10688161849976 7.1623249735151 7.20343467167446 7.25321102142334 7.25765439442226 7.27490506853376 7.30629662105015
5.05980457578387 5.05400289808001 5.05920151301793 5.06506654194423 5.11393158776419 5.20679671423776 5.28066185542515 5.34786006382534 5.42108624322074 5.51225689479283 5.56912190573556 5.60876532963344 5.64752020154681 5.75127506256104 5.86036327907017 5.92045150484358 5.95042215074812 -9999 6.0523829460144 -9999 6.06022603171212 6.18498059681484 6.31723553793771 6.39896317890712 6.48533017294748 6.58169753210885 6.65839801515852 6.72443185533796 6.77479907444545 6.84349966049194 6.88519988741194 6.90956721987043 6.92093413216727 6.94996792929513 6.9690021106175 6.99426310403006 6.99108559744699 7.01024116788592 7.02506344658988 7.05755233764648 7.11570801053728 7.18219688960484 7.22635248729161 7.27117470332554 7.32133020673479 7.37248577390398 7.39430802209037 7.3848534311567 7.41078839983259
5.10119928632464 5.27027429853167 5.34634937558855 5.31009081431798 5.3248325756618 5.40357419422695 5.45731578554426 5.49839067459106 5.57879904338292 5.66354063579014 5.73894909449986 5.80456120627267 5.87204340526036 5.96052598953247 6.01467486790248 6.0238242830549 6.04638208661761 6.13306672232492 6.13329097202846 6.18825394766671 -9999 -9999 -9999 6.56231893811907 6.62701654434204 6.70949186597552 6.79141160420009 6.85499831608364 6.88858434132167 6.97265359333583 7.03875746045794 7.07784380231585 7.09593023572649 7.11001695905413 7.12477002825056 7.10941396440778 7.12794862474714 7.08648320606777 7.04168455941336 7.11121913364955 7.21575389589582 7.29562200818743 7.34782307488578 7.38269111088344 7.41655915124076 7.47376040049962 7.54329511097499 7.51613514763968 7.49794687543597
5.2985942023141 5.3068790435791 5.39949723652431 5.44511543001447 5.50373377118792 5.56135184424264 5.62396989549909 5.66258784702846 5.72153963361468 5.77749102456229 5.83677591596331 5.8906899860927 5.95756673812866 6.02544355392456 6.07198653902326 6.10553005763463 6.19774000985282 6.27228328159877 6.29582670756749 6.36667776107788 6.46174648829869 -9999 6.76011105946132 6.79711198806763 6.84890481403896 6.89595304216657 6.97459207262312 7.05003636223929 7.08858054024833 7.12317568915231 7.18931477410453 7.24578707558768 7.26959323883057 7.29173237936837 7.30420446395874 7.32056447437831 7.31081145150321 7.31672532217843 7.3146390914917 7.36221940176828 7.39579963684082 7.45338010787964 7.47529377256121 7.49854094641549 7.52912126268659 7.61170169285366 7.67561558314732 7.65141698292324 7.58177212306431
5.55465575626918 5.55748380933489 5.56197854450771 5.60213994979858 5.65663453510829 5.68112938744681 5.73495742252895 5.7867853982108 5.81994662966047 5.86710827691214 5.9172694342477 5.92815242494856 5.96709012985229 6.08069426672799 6.18429844720023 6.30290263039725 6.40584026064192 6.47390460968018 6.51749304362706 6.58003766196115 6.63321794782366 6.71983119419643 6.81313249043056 6.88853025436401 6.94905546733311 7.01124722617013 7.07710545403617 7.13663039888654 7.20382220404489 7.26901381356376 7.31853907448905 7.34739766802107 7.37992252622332 7.39978088651385 7.44630609239851 7.47938142504011 7.50334099360875 7.51696716036115 7.5442602293832 7.55655288696289 7.57317910875593 7.62247180938721 7.64276456832886 7.67439092908587 7.69334983825684 7.76964330673218 7.78593601499285 7.73803179604667 7.70126404081072
5.67838375908988 5.69842188698905 5.70746006284441 5.73083101000105 5.76086909430368 5.79457357951573 5.83961153030396 5.88998263222831 5.95602069582258 6.01139191218785 6.06576326915196 6.12894807543073 6.21594646998814 6.29894481386457 6.38727678571429 6.48627526419503 6.54994024549212 6.60127203805106 6.66860396521432 6.73293570109776 6.79293441772461 6.88259928567069 6.95326444080898 7.01571920939854 7.0806303024292 7.14620815004621 7.21445253917149 7.27003015790667 7.31694112505232 7.38751881463187 7.46909645625523 7.49867412022182 7.53891849517822 7.55049644197736 7.56107412065778 7.56986556734358 7.57020405360631 7.58220911026001 7.59254802976336 7.63088641847883 7.69755833489554 7.72389698028564 7.70156867163522 7.77690751211984 7.83057921273368 7.87591777529035 7.9035895892552 7.86764676230294 7.85008920942034
5.79977866581508 5.82402672086443 5.83127450942993 5.84285545349121 5.88043662479946 5.90801797594343 5.93359885896955 5.98284666878836 6.04776130403791 6.10834230695452 6.18792336327689 6.27874367577689 6.37446975708008 6.45552900859288 6.52925518580845 6.59864786693028 6.66670710699899 6.76109995160784 6.8558258329119 6.92321872711182 6.96494463511876 7.01900407246181 7.0740635735648 7.15524162564959 7.22920506341117 7.29116903032575 7.34479931422642 7.39942952564784 7.46905987603324 7.5426903452192 7.59465401513236 7.62528419494629 7.65824794769287 7.72154487882342 7.71684203829084 7.74368272508894 7.7454001562936 7.77078471864973 7.73083564213344 7.72322000776018 7.74193729673113 7.74432182312012 7.7783727645874 7.88175712312971 7.94047491891043 7.99619231905256 8.03691005706787 7.99992867878505 7.97091450010027
5.94317361286708 5.96163157054356 5.97308894566127 5.98288011550903 6.01100431169782 6.0317952973502 6.05491978781564 6.09604406356812 6.16250167574201 6.23862607138498 6.33075032915388 6.42253930228097 6.5076595715114 6.56877987725394 6.64690004076277 6.70968702861241 6.76914085660662 6.84326103755406 6.9390480858939 7.02016810008458 7.08562176568168 7.14940881729126 7.22619547162737 7.3044307572501 7.35578026090349 7.4011298588344 7.44914627075195 7.51449584960938 7.59184537615095 7.65552847726004 7.70454468045916 7.76322766712734 7.82124389920916 7.8562605040414 7.86961017336164 7.90116657529558 7.91226305280413 7.88669327327183 7.88845634460449 7.89055306570871 7.87465006964547 7.8747467313494 7.89717715127127 7.96060718808855 8.07370369774955 8.16780056272234 8.19923073904855 8.21254355566842 8.2004063470023
6.0622352872576 6.08523607254028 6.11523703166417 6.1279046194894 6.1469053540911 6.15757288251604 6.18624067306519 6.23424128123692 6.30590895244053 6.38390970230103 6.4655772617885 6.52400146211897 6.57251610074724 6.64269726616996 6.73221179417201 6.80172640936715 6.86824090140207 6.94342204502651 7.03860323769706 7.06178433554513 7.12496553148542 7.24848031997681 7.33566134316581 7.38028642109462 7.45002208437238 7.46409089224679 7.53582668304443 7.61922890799386 7.68696437563215 7.78736666270665 7.81710236413138 7.82883787155151 7.86790677479335 7.92730924061367 7.976044518607 7.99565029144287 8.01579284667969 8.00560195105416 8.00807775769915 8.02122034345354 8.00836277008057 8.00550522123064 8.09764753069196 8.15145669664655 8.2282657623291 8.29307508468628 8.3265506880624 8.34849200929914 8.37523147038051
6.22074481419155 6.24603162493025 6.26631852558681 6.28060531616211 6.29289197921753 6.28884567533221 6.29679911477225 6.35141904013498 6.41170576640538 6.47799280711583 6.53594636917114 6.59835032054356 6.63887139729091 6.70239271436419 6.76458086286272 6.83876855032785 6.89795657566616 6.99781124932425 7.07633243288313 7.1271870476859 7.20970828192575 7.2885627746582 7.41041735240391 7.498398235866 7.50750500815255 7.56994560786656 7.70071928841727 7.72582619530814 7.78659970419748 7.85170684541975 7.84614699227469 7.81292070661272 7.86069447653634 7.87280123574393 7.94324159622192 8.12819923673357 8.13134091241019 8.15648221969604 8.17629037584577 8.22543185097831 8.25557327270508 8.29038163593837 8.30118983132499 8.32066433770316 8.33480623790196 8.34394768306187 8.39108903067453 8.43966443198068 8.4490077154977
6.29670258930751 6.35068471091134 6.39600011280605 6.41864899226597 6.4436308997018 6.45327997207642 6.45259530203683 6.48624413354056 6.52022620609828 6.55554178782872 6.58452374594552 6.61891848700387 6.64939226422991 6.67953300476074 6.7096734046936 6.82414715630668 6.95695454733712 7.04709482192993 7.08523552758353 7.17004271915981 7.24951655524118 7.37165709904262 7.50613096782139 7.60343320029123 7.61989682061332 7.65369401659284 7.7844911302839 7.83262143816267 7.89475154876709 7.89488233838763 7.92001254217965 7.8984763281686 7.91194016592843 7.98973703384399 8.09720093863351 8.13014623097011 8.20757327760969 8.18333400998797 8.219094480787 8.29052182606288 8.35094881057739 8.42904267992292 8.46613652365548 8.4158969606672 8.27199050358364 8.17908457347325 8.24451167242868 8.37739494868687 8.48906803131104
6.4076600755964 6.46433748517718 6.49968181337629 6.53135940006801 6.55136980329241 6.56438078199114 6.59672498703003 6.63506902967181 6.66241332462856 6.67875739506313 6.70310143062047 6.72615337371826 6.74591309683664 6.76133966445923 6.81009953362601 6.90552595683507 7.01095247268677 7.04537895747593 7.10047204153878 7.19789859226772 7.32099158423288 7.43508475167411 7.54651130948748 7.6488014629909 7.75495501926967 7.80344227382115 7.88159615652902 8.02174983705793 8.04990380150931 8.04539094652448 8.03954451424735 8.04836552483695 8.09418596540179 8.17700597218105 8.20649358204433 8.30875968933105 8.26413931165423 8.28118562698364 8.34189830507551 8.42261110033308 8.4836574281965 8.55503695351737 8.58174977983747 8.5491293498448 8.38250895908901 8.25288827078683 8.30960096631731 8.397125516619 8.52312823704311
6.51528440202986 6.55765737806048 6.60203000477382 6.63406957898821 6.62444230488368 6.64714840480259 6.70352125167847 6.74489395959037 6.77893359320504 6.79763977868216 6.80834565843855 6.85538836887905 6.91543401990618 6.95281301225935 7.01552540915353 7.06623792648315 7.07795027324132 7.13266270501273 7.22104181562151 7.31042092187064 7.34213331767491 7.41617890766689 7.51055799211775 7.64083623886108 7.7890134538923 7.92619071687971 7.98803452083043 8.06987864630563 8.21138899666922 8.22656631469727 8.2144102369036 8.22425406319755 8.25509793417794 8.32027503422328 8.35511895588466 8.40570722307478 8.3917053767613 8.46303749084473 8.52036939348493 8.56236757550921 8.61003262656076 8.65936456407819 8.68502998352051 8.71469511304583 8.64969335283552 8.59435844421387 8.63869026729039 8.69618919917515 8.76985577174595
6.60524211611067 6.65564353125436 6.68971177509853 6.71244634900774 6.71218115942819 6.72458274023874 6.77165079116821 6.81405224118914 6.85445383616856 6.87718868255615 6.89059005464826 6.90595674514771 6.9622883115496 7.06428643635341 7.14861808504377 7.20628343309675 7.22528164727347 7.21827990668161 7.28994485310146 7.39894315174648 7.47960826328823 7.59827314104353 7.70693840299334 7.80953781945365 7.89407185145787 7.97793892451695 8.06647300720215 8.19500725609916 8.28254073006766 8.37074170793806 8.39060919625419 8.39014339447021 8.41634396144322 8.47087791987828 8.46507835388184 8.43398761749268 8.43193844386509 8.53422260284424 8.57650675092425 8.64379065377372 8.67374161311558 8.73235879625593 8.78497614179339 8.83559376852853 8.84121145520892 8.83516216278076 8.8601131439209 8.90891974312919 8.96358272007534
6.76186629704067 6.79229661396572 6.82372665405273 6.86282348632812 6.86158697945731 6.84935031618391 6.87244701385498 6.88687726429531 6.91730744498117 6.96673733847482 6.99883413314819 7.01685816901071 7.08014208929879 7.15009328297206 7.19504417691912 7.27199520383562 7.38761275155204 7.42156362533569 7.47651474816459 7.56646551404681 7.67574998310634 7.7427008492606 7.79265172140939 7.88257258278983 7.94413008008684 8.02668721335275 8.08857801982335 8.21546901975359 8.31069333212716 8.39191736493792 8.43647466387067 8.45603207179478 8.51358931405204 8.57681356157575 8.51503753662109 8.42426763262067 8.47017083849226 8.55707427433559 8.62431035723005 8.70554692404611 8.76911653791155 8.82568645477295 8.8989234651838 8.94615949903216 8.97639574323382 8.98063237326486 8.99886907849993 9.03831713540213 9.10797664097377
6.9064907346453 6.94428280421666 6.97407484054565 7.00520031792777 7.00965908595494 7.02211788722447 7.05257681437901 7.05536896841867 7.06149414607457 7.10895313535418 7.12574522835868 7.17442641939436 7.22533001218523 7.2492333820888 7.2611368724278 7.35104036331177 7.46227727617536 7.54851429803031 7.63275119236537 7.72565480640956 7.76589162009103 7.81812831333705 7.87236547470093 7.92860760007586 8.02385527747018 8.08810274941581 8.20301689420428 8.27493109021868 8.35184519631522 8.42609228406634 8.47000667027065 8.54192079816546 8.62116827283587 8.66708265032087 8.65632997240339 8.65721498216901 8.66807011195591 8.67592566353934 8.74178096226284 8.79063647133963 8.8471588407244 8.9096805027553 8.94986956460135 9.0177252633231 9.10358074733189 9.15810285295759 9.18629128592355 9.25438063485282 9.31803744179862
7.00511496407645 7.04626934868949 7.09442329406738 7.13791084289551 7.1640647479466 7.19621883119856 7.22670643670218 7.24419355392456 7.28401449748448 7.31583520344325 7.31865624019078 7.29632806777954 7.31318392072405 7.34904030391148 7.37056275776454 7.41108580998012 7.47127526147025 7.58779798235212 7.71398741858346 7.81317704064505 7.86103316715785 7.93088933399745 8.02641207831246 8.12130907603673 8.20091336114066 8.25585099628993 8.34912191118513 8.40439278738839 8.4386636189052 8.4952677318028 8.55687250409808 8.66347639901297 8.73708057403564 8.73468508039202 8.72828905923026 8.72916167122977 8.73163618360247 8.73311070033482 8.78125217982701 8.85905987875802 8.95220048086984 8.99767535073417 9.03181634630476 9.1272908619472 9.22543185097831 9.28323950086321 9.33171394893101 9.41244452340262 9.45009749276297
7.07807268415179 7.12392221178327 7.17743819100516 7.24495444978986 7.29713732855661 7.33831984656198 7.3631694657462 7.39735201426915 7.42553492954799 7.45705093656267 7.46890013558524 7.44956261771066 7.45037146977016 7.44818019866943 7.48532220295497 7.58346428189959 7.6389399256025 7.72141524723598 7.83055734634399 7.92269931520735 7.98150798252651 8.04365042277745 8.13679252352033 8.23667710168021 8.30263839449201 8.36893279211862 8.42122731889997 8.48552131652832 8.53981563023159 8.63844299316406 8.71107087816511 8.78036526271275 8.79365961892264 8.7969537462507 8.82924815586635 8.85877582005092 8.91386917659215 8.91929585593087 8.94438934326172 9.01048251560756 9.07624285561698 9.13166972569057 9.18642956869943 9.26918969835554 9.30861663818359 9.37437629699707 9.43213653564453 9.52684170859201 9.55715792519706
7.22569710867746 7.23890842710223 7.27845321382795 7.34399802344186 7.38954257965088 7.44442081451416 7.46896580287388 7.51017693110875 7.49938842228481 7.51226677213396 7.55847808292934 7.58946452822004 7.55655915396554 7.52132027489798 7.55208158493042 7.70017644337245 7.80693776266915 7.89136573246547 7.97212730135236 8.03988838195801 8.10865007128034 8.16774443217686 8.20950603485107 8.2707120350429 8.31869636263166 8.36568117141724 8.41499859946115 8.5079836164202 8.56330108642578 8.65328529902867 8.76560279301235 8.81092098781041 8.79790551321847 8.83255645206996 8.87254088265555 8.9680564062936 9.03710188184466 9.02814756120954 9.08186026981899 9.15657275063651 9.21728502001081 9.24299730573382 9.24570955548968 9.34475530896868 9.41980130331857 9.46484674726214 9.46922588348389 9.55490561894008 9.61688504900251
