data/curr_env/bio2_avg_2010-2016.asc
NCOLS 664 
NROWS 380 
XLLCORNER 3.91666666666667 
YLLCORNER 55.3333333333333 
CELLSIZE 0.0416666666666667 
NODATA_value -9999 
[rows 110 to 131 of 380, columns 294 to 342 of 664]
8.24923590251378 8.35927173069545 8.54902308327811 8.77682290758405 8.81628908429827 8.79608944484166 8.6528891154698 8.51635578700474 8.53915514264788 8.54195513044085 8.39642184121268 8.22455494744437 8.32068811144148 8.4858215876988 8.50305039542062 8.54637513841901 8.53669997623989 8.63269070216588 8.84468214852469 9.07667337145124 9.06466497693743 8.83998966217041 8.77164745330811 8.88863890511649 9.03929710388184 9.07528822762626 8.92966842651367 8.80010427747454 8.78287356240409 8.79630933489118 8.80407837459019 8.78418104989188 8.99428367614746 9.13905279976981 9.0198221206665 9.04725769587925 9.09702682495117 9.17712933676583 9.21353421892439 9.19290801456996 9.1016149520874 9.02298886435372 8.92602961403983 8.77107034410749 8.66644382476807 8.63481780460903 8.62619168417794 8.63623196738107 8.71827234540667
8.32285526820591 8.43089294433594 8.63173157828195 8.85503796168736 8.88667774200439 8.91898441314697 8.68129076276507 8.74093082972935 8.94390405927386 8.92521040780204 8.86218370710101 8.91582352774484 8.96946334838867 8.92377008710589 8.95246505737305 8.87721593039376 8.79130022866385 8.72105121612549 8.63513537815639 8.64588587624686 8.84330340794155 9.11072145189558 9.20080552782331 9.04688930511475 8.97197355542864 8.98639120374407 9.00517736162458 8.97399956839425 8.96448843819755 9.02631037575858 9.07946613856724 8.96762153080532 8.80511025020054 8.79526560647147 8.98075444357736 9.08724294389997 9.07139832632882 9.10788754054478 9.18282835824149 9.13455527169364 9.01161575317383 8.89567593165806 8.75640256064279 8.70912974221366 8.75485665457589 8.8509167262486 8.84331021990095 8.94003704616002 8.98443058558873
7.82414102554321 7.96517992019653 8.25043991633824 8.68391977037702 8.8693996156965 9.01621246337891 9.01735918862479 9.02283900124686 9.08131885528564 9.05879851749965 8.99327863965716 8.9370915549142 8.99690519060407 9.10671833583287 9.20654691968645 9.23305715833392 9.22956725529262 9.14907782418387 9.05058833530971 9.00243200574602 8.80360903058733 8.76778629847935 8.95062964303153 9.06380653381348 9.07298415047782 9.04682758876256 9.09135396139962 9.17522839137486 9.23310375213623 9.19597884586879 9.14352021898542 9.1157283782959 9.13960375104632 9.1408120564052 9.17602021353585 9.18589551108224 9.14410386766706 9.037978717259 9.01845618656703 9.06586933135986 8.98928260803223 8.93569592067174 9.01077583857945 9.00918919699533 8.89460236685617 8.90168244498117 8.72809573582241 8.70584229060582 8.69892229352679
8.081093447549 8.14780105863299 8.31348146711077 8.43813460213797 8.55812086377825 8.68444115774972 8.82776056017194 8.85308088575091 8.94540064675467 8.94972024645124 8.96537372044155 9.1403602872576 9.13734681265695 9.21833324432373 9.24862807137626 9.2538982118879 9.3748346056257 9.36243792942592 9.32337461199079 9.30697754451207 9.27358095986503 9.12385095868792 8.92745426722935 8.99705736977713 9.10732732500349 9.11826406206403 9.1511960710798 9.17479092734201 9.09971877506801 9.14231286730085 9.19324098314558 9.21216896602086 9.16343021392822 9.11102499280657 9.05461992536272 9.00754751477923 8.98747525896345 8.99773638589042 8.98741708483015 8.93984998975481 8.91161605290004 8.99938256399972 9.04414926256452 9.08024842398507 9.11368179321289 9.08078152792794 9.0682145527431 8.99464757101876 8.92774731772287
8.70071288517543 8.7967552457537 8.79618958064488 8.75368295397077 8.60717609950474 8.44366931915283 8.75416278839111 8.80132252829415 8.84681565420968 8.873642376491 8.8844690322876 8.92062868390765 8.91945498330253 8.87494850158691 8.91870989118304 9.01507268633161 9.11676856449672 9.18813146863665 9.33982753753662 9.38052340916225 9.33821964263916 9.32791573660714 9.27227864946638 9.24897466387067 9.25967107500349 9.24036679949079 9.0990389415196 9.19168608529227 9.12066718510219 9.14564786638532 9.21029554094587 9.1652763911656 9.12825652531215 9.10090446472168 9.0388856615339 8.99786635807582 8.97518008095878 8.98982756478446 8.99304444449288 8.86916419437953 8.8712831224714 8.91706943511963 8.8891886302403 8.97364153180804 9.06476102556501 9.04754747663226 9.0039998463222 8.9347859791347 8.96223899296352
8.73666545322963 8.84070941380092 8.95889786311558 9.08289773123605 9.0965644291469 9.10789775848389 9.15789781297956 9.02056407928467 8.86289719172886 8.91423061915806 9.00589670453753 9.05223029000419 9.05623027256557 8.99956335340227 9.00512450081962 9.03658008575439 8.98736940111433 8.86915792737688 8.74094717843192 8.97806930541992 9.24852534702846 9.45031424931117 9.38843631744385 9.32222557067871 9.29668085915702 9.26847008296422 9.22954790932792 9.17524828229632 9.13328198024205 9.13964939117432 9.15401635851179 9.12771647317069 9.09041690826416 9.03211757114955 8.93648406437465 8.8621849332537 8.8442189352853 8.95558534349714 8.88600553785052 8.91347762516567 8.89995016370501 8.87508964538574 8.88756207057408 8.93103463309152 9.00283990587507 8.98231301988874 8.922119140625 8.85025787353516 9.02939701080322
7.73495101928711 7.89733035223825 7.89527300425938 8.36544595445905 8.72928619384766 9.032792363848 9.32563291277204 9.41347244807652 9.31831223624093 9.38215214865548 9.30799225398472 9.27249881199428 9.26700551169259 9.15284538269043 9.13287285396031 9.18942124502999 9.26396969386509 9.23951843806675 9.14940002986363 9.19394860948835 9.21816376277379 9.37171227591378 9.37126077924456 9.40480954306466 9.45969132014683 9.42757293156215 9.41839041028704 9.32814407348633 9.17356395721436 9.09431729997907 9.08073697771345 9.12815707070487 9.09057698931013 9.0266637802124 8.9740834917341 8.84717042105538 8.80825696672712 8.89134352547782 8.89363288879395 8.91612488882882 8.95828424181257 8.87144347599575 8.83426829746791 8.89209406716483 8.96091965266636 8.91507829938616 8.96390383584159 8.99439634595599 9.0418883732387
8.36857005528041 8.47628443581717 8.54164818355015 8.61332811628069 8.67934117998396 8.8540210723877 9.05036749158587 9.04204750061035 8.98639420100621 9.31274032592773 9.43975339617048 9.45976734161377 9.50044700077602 9.38646030426025 9.29462051391602 9.38526221684047 9.44823714665004 9.42487825666155 9.34818622044155 9.4118276323591 9.52180249350412 9.59444413866315 9.50708539145333 9.47105993543352 9.52236829485212 9.48700959341867 9.43190016065325 9.41437312534877 9.31817899431501 9.2706515448434 9.21179117475237 9.08093098231724 8.99773733956473 9.05287674495152 8.96501622881208 8.92482253483364 8.77962848118373 8.78876849583217 8.77392714364188 8.85010596684047 8.91595104762486 8.87246281760079 8.78464181082589 8.86948694501604 8.95766612461635 8.84717764173235 8.88235596248082 8.94486822400774 8.94938046591622
8.45599038260324 8.540390423366 8.64947972978864 8.68825789860317 8.82436956678118 8.92581462860107 8.86125918797084 8.74337114606585 8.87348284040179 8.76059423174177 8.89503914969308 9.13215119498117 9.26792894090925 9.19504070281982 9.27060168130057 9.36794471740723 9.46595464433942 9.50663103376116 9.55164064679827 9.53265081133161 9.55499403817313 9.60000365121024 9.50534684317453 9.43302304404122 9.40403297969273 9.51737649100167 9.49594729287284 9.44541304452079 9.44487830570766 9.34634358542306 9.2491421018328 9.08094120025635 8.91640676770892 8.88787228720529 8.89733723231724 8.91313661847796 8.89260196685791 8.82073375156948 8.88285296303885 8.89095933096749 8.85639899117606 8.83450548989432 8.85927840641567 8.92205115727016 8.84982408796038 8.70526368277413 8.78903675079346 8.82280949183873 8.84458269391741
7.9045433316912 8.12031480244228 8.58943462371826 8.813903263637 8.92837142944336 8.94150638580322 8.86830806732178 8.76244286128453 8.9039113180978 9.11337975093297 9.11751461029053 9.08231626238142 9.0854515348162 9.03925323486328 9.18314743041992 9.18513488769531 9.33478900364467 9.58077594212123 9.59176308768136 9.51041684831892 9.38440459115165 9.40472521100726 9.51704597473145 9.46136624472482 9.21702017102923 9.41700771876744 9.48086670466832 9.46393094744001 9.44732843126569 9.38039261954171 9.24445710863386 9.05585466112409 8.8692524773734 8.88531671251569 8.87071459633963 8.74877875191825 8.65250996180943 8.61657387869699 8.68774345942906 8.80701882498605 8.86496067047119 8.82690266200474 8.84351117270333 8.91878659384591 8.95339502607073 8.94267014094761 8.93127877371652 8.891220501491 8.84649617331369
8.18443039485386 8.14557266235352 8.24938923971994 8.31788103921073 8.85137299128941 8.84953144618443 8.69235638209752 8.59718172890799 8.66100679125105 8.79849856240409 9.12232385362898 9.21281555720738 9.35830702100481 9.42346559252058 9.45369366237095 9.41432516915458 9.21128967830113 9.39425427573068 9.53155258723668 9.61951719011579 9.56748172215053 9.49977970123291 9.4590779713222 9.51704256875174 9.33100700378418 9.47897161756243 9.57145268576486 9.55511569976807 9.4901123046875 9.4651084627424 9.3817720413208 9.06176825932094 8.92409855978829 8.77109445844378 8.68475764138358 8.667754309518 8.60408428737095 8.4917471749442 8.45296777997698 8.51874569484166 8.64485590798514 8.7096335547311 8.76674434116909 8.85118865966797 8.80729920523507 8.86507661002023 8.94685391017369 8.94829818180629 8.92474242619106
8.44765104566302 8.44716371808733 8.3040109361921 8.42752592904227 8.55304104941232 8.62922314235142 8.73640496390206 8.93492017473493 9.16676889147077 9.16861697605678 9.23013251168387 9.28598090580532 9.27049609592983 9.28767803737095 9.41423974718366 9.50651550292969 9.21379062107631 9.20473289489746 9.20067501068115 9.25261688232422 9.3032260622297 9.41816793169294 9.48411001477923 9.52205194745745 9.39166069030762 9.3986028943743 9.46637140001569 9.45496695382255 9.3645624433245 9.36449091775077 9.27941976274763 9.05934851510184 8.99561078207833 8.96587262834821 8.79646818978446 8.76539679936 8.77799197605678 8.69125407082694 8.58585834503174 8.45213835580008 8.40108449118478 8.44003118787493 8.53197765350342 8.71792384556362 8.72853674207415 8.75481646401542 8.75576332637242 8.84004265921456 8.74465574537005
9.09320477076939 8.8654214314052 8.63563237871442 8.46750409262521 8.58204296657017 8.51658153533936 8.49578693934849 8.57965905325753 8.70353099278041 8.84540285382952 8.9932746887207 8.91914667401995 8.87235191890172 8.9138902936663 9.00945309230259 9.22137219565255 9.41995865958078 9.47421128409249 9.30246421269008 9.32171712602888 9.24563653128488 9.02855559757778 9.06714180537633 9.45572812216622 9.42164788927351 9.38990034375872 9.46229090009417 9.43615164075579 9.2630124773298 9.13987364087786 9.05840110778809 8.97192873273577 9.05045645577567 9.01398386274065 8.97817802429199 8.92437240055629 8.83090005602155 8.72209439958845 8.65841593061175 8.51153101239886 8.37397956848145 8.37309537615095 8.45221042633057 8.53399194989886 8.58510793958392 8.61588968549456 8.67800494602748 8.83245372772217 8.93256882258824
9.25975813184466 9.05667918069022 8.90658732822963 8.71648284367153 8.86604499816895 8.81894016265869 8.7688353402274 8.78473091125488 8.86329283033099 8.93885489872524 8.95441668374198 9.09831210545131 9.09954111916678 9.00843647548131 8.97699901035854 9.05622931889125 9.09245940617153 9.16402312687465 9.38725321633475 9.6324838910784 9.56638050079346 9.27127742767334 9.23617403847831 9.25807121821812 9.46463462284633 9.18186473846436 9.23787634713309 9.32400294712612 9.2861294065203 9.2165892464774 9.17471558707101 9.15750898633685 9.11696869986398 9.09109537942069 8.96755490984235 8.84168148040771 8.64847455705915 8.50493431091309 8.45163985661098 8.41292435782296 8.41154139382499 8.48982606615339 8.54011017935617 8.58672782352992 8.69867883409773 8.73696286337716 8.76524720873151 8.87186486380441 8.92948246002197
9.24197796412877 9.22560351235526 9.15454196929932 9.22146088736398 9.308379309518 9.29796545846122 9.22188363756452 9.13746956416539 9.10905511038644 9.13364042554583 9.10855906350272 9.12447793143136 9.24406351361956 9.35164887564523 9.38721179962158 9.38608660016741 9.33462728772845 9.29950114658901 9.34004265921456 9.42591667175293 9.58779089791434 9.47233213697161 9.47920635768345 9.44741371699742 9.4716215133667 9.20016247885568 9.16379574366978 9.20618765694755 9.15124620710101 9.27863843100412 9.35403033665248 9.03808907100133 9.06548118591309 8.95687334878104 8.8045985358102 8.80765765053885 8.63171604701451 8.49510792323521 8.38186386653355 8.31531715393066 8.34377002716064 8.46022319793701 8.56634330749512 8.73546300615583 8.88591630118234 8.89270264761788 8.91148948669434 8.87527574811663 8.90639536721366
9.03953184400286 9.10786138262067 9.37516362326486 9.38443919590541 9.13838154929025 9.18565695626395 9.25793266296387 9.41654123578753 9.5411502293178 9.54675892421177 9.42236777714321 9.39097676958357 9.22458580562047 9.18652806963239 9.24742480686733 9.35561003003802 9.55579498835972 9.36664649418422 9.34383174351284 9.24868324824742 9.21753515516009 9.28272002083915 9.3755715233939 9.55275671822684 9.60660866328648 9.47645991189139 9.33371448516846 9.22337218693325 9.19569655827114 9.15135410853795 9.30767822265625 9.31866945539202 9.17532675606864 9.13231781550816 8.97797516414097 8.96696608407157 8.87795720781599 8.66594805036272 8.4670877456665 8.36304310389927 8.35599872044155 8.4636207308088 8.52124282291957 8.67953177860805 8.79748739515032 8.81944247654506 8.91506467546735 8.84502015795026 8.8076422555106
8.76708548409598 8.84711905888149 9.00145203726632 9.30141762324742 9.46305002485003 9.47001552581787 9.31798090253558 9.17694691249302 9.37591212136405 9.40387793949672 9.53251007625035 9.7684759412493 9.61744131360735 9.40974017551967 9.27830450875419 9.40246663774763 9.63296263558524 9.71679169791085 9.66462067195347 9.61744976043701 9.48994527544294 9.50544125693185 9.49927016666957 9.41609941210065 9.48859528132847 9.50075776236398 9.49863392966134 9.48989023481097 9.38548006330218 9.28140340532575 9.24832657405308 9.28724956512451 9.3358394077846 9.25376238141741 9.10701887948172 9.05760874067034 8.94819845472063 8.78512137276786 8.56764534541539 8.47910281590053 8.54122747693743 8.61335182189941 8.63914258139474 8.70360047476632 8.60339151109968 8.75384930201939 8.85097312927246 8.90009784698486 8.78422219412667
8.55463899884905 8.72137682778495 8.8394068309239 8.929062298366 9.05671800885882 9.28237410954067 9.46836308070591 9.60568537030901 9.749007497515 9.7609965460641 9.69098540714809 9.71530846187047 9.81229727608817 9.59461961473737 9.47151729038784 9.35565730503627 9.2807971409389 9.31793676103864 9.310409954616 9.32088320595878 9.33235631670271 9.33316258021763 9.40696920667376 9.60544231959752 9.53991562979562 9.46905531202044 9.36821964808873 9.24940831320626 9.19659682682582 9.29511914934431 9.27564103262765 9.27849619729178 9.3490183694022 9.31154005868094 9.19906207493373 9.08358424050467 8.93143953595843 8.8686283656529 8.76253577641078 8.71582930428641 8.73345579419817 8.71508257729667 8.79870932442801 8.84233570098877 8.81129537309919 8.80058901650565 8.89154883793422 8.96017551422119 8.94580241612026
8.75252614702497 8.8333009992327 8.89402866363525 8.9217072895595 8.95838682992118 8.9917323248727 9.06607804979597 9.16609055655343 9.33576992579869 9.59844875335693 9.80946132114955 9.89947373526437 9.94615282331194 9.92316559382847 9.89106369018555 9.85084751674107 9.82296453203474 9.7247486114502 9.62186595371791 9.45298290252686 9.28276675088065 9.27088410513742 9.32766819000244 9.53845173971994 9.62223597935268 9.47801971435547 9.43513883863177 9.26725946153913 9.16104698181152 9.0931681224278 9.08495576041085 9.07140949794224 9.16953073229108 9.28965132577079 9.04910591670445 9.06722695486886 8.93368107931954 9.01446860177176 8.98376015254429 8.9195556640625 8.84368419647217 8.74847997937884 8.84194224221366 8.91740444728306 8.91853332519531 8.75499561854771 8.69379125322614 8.82591983250209 8.88571548461914
9.05541283743722 9.00189222608294 8.94164984566825 8.97735214233398 9.03572164263044 9.07809066772461 9.10212680271694 9.12682928357806 9.1588648387364 9.14090102059501 9.25293677193778 9.28530611310686 9.43700858524867 9.61904444013323 9.64660971505301 9.59870433807373 9.49713230133057 9.61856051853725 9.63232176644462 9.74074935913086 9.76751095908029 9.59060559953962 9.50136661529541 9.65946129390172 9.72522286006383 9.7079838344029 9.58805779048375 9.39777769361224 9.29816382271903 9.26455048152379 9.04160363333566 9.00899001530239 9.05604335239955 9.29709597996303 9.21614919389997 9.13353565761021 9.0979220526559 8.98264190128871 8.86965043204171 8.95894868033273 8.94424629211426 8.89621107918876 8.94717529841832 8.97247300829206 8.92977087838309 8.83340222494943 8.65369973863874 8.60233088902065 8.76029532296317
9.0060168675014 9.11903176988874 8.99804496765137 8.92438997541155 9.05973516191755 9.26108006068638 9.37409196581159 9.23443739754813 9.29311547960554 9.34746047428676 9.28813907078334 9.35548428126744 9.25149577004569 9.40817424229213 9.49608734675816 9.41656875610352 9.34738295418876 9.50353077479771 9.64067867824009 9.62649304526193 9.78697408948626 9.72078895568848 9.68326990944999 9.72841780526297 9.71656540461949 9.75004659380232 9.73613521030971 9.55549798692976 9.38586071559361 9.2928900037493 9.12291949135917 9.10894870758057 9.01597826821463 9.21134090423584 9.341370173863 9.23306655883789 9.13576235089983 9.02145848955427 9.01719079698835 9.03529153551374 9.03839288439069 8.99016039712088 9.02259486062186 9.03302901131766 8.99279648917062 8.94289766039167 8.78799860818046 8.61409963880267 8.59653418404715
8.82467133658273 8.95171914781843 9.24787984575544 9.28315353393555 9.16476031712123 9.3357001713344 9.50997407095773 9.4285808290754 9.408187185015 9.39279420035226 9.50306756155831 9.55334104810442 9.49628135136196 9.50155476161412 9.57482978275844 9.52810655321394 9.54905005863735 9.6206602369036 9.57327052525112 9.56221348898751 9.7378237588065 9.75810064588274 9.75437763759068 9.72165434701102 9.64526435307094 9.61054079873221 9.66137095860073 9.62542070661272 9.51147079467773 9.37685353415353 9.22190339224679 9.14928654261998 8.98266996656145 8.95171982901437 9.16810267312186 9.38215269361224 9.23120253426688 9.1419187273298 9.14104652404785 9.07291793823242 9.06012330736433 9.00299521854946 8.91386686052595 9.01040540422712 9.00427722930908 8.98881558009556 8.89702088492257 8.7325598852975 8.65009798322405
