data/curr_env/bio2_avg_2010-2016.asc
NCOLS 664 
NROWS 380 
XLLCORNER 3.91666666666667 
YLLCORNER 55.3333333333333 
CELLSIZE 0.0416666666666667 
NODATA_value -9999 
[rows 110 to 131 of 380, columns 490 to 538 of 664]
8.94214657374791 8.81592341831752 8.82769979749407 9.01980999537877 9.14025347573417 9.08536379677909 9.03180735451835 8.95425060817174 8.96536077771868 9.0061377116612 8.97782352992466 8.92075307028634 8.80201557704381 8.74261161259242 8.6908734185355 8.57146957942418 8.49439866202218 8.40166132790702 8.36892373221261 8.33218615395682 8.26178237370082 8.16604437146868 8.09694862365723 7.9934949193682 7.89237403869629 7.79558658599854 7.72479915618896 7.63967827388218 7.54189143862043 7.46310383932931 7.44264956883022 7.47219555718558 7.30674137387957 7.19162055424282 7.07361262185233 6.9833835874285 7.07048790795462 7.24925879069737 7.33736310686384 7.46046733856201 7.54623814991542 7.59867572784424 7.71044649396624 7.83221755708967 7.93032155718122 8.0217593056815 8.09674228940691 8.16427094595773 8.23913328988212
9.03694656917027 8.95480183192662 8.97765704563686 9.07817840576172 9.12736674717494 9.13488864898682 9.18607698168073 9.17993204934256 9.13412025996617 9.05364145551409 8.97200993129185 8.90555763244629 8.81577164786203 8.73065294538226 8.6552004132952 8.56474821908133 8.48329544067383 8.4088431767055 8.34372411455427 8.30260522024972 8.25581952503749 8.21636683600289 8.15432350976127 8.05635608945574 7.95305551801409 7.86742080960955 7.75478676387242 7.68448618480137 7.63051857267107 7.57655102866037 7.50758341380528 7.41594954899379 7.3656485421317 7.36801426751273 7.26378645215716 7.24029752186367 7.25547552108765 7.32865313121251 7.35483074188232 7.40667533874512 7.47751944405692 7.56036397389003 7.68587527956281 7.79605334145682 7.94656487873622 8.04474231175014 8.09091227395194 8.13107463291713 8.18657030378069
9.01374707903181 9.02934660230364 9.11961364746094 9.11588001251221 9.08214664459229 9.0554131099156 9.05501324789865 9.02261325291225 9.04087979452951 8.99947997501918 8.9171964100429 8.86602905818394 8.80086135864258 8.71369429997035 8.60952717917306 8.53335993630546 8.49019241333008 8.39902523585728 8.27519110270909 8.20869037083217 8.17485652651106 8.18468938555036 8.1673652103969 8.07955081122262 7.92673669542585 7.82825565338135 7.80644144330706 7.74996069499425 7.64347948346819 7.58833176749093 7.53618465151106 7.47470351627895 7.38788911274501 7.29174157551357 7.22029331752232 7.17021131515503 7.26212937491281 7.37104749679565 7.42196580341884 7.47188377380371 7.56646844318935 7.64038664954049 7.75097104481288 7.79622282300677 7.87280750274658 8.01872553144183 8.08508246285575 8.12054477419172 8.17833995819092
8.92321355002267 8.9428916658674 9.03156988961356 9.0725816999163 9.10026005336216 9.1072713306972 9.07428291865758 9.01329462868827 8.96430615016392 8.90531744275774 8.85938249315534 8.80449989863804 8.74595124380929 8.65706934247698 8.56652014596122 8.52963829040527 8.48508930206299 8.38287394387381 8.25932489122663 8.15244259153094 8.0902271270752 8.09101159232003 8.09940671920776 8.01874569484166 7.91441808428083 7.81875698907035 7.75409596306937 7.71210132326399 7.6121072769165 7.54044594083514 7.47278506415231 7.43912397112165 7.36212948390416 7.25413506371634 7.2054671560015 7.17545856748308 7.24011707305908 7.32844196047102 7.39110047476632 7.4877587045942 7.57975046975272 7.6797422681536 7.74406685147967 7.81805862699236 7.92505032675607 8.01837519236973 8.0995854650225 8.13468136106219 8.1791102545602
8.99801390511649 9.01777035849435 9.07519381386893 9.09528323582241 9.09270640781948 9.06512955256871 9.02988610948835 8.98997606549944 8.93406554630825 8.89482239314488 8.8532349722726 8.78930473327637 8.72537449428013 8.63511085510254 8.56184727805001 8.53424971444266 8.48965304238456 8.41338920593262 8.29445845740182 8.14986160823277 8.05093104498727 7.96733386175973 7.9877815927778 8.00460692814418 7.93143265587943 7.76525803974697 7.66875035422189 7.62957572937012 7.56273446764265 7.49689326967512 7.40971871784755 7.32587759835379 7.25670310429164 7.18219525473458 7.14797408240182 7.17003931318011 7.23710462025234 7.2945032119751 7.3679016658238 7.45963328225272 7.57003225599016 7.67143051964896 7.78416231700352 7.8755613054548 7.92529310498919 8.00802489689418 8.10808869770595 8.18048456736973 8.20488030569894
8.9634804044451 8.95598234449114 8.997483253479 9.03631823403495 9.04081984928676 8.99998801095145 8.9894894191197 8.95465700966971 8.88515881129674 8.85932677132743 8.83175495692662 8.75577626909528 8.66679736546108 8.60015201568604 8.55850682939802 8.56619507925851 8.54088292803083 8.42857115609305 8.28725916998727 8.18294681821551 8.03596809932164 7.95465646471296 7.9324894632612 7.9501348904201 7.85944727488926 7.65175921576364 7.60673802239554 7.59838315418788 7.53736216681344 7.45834050859724 7.39765283039638 7.36863149915423 7.30427694320679 7.23058898108346 7.20381450653076 7.26961987359183 7.34209217344012 7.3952305657523 7.43770286015102 7.46384177889143 7.55464744567871 7.68245267868042 7.81359148025513 7.91806364059448 7.92686918803624 7.93434109006609 8.00859178815569 8.08328792027065 8.16631739480155
8.85228088923863 8.90719400133405 8.92777361188616 8.94202014378139 8.98359952654157 8.95984608786447 8.91842555999756 8.89233848026821 8.87858513423375 8.84916482652937 8.81827449798584 8.7672473362514 8.72222082955497 8.67019353594099 8.62416676112584 8.58780642918178 8.50411306108747 8.24208634240287 8.05839272907802 8.10436589377267 8.14867244447981 8.10031189237322 8.02953147888184 7.99132987431117 7.89112867627825 7.73759405953543 7.64139209474836 7.57752418518066 7.58332320622035 7.54645497458322 7.49592018127441 7.44271864209856 7.37785066877093 7.32331589290074 7.35165500640869 7.41853366579328 7.45241253716605 7.45162521089826 7.46883753367833 7.5223833492824 7.63026257923671 7.7318081174578 7.80268710000174 7.85789973395211 7.88611207689558 7.8749908719744 7.85776172365461 7.97042485645839 8.09375415529524
8.79608113425119 8.80140549795968 8.8203969682966 8.84105464390346 8.88837991441999 8.88270378112793 8.85502896990095 8.817353112357 8.82334463936942 8.82533577510289 8.81546075003488 8.78238541739328 8.75497695377895 8.68856852395194 8.62715993608747 8.58408491952079 8.47967665536063 8.204268183027 8.11352627617972 8.18411793027605 8.20804303033011 8.16063417707171 8.06523942947388 8.02519151142665 7.95014313289097 7.82009499413626 7.69538041523525 7.6749986239842 7.68928364345006 7.69323546545846 7.67818709782192 7.64113930293492 7.57309096200126 7.51770966393607 7.52182851518903 7.52011442184448 7.51640033721924 7.49168634414673 7.5056391443525 7.5422580582755 7.60754435403006 7.66783026286534 7.70678274972098 7.74906853267125 7.79302161080497 7.85564047949655 7.90259824480329 7.97522796903338 8.09685802459717
8.7860769544329 8.8018091746739 8.81187520708357 8.82194096701486 8.82600702558245 8.78674003056117 8.78180599212646 8.7708717073713 8.80360439845494 8.81367002214704 8.76584243774414 8.71412127358573 8.71373340061733 8.65234565734863 8.53062438964844 8.44956956590925 8.41784858703613 8.39146055494036 8.37707247052874 8.32635143824986 8.27996335710798 8.20957558495658 8.14521891730172 8.0672277041844 7.89456980569022 7.70957858221872 7.67725379126413 7.76026235307966 7.79060418265207 7.80427953175136 7.7569546018328 7.70162970679147 7.65763820920672 7.64298037120274 7.62082665307181 7.5958446093968 7.58319582257952 7.58221353803362 7.59623146057129 7.60024929046631 7.57093381881714 7.62561818531581 7.7243024962289 7.79665388379778 7.83533838817051 7.92368956974575 7.99198613848005 8.00422879627773 8.06213780811855
8.74293422698975 8.77007130214146 8.76287501198905 8.77001203809466 8.81881632123675 8.84695325578962 8.82842350006104 8.8292270387922 8.82036440713065 8.82950128827776 8.7934205191476 8.74912180219378 8.71448966435024 8.66219125475202 8.59355926513672 8.52426079341343 8.49929537091936 8.47699655805315 8.41636494227818 8.30673272269113 8.23643391472953 8.17513527188982 8.09847048350743 8.02877262660435 7.92774180003575 7.86371074404035 7.85567944390433 7.84631517955235 7.82595075879778 7.79025329862322 7.72688865661621 7.65552432196481 7.61882632119315 7.63279526574271 7.64631714139666 7.66172483989171 7.66946601867676 7.64687408719744 7.63294860294887 7.595023223332 7.59709794180734 7.68817227227347 7.80624682562692 7.89898831503732 7.91272960390363 7.93913745880127 8.02125842230661 8.08342579432896 8.12792689459664
8.70279216766357 8.75133350917271 8.78520856584821 8.79074954986572 8.79195785522461 8.79249940599714 8.77004092080253 8.79058238438198 8.78812394823347 8.76166548047747 8.74333163670131 8.71878896440778 8.66691276005336 8.62403706141881 8.59749412536621 8.55761814117432 8.51174218314035 8.45019939967564 8.37465640476772 8.29911415917533 8.24023825781686 8.16602836336408 8.08938830239432 8.04198442186628 7.96391378130232 7.90250941685268 7.8614388193403 7.8377012525286 7.79763065065656 7.76589325496129 7.68548883710589 7.58941807065691 7.53001403808594 7.5376102583749 7.57047367095947 7.58993823187692 7.61440304347447 7.59820113863264 7.59766592298235 7.56079728262765 7.61759533200945 7.71939325332642 7.79919113431658 7.93232222965785 7.99478701182774 8.01625163214547 8.05286380222866 8.12128973007202 8.17638233729771
8.67864962986537 8.7015951701573 8.73354162488665 8.78015409197126 8.81510012490409 8.80837917327881 8.7833251953125 8.73693752288818 8.67888355255127 8.68916279929025 8.69657598223005 8.65512207576207 8.62366894313267 8.60154901232038 8.5627623966762 8.52730900900704 8.50352205548968 8.4480687550136 8.37661525181362 8.3004948752267 8.24504198346819 8.17192166192191 8.0963065964835 8.03119598116193 7.97175243922642 7.91564171654837 7.86019802093506 7.82475403376988 7.72997713088989 7.67186682564872 7.67275612694876 7.64897905077253 7.61253520420619 7.63342469079154 7.64529684611729 7.65448502131871 7.63867357798985 7.63019473212106 7.65938309260777 7.72190427780151 7.80142572947911 7.84261383329119 7.90646880013602 7.98199033737183 8.04151160376412 8.1050329208374 8.12780264445714 8.14848695482526 8.20117160252162
8.62617356436593 8.63752405984061 8.66954108646938 8.70789160047259 8.75657517569406 8.78425925118583 8.75594275338309 8.71495968954904 8.67164312090192 8.64366013663156 8.6481534412929 8.59578922816685 8.58142525809152 8.52339444841657 8.47403008597238 8.40866592952183 8.36496884482247 8.31627137320382 8.27090719767979 8.21687643868583 8.15984569277082 8.0924813406808 8.04855803080967 8.00807441983904 7.94425766808646 7.86877400534494 7.80029024396624 7.75480726787022 7.69732359477452 7.69317374910627 7.73635673522949 7.73920665468488 7.72039004734584 7.72557313101632 7.71878726141793 7.69569866997855 7.65894378934588 7.68585518428258 7.73676640646798 7.82101167951311 7.88025678907122 7.89783464159284 7.956412928445 8.00632449558803 8.05656909942627 8.12014743259975 8.15474142347063 8.16401781354632 8.20362704140799
8.5763646534511 8.61478587559291 8.66054085322789 8.66329547337123 8.68605055127825 8.7291385105678 8.72722693852016 8.70464842660087 8.66706998007638 8.62249115535191 8.58439745221819 8.55878966195243 8.52684797559466 8.47590678078788 8.41229833875384 8.3500235421317 8.2807491166251 8.25180762154715 8.22186579023089 8.17659091949463 8.12864971160889 8.04570824759347 7.97314255578177 7.91928618294852 7.86942958831787 7.84457322529384 7.8260498046875 7.79052679879325 7.74900361469814 7.73248045785086 7.74595730645316 7.76276772362845 7.78057745524815 7.77572093691145 7.74127721786499 7.6962457384382 7.7068806375776 7.76951544625418 7.83248370034354 7.86511884416853 7.90975393567766 7.93372195107596 7.95069020135062 7.98232500893729 8.05829347882952 8.13192871638707 8.16734674998692 8.19521502086094 8.25641632080078
8.53088869367327 8.59471484592983 8.64120728628976 8.6636996950422 8.66952569144113 8.7076849256243 8.71384402683803 8.69733687809535 8.66082927158901 8.58198847089495 8.57330894470215 8.55445684705462 8.50793756757464 8.45475224086216 8.41089984348842 8.35004779270717 8.29019580568586 8.24434328079224 8.19415828159877 8.10430574417114 8.03811979293823 7.9972677230835 7.92339372634888 7.89083099365234 7.87926816940308 7.86903858184814 7.84480905532837 7.82891300746373 7.81668329238892 7.79578760692051 7.79322460719517 7.78066178730556 7.78109877450126 7.8045357976641 7.76276724679129 7.70479215894427 7.76915073394775 7.84250906535557 7.86420113699777 7.89255946023124 7.92891788482666 7.96394273212978 7.97730125699724 8.02065971919468 8.08401802607945 8.15137638364519 8.19728544780186 8.24041250773839 8.31420523779733
8.47941303253174 8.55297660827637 8.61187389918736 8.62443787711007 8.64400114331927 8.68223135811942 8.68679523468018 8.63835866110665 8.61058902740479 8.56481919969831 8.57755293164935 8.56645693097796 8.52136053357806 8.47926385062081 8.42216791425433 8.33907209123884 8.24297557558332 8.16821275438581 8.10878317696708 8.08835363388062 8.06125743048532 8.01782778331212 7.97264501026699 7.93004260744367 7.90677343096052 7.89817087990897 7.88056802749634 7.87763254983085 7.86836344855172 7.83609424318586 7.81282493046352 7.79688923699515 7.79095349993025 7.81968416486468 7.7935904775347 7.76800564357213 7.81242104939052 7.84850304467337 7.85158457074847 7.88366617475237 7.93041494914464 7.98083005632673 8.01624529702323 8.05866050720215 8.14307580675398 8.21582439967564 8.26289102009365 8.31227615901402 8.38866138458252
8.45793737683977 8.51790578024728 8.57387351989746 8.59517519814628 8.60147639683315 8.62577819824219 8.61115510123117 8.59641252245222 8.58068248203823 8.58331721169608 8.57646410805838 8.5451237814767 8.51411669594901 8.47877652304513 8.39410277775356 8.23242950439453 8.09542226791382 8.06608213697161 8.09974193572998 8.09373494556972 8.06839452471052 8.03872094835554 8.01722969327654 7.97825390951974 7.92761182785034 7.9149695123945 7.90832757949829 7.88401855741228 7.85471023832049 7.83173431668963 7.81409236363002 7.8244502885001 7.84180784225464 7.83316584995815 7.80708054133824 7.80088588169643 7.82202414103917 7.83249650682722 7.86063507625035 7.9014402117048 7.9222457749503 7.9640509060451 8.03785644258772 8.11199481146676 8.17413350514003 8.2459385735648 8.2961631502424 8.33914014271327 8.41478334154401
8.38779490334647 8.44683429173061 8.52253981998989 8.54824597494943 8.55495194026402 8.54725197383336 8.55385344369071 8.57606955936977 8.58310862949916 8.56681442260742 8.54404190608433 8.50345747811454 8.46187332698277 8.4042888368879 8.2887043271746 8.14112022944859 8.09153577259609 8.11061825071062 8.09936700548444 8.06544964654105 8.02653196879796 8.00128085272653 8.01381431307111 7.99246563230242 7.95945024490356 7.94310201917376 7.91808680125645 7.87240518842425 7.85372298104422 7.83104119982038 7.83402592795236 7.84701088496617 7.85266208648682 7.83064712796892 7.82690416063581 7.81043236596244 7.83462803704398 7.87882382529123 7.93568563461304 7.95688111441476 7.93007612228394 7.94027165004185 8.03780051640102 8.1349960735866 8.20285763059344 8.25905336652483 8.29976872035435 8.33767093930926 8.37157276698521
8.29565259388515 8.34109646933419 8.41854013715472 8.45631681169782 8.46909400394985 8.51572813306536 8.5496758052281 8.53809111458915 8.51486832754953 8.49297877720424 8.48561940874372 8.46579115731376 8.41029630388532 8.32513461794172 8.27597304752895 8.20881114687238 8.16064929962158 8.14182083947318 8.13199247632708 8.09483064923968 8.04500232424055 8.00950751985822 8.00906569617135 7.96567746571132 7.94795594896589 7.94856759480068 7.92517954962594 7.88045774187361 7.87273638589042 7.87001466751099 7.83795969826835 7.84690482275827 7.84551681791033 7.84812838690622 7.85639381408691 7.85931260245187 7.88723155430385 7.95248399462019 7.97740241459438 7.9826546396528 7.98057358605521 7.9844925062997 8.06407785415649 8.16466351917812 8.21791594369071 8.24083471298218 8.27104112080165 8.29453461510795 8.28169543402536
6.47709362847464 8.25952509471348 8.32042878014701 8.33855465480259 8.40136282784598 8.55341734204974 8.5602651323591 8.50378009251186 8.4669611794608 8.44747611454555 8.44286400931222 8.42779159545898 8.38705253601074 8.32897996902466 8.27124071121216 8.20716844286237 8.15576280866351 8.14169025421143 8.14261790684291 8.10621213912964 8.07347324916295 8.02240031106131 7.98031711578369 7.9322225025722 7.91712781361171 7.90336656570435 7.9112719808306 7.89384419577462 7.89641639164516 7.89432198660714 7.8825603212629 7.85579919815063 7.84937109266009 7.85460996627808 7.86388383592878 7.87919296537127 7.91716854912894 7.95381041935512 7.98978628431048 8.02209506716047 8.06140436444964 8.10737991333008 8.15235553468977 8.19133104596819 8.20063992909023 8.2436158316476 8.26664652143206 8.27973215920585 8.29981769834246
-9999 -9999 8.28144454956055 8.27976397105626 8.31789793287005 8.48850590842111 8.51287978036063 8.42248548780169 8.39991596766881 8.38534614018032 8.38240773337228 8.36309977940151 8.33212566375732 8.2968179838998 8.23817702702114 8.18420267105103 8.14622851780483 8.13558762414115 8.11594636099679 8.07697221211025 8.03399801254272 7.98002345221383 7.94200645174299 7.90228073937552 7.89755507877895 7.90582908902849 7.89543662752424 7.8903773852757 7.89631843566895 7.92092568533761 7.89386674336025 7.88380765914917 7.89241504669189 7.90335634776524 7.92061935152326 7.9135388646807 7.90412487302508 7.90371070589338 7.97763013839722 8.0668831552778 8.11580201557704 8.1300550869533 8.14997448240008 8.17389379228864 8.19648006984166 8.2410661152431 8.28547593525478 8.3153760773795 8.35660914012364
-9999 -9999 -9999 -9999 8.04954086031232 8.02911826542446 8.16132020950317 8.28263214656285 8.28239849635533 8.29858929770333 8.31258399145944 8.29905005863735 8.25884914398193 8.23164864948818 8.18644775663103 8.14791393280029 8.13071305411203 8.08917937959943 8.03997823170253 8.0251111303057 8.00924348831177 7.98637614931379 7.95580128261021 7.93151909964425 7.9155706678118 7.87062181745257 7.84700659343175 7.87105805533273 7.87244279044015 7.88149424961635 7.88921199526106 7.89059686660767 7.91631473813738 7.91603285925729 7.92826679774693 7.92935030800956 7.8934337752206 7.87818418230329 7.94660077776228 8.04101773670742 8.09643466132028 8.13151815959385 8.15693521499634 8.20601865223476 8.25610222135271 8.28818546022688 8.3001959664481 8.32679952893938 8.37473637717111
