data/curr_env/bio3_avg_2010-2016.asc
NCOLS 664 
NROWS 380 
XLLCORNER 3.91666666666667 
YLLCORNER 55.3333333333333 
CELLSIZE 0.0416666666666667 
NODATA_value -9999 
[rows 286 to 307 of 380, columns 98 to 146 of 664]
27.1400933946882 27.7337987082345 27.710754939488 26.8621520996094 26.173312323434 26.2369798932757 26.0702708108085 26.0075874328613 26.3769228799003 26.7526291438511 27.8504137311663 28.5923965999058 27.8616215842111 26.6490791865758 26.5885876246861 27.240516935076 27.660349709647 27.6372364589146 27.6437745775495 26.8141392299107 26.0623989105225 26.009831564767 26.1780155726842 25.8031152997698 25.4351474217006 25.2953921726772 24.8667270115444 24.3017444610596 24.0796707698277 23.9019737243652 23.4974027361189 23.1043172563825 22.6805725097656 22.3094692230225 21.9049581800188 21.3797016143799 21.0903328486851 21.2430801391602 21.2296564919608 20.8663485390799 21.0629869188581 20.8043131147112 20.4382771083287 20.3859547206334 20.3479739597866 20.3519578661237 20.2911246163504 20.2214952196394 20.2291853768485
26.5664713723319 27.7324842725481 27.724743434361 26.6999634334019 26.1013556889125 26.9759229932513 26.272760118757 26.1957236698696 26.247394834246 26.8804719107492 27.8592335837228 28.6188319069999 28.0758266448975 26.7711023603167 26.3682177407401 26.3141956329346 26.5903440202985 26.8139642987932 27.0276023319789 27.1895419529506 26.5767010280064 26.1635001046317 26.2247873033796 26.0406540461949 25.6754003252302 25.3459023066929 24.865635735648 24.3276544298444 23.8567442212786 23.5453112465995 23.2499111720494 22.8325012751988 22.3616850716727 21.8608621869768 21.2665247235979 20.8760275159563 20.6098733629499 20.447185243879 20.9475457327706 20.8836577279227 20.3667534419468 20.0885538373675 20.0009332384382 20.0820277077811 20.00901222229 19.8295737675258 19.8084109170096 19.948435647147 19.8946642194475
26.8447723388672 27.7311826433454 27.8249334607806 27.5701032366071 26.8180187770299 26.7715358734131 26.4302861349923 26.2842151096889 26.8171855381557 27.8706207275391 28.4550372532436 28.7465784890311 28.4227335793631 27.1452402387347 26.1511966160366 25.9405310494559 25.9741840362549 26.6732818058559 27.0163775852748 27.0012544904436 26.6749049595424 26.3064512525286 26.0290925162179 25.6991895948138 25.2728543962751 24.9656560080392 24.6293659210205 24.2962875366211 23.8247849600656 23.2833069392613 22.9584789276123 22.5912102290562 22.0706015995571 21.467068535941 20.7638710566929 20.3985835484096 20.2021443503244 19.9431021554129 20.1857081821987 20.7110751015799 20.297968183245 19.8143427712577 19.7559833526611 19.7599506378174 19.7177835191999 19.5507439204625 19.399282182966 19.4249520983015 19.4463329315186
25.9001579284668 26.4455078669957 27.0392101832799 27.9332408905029 27.1990871429443 26.7459051949637 26.1086586543492 25.9284237452916 26.0674130575997 26.6401239122663 27.1561603546143 28.3564649309431 28.6910542079381 26.7178701673235 26.0929213932582 25.9105249132429 26.1441852024623 26.4373321533203 26.4059336526053 26.458882195609 26.4007538386754 26.0212121691023 25.6612905774798 25.2927420479911 24.8630564553397 24.5619261605399 24.2792113167899 24.0657291412354 23.6591314588274 23.0786190032959 22.7139388493129 22.2807873317174 21.791898727417 21.2009522574288 20.5955685206822 20.1589093889509 19.9892499106271 19.9947370801653 20.3298157283238 20.283763885498 19.9952005658831 19.6612843104771 19.528178351266 19.6508009774344 19.5483055114746 19.3561731066023 19.057719366891 18.894492830549 18.9355727604457
25.9337299891881 26.2891892024449 26.0323668888637 26.3646177564348 27.3639005933489 28.2694601331438 27.6273059844971 26.5422962733677 26.6806776864188 26.1906065259661 26.36780330113 28.31735093253 28.2648301805769 26.3690231868199 26.3512892041888 26.209739957537 26.1996285574777 26.4948534284319 26.6032987322126 26.595051084246 26.4194856371198 25.9670573643276 25.5478763580322 25.1428620474679 24.8097354343959 24.3836528233119 23.9618492126465 23.7657018389021 23.3514660426549 22.9111230032785 22.5754718780518 22.0840832846505 21.5442796434675 20.9931831359863 20.4395577566964 19.9775804792132 19.6883367810931 19.5415243421282 19.5931448255266 19.8177950722831 19.6726703643799 19.5274903433663 19.3845604487828 19.3469317299979 19.3259506225586 19.1391157422747 18.8756647109985 18.6819632393973 18.8097243990217
25.5920342036656 26.4271499088832 25.9275436401367 25.695253099714 25.9294526236398 26.9923695155552 27.9540353502546 26.9839927128383 27.008595602853 26.7823017665318 26.6649047306606 27.9079344613212 28.4879000527518 27.7053451538086 27.6039823804583 27.2393597194127 26.7213082994734 26.2854183741978 26.404997416905 26.2982142312186 26.2523114340646 26.0926178523472 25.7303311484201 25.3810729980469 25.0027572086879 24.4890654427665 23.9492566244943 23.5668193272182 23.0549196515765 22.6028439658029 22.2698980058943 21.9325686863491 21.4160357883998 20.8975473131452 20.4455372946603 20.0317922319685 19.8460963112967 19.8033918653216 19.5814541407994 19.3881555284773 19.3248225620815 19.2155265808105 19.1973326546805 18.9950278145926 19.2634143829346 19.230767931257 19.1697491237095 19.0766004834856 19.0173012869699
25.67659841265 26.206095286778 26.0311137608119 25.9670625414167 25.7911548614502 26.523736681257 27.1265978131975 27.6124373844692 27.4666647229876 27.0764743259975 27.5977401733398 28.1647445133754 28.6134183066232 28.357721056257 27.3540257045201 27.2803592681885 26.6728774479457 26.3838906969343 26.1051308768136 26.1768730708531 26.2027440752302 25.9252837044852 25.6820566994803 25.4290964944022 25.0073130471366 24.5322731563023 24.0428142547607 23.5145004817418 22.9916022164481 22.469707761492 22.1050499507359 21.8208157675607 21.3989601135254 20.8729692186628 20.5708994184222 20.3011646270752 20.0305001395089 19.8548300606864 19.6458911895752 19.4797919137137 19.3787247794015 19.3005597250802 -9999 18.7703495025635 19.2629950387137 19.528815133231 19.5798778533936 19.5258917127337 19.2514844621931
25.788811819894 25.9850360325405 26.0743895939418 26.0122585296631 26.6198460715158 26.8404570988246 26.6209681374686 27.2294039045061 27.9376948220389 27.7857385362898 27.8690340859549 28.1727082388742 28.2633495330811 27.7236818586077 27.6089970724923 27.2521395002093 26.710631779262 26.4905177525112 26.4276643480573 26.4497838701521 26.1629257202148 25.8087803976876 25.5041359492711 25.1882969992501 24.7975251334054 24.384026663644 23.9344190870013 23.5025021689279 23.1212411608015 22.7165854317801 22.3347546713693 21.9234139578683 21.4192314147949 20.8881312779018 20.4458996909005 20.1886969975063 19.9052576337542 19.7195322854178 19.5630632128034 19.4052094050816 -9999 -9999 -9999 -9999 19.3491589682443 -9999 18.0810986927577 -9999 -9999
25.8743784768241 25.8168623788016 25.8868642534528 25.4214807237898 25.6800752367292 27.0452240535191 27.5308810642787 27.1190507071359 27.0184920174735 27.1534846169608 27.5031073434012 27.6627431597028 27.7262630462646 27.7709505898612 27.5048375810896 27.3108872004918 27.0731075831822 26.8368445805141 26.5196661267962 26.1860057285854 25.9634230477469 25.6262032645089 25.329808643886 25.0025010790144 24.6737082345145 24.291656766619 23.9094576154436 23.5478610992432 23.1807744162423 22.7781372070312 22.3456156594413 21.8076989310128 21.3854836055211 20.9525124686105 20.5311854226249 20.0926426478795 19.7145560128348 19.5265827178955 19.3771841866629 19.0912660871233 -9999 -9999 -9999 -9999 -9999 -9999 -9999 -9999 -9999
25.3702776772635 26.0214519500732 26.6595720563616 25.9833782741002 25.8273906707764 26.2387343815395 27.2657517024449 27.9927362714495 27.6664714813232 27.2208221980504 27.1324122292655 27.2175388336182 27.5539771488735 27.650876726423 27.5110849652972 27.2492542266846 26.9942335401263 26.6859790257045 26.2164344787598 25.9682282039097 25.6927890777588 25.3538284301758 25.1608649662563 24.8411679949079 24.4567587716239 24.0918938773019 23.7261693137033 23.3221866062709 22.944945199149 22.5261110578265 21.9757456098284 21.6086218697684 21.2427073887416 21.0472602844238 20.7486817496163 20.307918548584 19.9167030879429 19.7095655713763 19.4802134377616 -9999 -9999 -9999 -9999 -9999 -9999 -9999 -9999 -9999 -9999
25.652708871024 26.1185024806431 26.4104674203055 26.8550363268171 26.826833997454 26.641826902117 26.5902584620884 26.9613105228969 27.0763942173549 27.6735262189593 27.6192441667829 27.3923285348075 27.5703585488456 27.4885390145438 27.2126334054129 26.9479416438511 26.7305137089321 26.3197503771101 26.0164484296526 25.5989085606166 25.2086816515241 24.9722009386335 24.9361223493304 24.744144984654 24.3381565638951 23.8958835601807 23.2972393035889 22.8168479374477 22.5471229553223 22.2908935546875 22.0562591552734 21.8007373809814 21.6141569955008 21.4334400721959 21.079521724156 20.5243443080357 -9999 -9999 -9999 -9999 -9999 -9999 -9999 -9999 -9999 -9999 -9999 -9999 -9999
25.6982604435512 26.4846970694406 26.8988614763532 26.6285948072161 27.0082332066127 27.5941077641078 27.0226108006069 26.865140914917 26.4705123901367 27.0627520424979 27.6249670301165 27.534489767892 27.4562326158796 27.270669392177 26.9001249585833 26.6568859645299 26.2779287610735 25.7914436885289 25.7308938162667 25.621637071882 25.2929633004325 25.0896873474121 24.8407669067383 24.4908638000488 24.1199373517718 23.6766417367118 23.0939761570522 22.7039179120745 22.5361191885812 22.3100076402937 22.2669342585972 22.0455572945731 21.8500407082694 21.5498559134347 -9999 -9999 -9999 -9999 -9999 -9999 -9999 -9999 -9999 -9999 -9999 -9999 -9999 -9999 -9999
25.8265045710972 26.0564896719796 26.8049278259277 27.1395263671875 27.0059016091483 27.5197380610875 27.5123329162598 27.5720067705427 27.37545640128 27.705942426409 27.7052007402693 27.4073821476528 27.098747253418 26.9330711364746 26.6928768157959 26.5160326276507 26.1480028969901 25.9620494842529 25.9356686728341 25.7504517691476 25.4691480909075 25.1042619432722 24.7105358668736 24.3303015572684 23.9233965192522 23.4579623086112 22.8129043579102 22.5161816733224 22.35771887643 22.3069237300328 22.247843333653 22.0478425707136 -9999 -9999 -9999 -9999 -9999 -9999 -9999 -9999 -9999 -9999 -9999 -9999 -9999 -9999 -9999 -9999 -9999
25.9783267974854 26.2169336591448 26.2193053109305 27.1670183454241 27.5184326171875 27.254558290754 27.3929301670619 27.5260497501918 27.6551690782819 27.5703890664237 27.2562225886754 26.9006241389683 26.8120572226388 26.6774744306292 26.2824753352574 26.2604149409703 26.2806167602539 26.0975848606655 25.8216958727155 25.5466354915074 25.246622630528 24.9373460497175 24.564304624285 24.1239542279925 23.7290592193604 23.354772567749 23.023896081107 22.8220184871129 22.5968753269741 22.4335201808384 -9999 -9999 -9999 -9999 -9999 -9999 -9999 -9999 -9999 -9999 -9999 -9999 -9999 -9999 -9999 -9999 -9999 -9999 -9999
25.6561009543283 26.2513926369803 26.6981863294329 26.9455599103655 27.3436995915004 27.5286867959159 27.4337177276611 27.5336974007743 27.5103378295898 27.4283954075405 27.1537058694022 27.0333276476179 26.8907375335693 26.5904026031494 26.1611502511161 26.1595807756696 26.126891544887 25.8887149265834 25.5064653669085 25.2339308602469 25.0252344948905 24.8027436392648 24.4284727913993 23.9774725777762 23.6271065303258 23.2804895128523 23.0561866760254 22.9502617972238 22.7928570338658 -9999 -9999 -9999 -9999 -9999 -9999 -9999 -9999 -9999 -9999 -9999 -9999 -9999 -9999 -9999 -9999 -9999 -9999 -9999 -9999
25.6933601924351 25.8520404270717 26.4261902400426 26.7844186510359 27.2463207244873 27.2299169812884 27.2809807913644 27.2408343723842 27.2621874128069 27.2029435294015 26.9644369397845 26.8259489876883 26.5844884599958 26.4465067727225 26.3696278163365 26.2237178257533 25.9518293653216 25.6053134373256 25.2668105534145 24.9895512717111 24.7553836277553 24.5248290470668 24.1580707005092 23.7283529554095 23.4734513419015 23.1297362191337 22.9819981711251 -9999 -9999 -9999 -9999 -9999 -9999 -9999 -9999 -9999 -9999 -9999 -9999 -9999 -9999 -9999 -9999 -9999 -9999 -9999 -9999 -9999 -9999
25.9508337293352 26.2730797358922 26.5369039263044 27.0689457484654 27.2677159990583 27.3307590484619 27.1473925454276 27.1047259739467 27.115964617048 26.9201788221087 26.609995160784 26.5391649518694 26.5287592751639 26.4215316772461 26.4144428798131 26.2248020172119 25.7802557264056 25.3481347220285 25.0827944619315 24.8312146323068 24.5209031786237 24.3205228533064 23.9252431052072 23.4726788657052 23.3688613346645 23.0776290893555 -9999 -9999 -9999 -9999 -9999 -9999 -9999 -9999 -9999 -9999 -9999 -9999 -9999 -9999 -9999 -9999 -9999 -9999 -9999 -9999 -9999 -9999 -9999
26.2248804909842 26.4504737854004 26.6519186837333 26.9925550733294 27.2205243791853 27.2598378317697 26.9507552555629 26.8723991939 26.8776784624372 26.552403313773 26.4550546918597 26.4597334180559 26.4428918021066 26.3587333134242 26.2562689099993 25.9906441824777 25.5935976845878 25.2329730987549 24.9361231667655 24.6331669943673 24.3403666360038 24.0733607155936 23.7881559644427 23.4668513706752 -9999 -9999 -9999 -9999 -9999 -9999 -9999 -9999 -9999 -9999 -9999 -9999 -9999 -9999 -9999 -9999 -9999 -9999 -9999 -9999 -9999 -9999 -9999 -9999 -9999
26.1838809422084 26.4495547158378 26.5915396554129 27.0238470349993 26.9362662179129 26.6854343414307 26.6177234649658 26.5711588178362 26.656757082258 26.3653376443045 26.3702370779855 26.3804721832275 26.2311466761998 26.1505930764335 26.0290835244315 25.7422052110944 25.4210515703474 25.0803895677839 24.6929315839495 24.3491818564279 24.0799715859549 23.8750226157052 23.7287082672119 -9999 -9999 -9999 -9999 -9999 -9999 -9999 -9999 -9999 -9999 -9999 -9999 -9999 -9999 -9999 -9999 -9999 -9999 -9999 -9999 -9999 -9999 -9999 -9999 -9999 -9999
26.5859573909215 26.7724920000349 26.8693398066929 26.7218965802874 26.6211490631104 26.5405445098877 26.6201986585345 26.7248813084194 26.5101449148996 26.4283697945731 26.1700720105852 26.0426074436733 25.9288305555071 25.7801897866385 25.716034752982 25.5546471732003 25.3103727613177 24.7789669036865 24.3663103921073 24.0732786996024 23.9273684365409 23.9019453866141 -9999 -9999 -9999 -9999 -9999 -9999 -9999 -9999 -9999 -9999 -9999 -9999 -9999 -9999 -9999 -9999 -9999 -9999 -9999 -9999 -9999 -9999 -9999 -9999 -9999 -9999 -9999
26.4603268759591 26.7388989584787 26.8551139831543 26.9551854814802 26.8103713989258 26.8579393114362 27.0463393075126 26.5407622201102 26.4044628143311 26.4490103040423 26.2534272330148 26.0056375776018 25.7851268223354 25.5692272186279 25.5425006321498 25.3968906402588 25.1050041743687 24.6362980433873 -9999 -9999 -9999 -9999 -9999 -9999 -9999 -9999 -9999 -9999 -9999 -9999 -9999 -9999 -9999 -9999 -9999 -9999 -9999 -9999 -9999 -9999 -9999 -9999 -9999 -9999 -9999 -9999 -9999 -9999 -9999
26.536570412772 26.8757228851318 26.8152193341936 26.8613335745675 27.1639186314174 27.3299478803362 26.9474026816232 26.7140968867711 26.4354030064174 26.2016626085554 26.2202908652169 26.0367862156459 25.809016091483 25.74941607884 25.5490414755685 25.1524513789586 24.9211556570871 -9999 -9999 -9999 -9999 -9999 -9999 -9999 -9999 -9999 -9999 -9999 -9999 -9999 -9999 -9999 -9999 -9999 -9999 -9999 -9999 -9999 -9999 -9999 -9999 -9999 -9999 -9999 -9999 -9999 -9999 -9999 -9999
