data/curr_env/bio3_avg_2010-2016.asc
NCOLS 664 
NROWS 380 
XLLCORNER 3.91666666666667 
YLLCORNER 55.3333333333333 
CELLSIZE 0.0416666666666667 
NODATA_value -9999 
[rows 286 to 307 of 380, columns 441 to 489 of 664]
-9999 -9999 -9999 -9999 -9999 -9999 -9999 -9999 -9999 -9999 -9999 -9999 -9999 -9999 -9999 -9999 -9999 -9999 -9999 -9999 -9999 -9999 -9999 -9999 -9999 -9999 -9999 -9999 -9999 19.0717302049909 19.3309661320278 19.587837764195 19.6209332602365 19.7393474578857 19.7671053750174 19.7455872126988 19.8720392499651 19.9754325321742 19.7804897853306 19.5755247388567 19.6010723114014 19.5639378683908 19.4907245635986 19.5390652247838 19.5472602844238 19.5376516069685 19.643185206822 19.7722108023507 19.8314914703369
-9999 -9999 -9999 -9999 -9999 -9999 -9999 -9999 -9999 -9999 -9999 -9999 -9999 -9999 -9999 -9999 -9999 -9999 -9999 -9999 -9999 -9999 -9999 -9999 -9999 -9999 -9999 -9999 19.3665215628488 19.4101576123919 19.5836478642055 19.8457134791783 20.0964772360665 20.2663337162563 20.3364086151123 20.3835740770612 20.4587639399937 20.4782276153564 20.3445944104876 20.291296005249 20.2759309496198 20.1030052730015 19.9017156873431 19.8481799534389 19.7767263139997 19.7637525285993 19.8699542454311 20.05237361363 20.1292552947998
-9999 -9999 -9999 -9999 -9999 -9999 -9999 -9999 -9999 -9999 -9999 -9999 -9999 -9999 -9999 -9999 -9999 -9999 -9999 -9999 -9999 -9999 -9999 -9999 -9999 -9999 -9999 -9999 -9999 19.7179816109794 19.9246354784284 20.238287789481 20.5454085213797 20.8223383767264 20.9252717154367 20.838402066912 20.8124675750732 20.928989137922 20.9718726021903 20.8736196245466 20.6886160714286 20.5297922406878 20.3094381604876 20.13925579616 20.0863998958043 20.0919189453125 20.2575539180211 20.3352538517543 20.3225544520787
-9999 -9999 -9999 -9999 -9999 -9999 -9999 17.152911731175 -9999 -9999 -9999 -9999 -9999 -9999 -9999 -9999 -9999 -9999 -9999 -9999 -9999 -9999 -9999 -9999 -9999 -9999 -9999 -9999 -9999 19.9228929792132 20.2303033556257 20.5583724975586 20.8016452789307 21.1143621717181 21.3452538081578 21.378101348877 21.3342881883894 21.375303540911 21.3559540339879 21.2567719050816 21.029933656965 20.798770904541 20.5557507106236 20.4137635912214 20.4643862588065 20.593348639352 20.5724443708147 20.5635702950614 20.5494213104248
-9999 -9999 -9999 -9999 -9999 -9999 17.4863775798253 17.8476792744228 17.8934783935547 17.7215882710048 -9999 -9999 -9999 -9999 -9999 -9999 -9999 -9999 -9999 -9999 17.4881837027413 17.6108083724976 -9999 -9999 -9999 -9999 -9999 19.4537315368652 19.7544664655413 20.1061981746129 20.4910738808768 20.9164436885289 21.1119888850621 21.3704193660191 21.6423743111747 21.8319604056222 21.9039235796247 21.7756328582764 21.6618764059884 21.567378452846 21.3318159920829 21.0087291172573 20.804912839617 20.6948299407959 20.6401658739362 20.7151331220354 20.6808185577393 20.7398019518171 20.7260704040527
-9999 -9999 -9999 -9999 18.3214980534145 18.6033744812012 18.7278485979353 18.416485105242 18.2939999444144 18.2612603051322 18.5319162096296 18.479273387364 -9999 -9999 -9999 -9999 -9999 -9999 -9999 17.8343708855765 18.0916339329311 18.1540746688843 18.5459074292864 18.8981004442487 19.0208666665213 19.0301077706473 19.1142084939139 19.4724148341588 19.8396263122559 20.2477179936 20.4899733407157 20.7388537270682 21.0832173483712 21.5534793308803 21.9310188293457 22.2577345711844 22.4193071637835 22.2945216042655 22.0414679391044 21.7887924739293 21.5819331577846 21.3632986886161 21.1664404187884 21.0782942090716 20.9001061575753 20.8098896571568 20.7253597804478 20.7487027304513 20.7734323229109
-9999 -9999 -9999 18.3491824013846 18.5123222896031 18.7555825369699 18.8045591626848 18.7673288072859 18.7698252541678 18.7738511221749 18.7516321454729 18.6411029270717 18.5441049848284 18.4462604522705 18.3661569867815 18.1246194839478 -9999 17.483404976981 -9999 -9999 18.2953262329102 18.5339317321777 18.7465087345668 18.9356444222587 19.0885165078299 19.0299595424107 18.9311785016741 19.5171187264579 19.8103460584368 20.2055710383824 20.3566889081682 20.7273992810931 21.190404347011 21.6998538970947 22.2374897003174 22.6856119973319 22.9311169215611 22.7683361598424 22.346467426845 21.993155343192 21.8714185442243 21.7083219800677 21.514107295445 21.3936606815883 21.247866494315 21.0554637908936 20.8275939396449 20.8156523023333 20.8536548614502
18.6689052581787 18.6500197819301 18.7347673688616 18.7862567901611 18.8223797934396 18.8860312870571 18.9100576128278 18.8787285940988 18.9055715288435 18.9386414119176 18.9726401737758 18.8574932643345 18.8118874686105 18.8111760275705 18.6490336826869 18.4232613699777 18.1262855529785 17.9360392434256 -9999 -9999 -9999 -9999 -9999 17.4755276271275 -9999 -9999 19.0489038739886 19.4767085484096 19.8602387564523 20.2427545275007 20.6273133414132 21.063109261649 21.5799827575684 21.9974125453404 22.3802743639265 22.7786590031215 23.0824554988316 22.9262242998396 22.5128688812256 22.2230867658343 22.1331536429269 21.912389755249 21.6772226606097 21.5092991420201 21.3535600389753 21.1737616402762 21.0542112077985 21.0376706804548 21.016232081822
18.7661353519985 18.6690622057234 18.6882043566023 18.7064023699079 18.7860295431955 18.8784869057792 18.9047254834856 18.9680412837437 19.1287103380476 19.1727368491037 19.0957153865269 19.0336325509208 19.041056224278 19.0696490151542 18.9206090654646 18.6746117728097 18.4766499655587 18.2668937955584 -9999 -9999 -9999 -9999 -9999 -9999 -9999 -9999 -9999 19.5795380728585 19.8894803183419 20.3917222704206 20.8122332436698 21.201927457537 21.6566995893206 21.94436781747 22.2298635755266 22.5711852482387 22.7699917384556 22.7801102229527 22.5939761570522 22.3511199951172 22.160576411656 21.9952141898019 21.8356947217669 21.6607246398926 21.3396451132638 21.2289902823312 21.2561792646136 21.1945517403739 21.161508832659
-9999 -9999 -9999 18.6381438119071 18.7545787266323 18.8023643493652 18.8846345629011 19.0620000021798 19.2260529654367 19.3362590244838 19.2728868212019 19.1577671595982 19.1357209341867 19.0020250592913 18.7386910574777 18.5674283163888 18.5506079537528 18.3070874895368 18.0463869912284 17.6631036485944 -9999 -9999 -9999 -9999 -9999 -9999 18.0144187382289 -9999 19.7844358171735 20.2242586953299 20.7537048884801 21.197021484375 21.4489013126918 21.6716782706124 22.0130506243025 22.4375321524484 22.5970355442592 22.5761160169329 22.5406267983573 22.438346862793 22.3087648664202 22.1104556492397 21.9129603249686 21.6394844055176 21.3457848685128 21.2617612566267 21.3130803789411 21.2392052241734 21.2098029000419
-9999 -9999 -9999 -9999 18.8001853397914 18.9885480063302 19.1447822025844 19.2860982077462 19.4078761509487 19.4027246747698 19.2077037266323 18.7982036045619 18.4416002546038 18.3568123408726 18.2740354537964 18.0202116285052 17.1420995167324 17.4271181651524 17.6104955673218 17.3128028597151 17.4973820277623 -9999 -9999 -9999 -9999 -9999 18.4653756277902 18.8215214865548 19.3701681409563 20.0439123426165 20.5514283861433 20.9089559827532 21.151772907802 21.4780368804932 21.8660561697824 22.2671737670898 22.4215908050537 22.4204883575439 22.3593613760812 22.3007575443813 22.2216448102679 22.1540350232806 21.9263493674142 21.6824749537877 21.4433236803327 21.3587466648647 21.377050944737 21.3686782291957 21.2732492174421
-9999 -9999 -9999 18.5606389726911 18.8783386775426 19.1908405848912 19.3348230634417 19.3201040540423 19.3579918997628 19.1945065089634 18.9885068620954 18.539461680821 18.4326754978725 18.2241285869053 18.1387003489903 -9999 -9999 -9999 17.2680008752005 17.3860867364066 -9999 17.3987973076957 -9999 -9999 -9999 17.6401835850307 -9999 -9999 19.4229967934745 19.9282727922712 20.3566935403006 20.6607600620815 20.8932356153216 21.1255032675607 21.6767357417515 21.9019641876221 22.1338138580322 22.2445828574044 22.2642846788679 22.2110849108015 22.1505034310477 22.1051698412214 21.8932358877999 21.6610848563058 21.4924872262137 21.4985267094203 21.5511237553188 21.3925917489188 21.2071440560477
-9999 -9999 -9999 -9999 18.6233452388218 19.0194293430873 19.2724448612758 19.3699477059501 19.3133158002581 19.098085130964 -9999 -9999 -9999 -9999 -9999 -9999 -9999 -9999 -9999 -9999 -9999 -9999 -9999 -9999 -9999 -9999 -9999 -9999 -9999 19.6951999664307 19.7313412257603 20.1578535352434 20.6561889648438 20.9750322614397 21.2723546709333 21.6349190303258 21.9313365391323 22.1433206285749 22.1935721806117 22.1826883043562 22.1430170876639 22.090729032244 21.923363004412 21.7248379843576 21.5746530805315 21.649808883667 21.6928661891392 21.4719309125628 21.3293473379953
-9999 -9999 -9999 -9999 18.6748109545027 19.1096523829869 19.335820879255 19.3767855507987 19.2094034467425 -9999 -9999 -9999 -9999 -9999 -9999 -9999 -9999 -9999 -9999 -9999 19.0018438611712 19.0584392547607 19.0700969696045 -9999 -9999 -9999 17.6021228517805 -9999 -9999 19.6533949715751 19.9446727207729 20.2678952898298 20.5813143593924 20.9191681998117 21.1816422598703 21.4973337990897 21.8019537244524 21.9845551082066 22.011534009661 21.9563614981515 21.8794849940709 21.8064267294747 21.6842744009835 21.5709977831159 21.7130938938686 21.7265319824219 21.5670648302351 21.4023224966867 21.3730648585728
-9999 -9999 -9999 -9999 -9999 18.9228965214321 18.6352135794503 -9999 -9999 -9999 -9999 -9999 -9999 -9999 -9999 -9999 -9999 18.4329471588135 -9999 -9999 19.1174850463867 19.3013406481062 19.399311883109 19.4123009272984 19.1041346958705 18.6058014460972 -9999 17.4137401580811 -9999 19.4049944196429 19.8991298675537 20.3124354226249 20.4867738996233 20.7189568110875 20.975987298148 21.1585213797433 21.3602079663958 21.5887399400984 21.7203055790492 21.7658190046038 21.7499114445278 21.6670137132917 21.5184609549386 21.435646874564 21.5147996629987 21.4901169368199 21.3105626787458 21.1674627576556 21.0112002236503
-9999 -9999 -9999 -9999 18.9549606868199 19.0219162532261 18.9385335104806 18.8330786568778 -9999 18.5536556243896 18.6364282880511 18.8176296779088 19.0194563184466 19.1072425842285 19.1000161852155 19.1991983141218 19.079865864345 18.927579334804 18.8862214769636 19.1361509050642 19.3029956817627 19.4386858258929 19.6107150486537 19.6867198944092 19.2950611114502 18.7438231876918 -9999 -9999 -9999 19.0588457924979 19.4374403272356 20.020681653704 20.3734896523612 20.5748432704381 20.7505841936384 20.9208853585379 21.1441454206194 21.4333389827183 21.5844554901123 21.5496967860631 21.4412506648472 21.377320425851 21.3549425942557 21.2184881482806 21.1829286302839 21.2159892490932 21.1766488211496 21.0244636535645 20.8713476998465
18.8345481327602 19.00836454119 19.121616091047 19.1389124734061 19.2616727011544 19.4629186902727 19.466758455549 19.4055854252407 19.294894354684 19.3014390127999 19.3115087236677 19.3804879869734 19.5351216452462 19.6225046430315 19.6915160587856 19.7353036063058 19.6407882145473 19.4993689400809 19.4315289088658 19.3420412881034 19.2508457728795 19.570182800293 19.6196024758475 19.5417246137347 19.3415322984968 18.9344594138009 18.6231861114502 18.3656230654035 -9999 18.6605047498431 19.0317856924874 19.7603092193604 20.1884929112026 20.4774355207171 20.7874009268624 20.9701080322266 21.1453225272042 21.2976303100586 21.4306280953544 21.412070955549 21.292113167899 21.2498177119664 21.2996373857771 21.2503702981131 21.1787711552211 21.1165237426758 21.0284047807966 20.8889326368059 20.7310701097761
19.0046209607806 19.2483863830566 19.355959211077 19.4303951263428 19.6511778150286 19.8280427115304 19.8056537083217 19.8213988712856 19.8057052067348 19.922630582537 20.026114327567 20.075560433524 20.1444574083601 20.1953988756452 20.2390635354178 20.2903731209891 20.288612638201 20.1410029275077 19.9351019178118 19.7411144801549 19.5501482827323 19.3317328861782 19.377146584647 19.220242364066 19.2054713112967 18.9353054591588 18.7078963688442 -9999 -9999 -9999 -9999 19.7267401559012 20.0028027125767 20.3109267098563 20.635701588222 20.9708014896938 21.070429120745 21.0621544974191 21.0793685913086 21.0762413569859 21.0799999237061 21.1974081311907 21.2650119236537 21.2900175367083 21.2797464643206 21.1273833683559 20.957281930106 20.8277165549142 20.7022081102644
19.4200401306152 19.6685079847063 19.7393406459263 19.8041744232178 19.9953498840332 20.0837819235665 20.2268924713135 20.2579773494176 20.2530384063721 20.2950207846505 20.2877930232457 20.3420677185059 20.4713159288679 20.4902199336461 20.4811880929129 20.4904812404088 20.4970673152379 20.3635204860142 20.2263810294015 19.988731111799 19.5976290021624 19.2696680341448 18.982702255249 18.6713788168771 18.6327250344413 18.8319565909249 -9999 -9999 -9999 -9999 -9999 -9999 -9999 19.950645174299 20.2825172969273 20.6948828016009 20.8040482657296 20.7261202675956 20.6782177516392 20.683687210083 20.825829914638 21.0322644369943 21.208950315203 21.2502735682896 21.1755406515939 20.9065036773682 20.7396417345319 20.6513786315918 20.5737389155797
19.6737679072789 19.8438638959612 19.9297245570592 20.0483719961984 20.21216910226 20.3103038242885 20.4985218048096 20.5354475293841 20.5051997048514 20.4653788975307 20.368633542742 20.4632434844971 20.6691831861223 20.6201817648751 20.5871546609061 20.4979978288923 20.4027892521449 20.3006441933768 20.0321630750384 19.7547062465123 19.5437038966588 19.0315170288086 18.9386245182582 18.6490012577602 18.5113184792655 -9999 -9999 -9999 -9999 -9999 -9999 -9999 -9999 19.6218555995396 19.9438648223877 20.3328364236014 20.524961744036 20.4964528764997 20.4986422402518 20.5340194702148 20.6132259368896 20.6980653490339 20.8536237989153 20.8252669743129 20.7398668016706 20.4786837441581 20.3673962184361 20.3525502341134 20.3702101026263
19.7024203709194 19.8444459097726 20.0501804351807 20.2486896514893 20.3265424455915 20.3928677695138 20.4547563280378 20.5060479300363 20.4262008666992 20.4247308458601 20.5069847106934 20.6372612544468 20.7636457170759 20.7111050742013 20.5791331699916 20.3403976985386 20.1473246983119 20.0741980416434 19.7387272971017 19.4853164127895 -9999 -9999 -9999 -9999 -9999 -9999 -9999 -9999 -9999 -9999 -9999 -9999 -9999 -9999 19.7092851911272 19.9999621255057 20.3228977748326 20.4734189169747 20.4505209241595 20.380337033953 20.3718122754778 20.4288082122803 20.3835533687047 20.2890311649867 20.1705191476004 20.0241876329694 20.0869148799351 20.1616655077253 20.1980187552316
19.9691202981131 20.0026397705078 20.2822480882917 20.4793428693499 20.4879853384835 20.4548315320696 20.5774198259626 20.5576858520508 20.4620443071638 20.5039648328509 20.6253828321184 20.7518757411412 20.7499446868896 20.5724604470389 20.3269620622907 20.1713785443987 19.8981410435268 19.9626301356724 -9999 -9999 -9999 -9999 -9999 -9999 -9999 -9999 -9999 -9999 -9999 -9999 -9999 -9999 -9999 -9999 19.6249365125384 19.8127065386091 20.1772166660854 20.4201654706682 20.3602335793631 20.2083647591727 20.2102802821568 20.3211926051549 20.2954687391009 20.1606118338449 19.9493566240583 19.8999680110386 19.9460391998291 19.9578353336879 20.0442363194057
