data/curr_env/bio3_avg_2010-2016.asc
NCOLS 664 
NROWS 380 
XLLCORNER 3.91666666666667 
YLLCORNER 55.3333333333333 
CELLSIZE 0.0416666666666667 
NODATA_value -9999 
[rows 330 to 351 of 380, columns 98 to 146 of 664]
-9999 -9999 -9999 -9999 -9999 -9999 -9999 -9999 -9999 -9999 -9999 -9999 -9999 -9999 -9999 -9999 -9999 -9999 -9999 -9999 -9999 -9999 -9999 -9999 -9999 -9999 -9999 -9999 -9999 -9999 -9999 -9999 -9999 -9999 -9999 -9999 -9999 -9999 -9999 -9999 -9999 26.9548001970564 27.0567834036691 27.2697045462472 27.3336980002267 27.4048159463065 27.3745762961251 27.2312436785017 27.1330601828439
-9999 -9999 -9999 -9999 -9999 -9999 -9999 -9999 -9999 -9999 -9999 -9999 -9999 -9999 -9999 -9999 -9999 -9999 -9999 -9999 -9999 -9999 -9999 -9999 -9999 -9999 -9999 -9999 -9999 -9999 -9999 -9999 -9999 -9999 -9999 -9999 -9999 -9999 -9999 -9999 27.3956658499581 27.4179564884731 27.5438662937709 27.5854982648577 27.6146872384208 27.5867786407471 27.5632125309535 27.4743259974888 27.4204932621547
-9999 -9999 -9999 -9999 -9999 -9999 -9999 -9999 -9999 -9999 -9999 -9999 -9999 -9999 -9999 -9999 -9999 -9999 -9999 -9999 -9999 -9999 -9999 -9999 -9999 -9999 -9999 -9999 -9999 -9999 -9999 -9999 -9999 -9999 -9999 -9999 -9999 -9999 -9999 27.7915954589844 27.7730083465576 27.8940345219203 27.9794128962926 27.999492917742 27.9909291948591 27.9628456660679 27.8780820029122 27.7440594264439 27.6729907989502
-9999 -9999 -9999 -9999 -9999 -9999 -9999 -9999 -9999 -9999 -9999 -9999 -9999 -9999 -9999 -9999 -9999 -9999 -9999 -9999 -9999 -9999 -9999 -9999 -9999 -9999 -9999 -9999 -9999 -9999 -9999 -9999 -9999 -9999 -9999 -9999 -9999 28.0862778254918 28.0070430210658 28.1106679098947 28.1500802721296 28.3278669629778 28.5262377602713 28.6588230133057 28.6779926845006 28.4722578866141 28.2766688210624 28.1575238364083 28.0206661224365
-9999 -9999 -9999 -9999 -9999 -9999 -9999 -9999 -9999 -9999 -9999 -9999 -9999 -9999 -9999 -9999 -9999 -9999 -9999 -9999 -9999 -9999 -9999 -9999 -9999 -9999 -9999 -9999 -9999 -9999 -9999 -9999 -9999 -9999 -9999 -9999 28.3659076690674 28.2660530635289 28.3609714508057 28.5256511143276 28.5405791146415 28.6793567112514 28.986362184797 29.2107045309884 29.1150041307722 28.8482194628034 28.6593352726528 28.5467763628278 28.4464383806501
-9999 -9999 -9999 -9999 -9999 -9999 -9999 -9999 -9999 -9999 -9999 -9999 -9999 -9999 -9999 -9999 -9999 -9999 -9999 -9999 -9999 -9999 -9999 -9999 -9999 -9999 -9999 -9999 -9999 -9999 -9999 -9999 -9999 -9999 28.4255883353097 28.5420011792864 28.5546757834298 28.5181372506278 28.6755896977016 28.71542767116 28.7801565442766 28.8515755789621 29.0631855555943 29.2191870553153 29.082649230957 28.9063584463937 28.7218638828823 28.6067360469273 28.5005046299526
-9999 -9999 -9999 -9999 -9999 -9999 -9999 -9999 -9999 -9999 -9999 -9999 -9999 -9999 -9999 -9999 -9999 -9999 -9999 -9999 -9999 27.6635409763881 27.5857306889125 27.4808344159807 27.3596403939383 27.2098930903843 27.6287738255092 27.9463961465018 28.2040786743164 28.3529584067208 28.3159190586635 28.1540314810617 28.1860463278634 28.3309947422573 28.4414302280971 28.585581098284 28.6512039729527 28.6951043265206 28.7189971378871 28.7063489641462 28.7831164768764 28.8738615853446 28.9051941462926 28.8876786913191 28.9325637817383 28.8800027029855 28.6578426361084 28.457638331822 28.2098655700684
-9999 -9999 -9999 -9999 -9999 -9999 -9999 -9999 -9999 -9999 -9999 -9999 -9999 26.7049713134766 26.6672818320138 26.5335529872349 26.7915957314628 27.1699011666434 27.3253838675363 27.3759667532785 27.4361092703683 27.6221446990967 27.6688289642334 27.5335249219622 27.2251058306013 27.1902716500419 27.9323986598424 28.1900378635951 28.3949988228934 28.5241437639509 28.411232812064 28.3550257001604 28.4552514212472 28.3851021357945 28.4755159105573 28.6054216112409 28.6225545065744 28.4798197065081 28.2832085745675 28.1456083570208 28.2768462044852 28.4097349984305 28.4120458875384 28.3155743735177 28.6080515725272 28.7898464202881 28.6255814688546 28.4799224308559 28.3142059871129
-9999 -9999 -9999 -9999 -9999 -9999 -9999 -9999 -9999 -9999 -9999 -9999 26.5269211360386 26.6175117492676 26.6197678702218 26.6541246686663 27.0482948848179 27.3701449802944 27.51581627982 27.5401221684047 27.5990774972098 27.5970682416643 27.2317998068673 26.9928158351353 26.9715183803013 26.8629087720598 27.4168946402413 27.886105128697 28.2816840580532 28.4190739222935 28.4427171434675 28.4352869306292 28.4297855922154 28.4058094024658 28.3970195225307 28.2916881016323 28.0638242449079 27.6742458343506 27.266425541469 27.0510809762137 27.1264046260289 27.4896722521101 27.7595653533936 27.6284471239362 28.0380120958601 28.4383637564523 28.4500356401716 28.2953728267125 28.1943302154541
-9999 -9999 -9999 -9999 -9999 -9999 -9999 -9999 -9999 -9999 26.1944969722203 26.2190704345703 26.1416980198451 25.9532814025879 26.2029160090855 26.5523005894252 26.9215842655727 27.1746014186314 27.3454058510917 27.38629422869 27.1275264195033 26.7585986001151 26.5165628705706 26.3472805023193 26.3157103402274 26.031453541347 26.1003886631557 26.6603785923549 27.2387439182826 27.888571875436 28.2298205239432 28.2026634216309 27.965311050415 27.8076948438372 27.6436939239502 27.3880244663783 27.0199808393206 26.0104310171945 -9999 27.4619527544294 27.9368348802839 28.6556118556431 28.9080396379743 28.9487190246582 29.0093359266009 28.957394191197 28.8746321541922 28.8189552852086 28.8274462563651
-9999 -9999 -9999 -9999 -9999 -9999 -9999 -9999 -9999 26.1726891653878 26.3292909349714 26.4712524414062 26.3912266322545 26.3766969953265 26.5685659136091 26.7552781786237 26.8591897147042 26.9586827414376 26.9692260197231 26.8037542615618 26.3477916717529 25.6714695521763 25.3554096221924 -9999 -9999 -9999 -9999 -9999 -9999 26.7434550694057 27.1496977124895 27.9162679399763 28.2549152374268 28.5334745134626 28.605772290911 28.6422939300537 28.0837775639125 27.1089771815709 27.4897896902902 27.9868929726737 28.7031773158482 28.9413340432303 29.1032818385533 29.1430416107178 29.2110445840018 29.1833812168666 29.0525537218366 28.9278504507882 28.8463303702218
-9999 -9999 -9999 -9999 -9999 -9999 -9999 25.5143699645996 26.275919505528 26.5082757132394 26.6310032435826 26.7052127293178 26.774868283953 26.8801918029785 26.8018044063023 26.5043250492641 26.141138621739 26.0283832550049 25.8915642329625 24.7017214638846 25.4568721226283 26.1077709197998 26.2995932442801 -9999 -9999 -9999 -9999 -9999 26.0609370640346 27.0473799024309 27.9657816205706 28.4809662955148 28.6885994502476 28.9690641675677 29.1321081433977 29.194244657244 28.6931056976318 28.2849205562047 28.47679574149 28.8365478515625 28.9837237766811 29.0260562896729 29.1747234889439 29.0481046949114 29.0777064732143 29.2261821201869 29.0738037654332 28.9151366097587 28.7919995444162
-9999 -9999 -9999 -9999 -9999 -9999 -9999 25.8648918696812 26.304908479963 26.5413932800293 26.6954778943743 26.8435570853097 26.8969947269985 26.9236910683768 26.6542570931571 25.8881925855364 25.017071042742 25.0588667733329 25.3817631857736 25.9362038203648 26.2625827789307 26.5349805014474 -9999 -9999 -9999 24.9390174320766 25.0440815516881 -9999 26.674855368478 27.9015660967146 28.476337160383 28.8016283852713 28.9676946912493 29.1294503893171 29.2080478668213 29.2395379202706 29.0927630833217 29.0209034511021 29.104061126709 29.201721736363 29.1890427725656 29.1056616646903 29.1014071873256 29.1523366655622 29.2385646275112 29.1927430289132 29.045289175851 29.017202104841 28.9682431902204
-9999 -9999 -9999 -9999 -9999 -9999 25.2638890402658 26.0795249938965 26.4505677904402 26.3904042925153 26.5237473079136 26.7949526650565 26.8552913665771 26.8118809291295 26.4757856641497 25.8961462293352 26.1621140071324 26.4627148764474 26.7165377480643 26.8776809147426 26.7083881923131 25.9495081220354 -9999 25.0585645948138 25.3099978310721 25.3589581080845 -9999 -9999 26.6323991503034 27.8832067762102 28.6453331538609 28.9553138187953 29.000511441912 29.1282721928188 29.156806400844 29.1782975878034 29.259377343314 29.3449559892927 29.3032098497663 29.3009861537388 29.2287802015032 29.0668386731829 28.9626562935965 29.0608013698033 28.9720363616943 28.8629207611084 28.8831928798131 28.9229679107666 28.9827608380999
-9999 -9999 -9999 -9999 -9999 23.0289598192487 24.345408303397 25.6779275621687 26.3031638009208 26.4936825888497 26.4706938607352 26.4895262037005 26.3301214490618 26.1622494288853 25.5574286324637 25.7882058279855 26.6605031149728 27.1516690935407 27.3316925593785 27.3079441615513 26.8237070356097 -9999 25.9658088684082 25.8964811052595 26.1071978977748 25.8358067103795 -9999 -9999 26.8604442051479 28.085572378976 28.7493792942592 29.0190500531878 29.0976292746408 29.2486133575439 29.3087771279471 29.3285980224609 29.3413312094552 29.3626196725028 29.3538744790213 29.338296345302 29.2377703530448 28.9766875675746 28.7215540749686 28.6157158442906 28.4241079602923 28.3922214508057 28.4501544407436 28.5538845062256 28.7573928833008
-9999 -9999 -9999 -9999 -9999 22.7447577885219 24.0823176247733 25.3470093863351 26.0111803327288 26.3118457794189 26.1652178083147 25.4705630711147 24.6703262329102 25.2015405382429 25.6198231833322 26.1161774226597 26.7308706556048 27.106929234096 27.2830366407122 27.3957290649414 27.0095762525286 26.2101320539202 26.5247838156564 27.4207815442766 27.6423429761614 27.2335548400879 26.590729032244 -9999 27.0955919538225 28.1653039114816 28.7768603733608 29.0618201664516 29.2189020429339 29.3403963361468 29.4248984200614 29.433693749564 29.4157592228481 29.3995780944824 29.3342734745571 29.2157794407436 29.0804952893938 28.8341061728341 28.6012341635568 28.4557042803083 28.4370509556362 28.5883301326207 28.6106856209891 28.6326086861747 28.7350341251918
-9999 -9999 -9999 -9999 -9999 22.2643345424107 -9999 24.9197172437395 25.4344155447824 25.632732118879 25.4679192134312 25.0670732770647 24.2705726623535 24.9904689788818 25.5695310320173 26.1152643476214 26.4406024387905 26.5340107509068 26.4961395263672 27.0043193272182 26.5687942504883 26.6877427782331 27.4256662641253 28.1696687425886 28.289516721453 28.2584904261998 27.6092703683036 26.714601789202 26.9845395769392 27.6301743643624 27.9633295876639 28.4408493041992 29.0521673474993 29.3317448752267 29.4516617911203 29.4431490216936 29.4270831516811 29.4498645237514 29.3623341151646 29.2519226074219 29.1059951782227 28.9849690028599 28.8679558890206 28.7892829350063 28.8072765895299 28.8965851919992 28.9666900634766 28.8240895952497 28.5459420340402
-9999 -9999 -9999 -9999 21.3949416024344 21.4799197060721 -9999 -9999 24.6394604274205 25.1567559923444 25.0481981549944 25.0556335449219 25.1991070338658 25.1679627554757 24.738064629691 25.0101326533726 25.3739762987409 25.558969770159 25.6935907091413 26.6536355699812 27.2335758209229 27.5991063799177 27.9089211055211 28.2895630427769 28.3457753317697 28.093930380685 27.4444792611258 26.9448732648577 26.5375837598528 26.9492522648403 26.9412046160017 27.5565190996443 28.673868724278 29.289510181972 29.4281763349261 29.4541909354074 29.4112676892962 29.3795351300921 29.3528398786272 29.3001221248082 29.2215385437012 29.145373753139 29.0836331503732 28.9310253688267 28.753917149135 28.6935749053955 28.6636420658657 28.5736677987235 28.2775080544608
-9999 -9999 -9999 21.9487931387765 21.8888274601528 22.3177193232945 -9999 -9999 -9999 -9999 25.1511530194964 25.2958014351981 25.4336632319859 25.3018915993827 24.6562971387591 24.1927637372698 -9999 26.1160278320312 26.4968534197126 27.2756500244141 27.8473982129778 28.0103337424142 28.1511331285749 28.3201149531773 28.0736192975725 27.4548304421561 26.8565213339669 27.2438564300537 -9999 27.9919444492885 -9999 27.7925829206194 28.6929106031145 29.239707674299 29.4219826289586 29.4024205889021 29.3469671521868 29.2784846169608 29.2612838745117 29.1660911015102 29.0991200038365 28.9899545397077 28.9165701184954 28.7678391592843 28.4958972930908 28.4562029157366 28.4804859161377 28.3870792388916 28.3348445892334
-9999 -9999 -9999 22.1365258353097 22.6917983463832 23.0156214577811 23.288234438215 23.3344576699393 -9999 -9999 -9999 -9999 24.8363562992641 24.6352751595633 24.1150945935931 23.6216613224574 24.5832009996687 25.6599322727748 26.88010597229 27.6073842729841 27.9769009181431 28.1172365461077 28.2470673152379 28.3745367867606 27.9178254263742 26.8118422372001 27.8922184535435 28.4577993665423 28.8214269365583 28.8892699650356 28.3967830113002 28.2913387843541 28.8542273385184 29.2690307072231 29.4864251273019 29.5002814701625 29.4423593793597 29.3054632459368 29.1436189923968 29.0105757032122 28.9741368974958 28.9827959878104 28.8861713409424 28.8073771340506 28.6775602613177 28.7030898502895 28.807710647583 28.8273465292794 28.7326425824847
-9999 -9999 -9999 21.9016462053571 22.6050747462681 23.1793226514544 23.4793330601283 23.7588558197021 24.0301347460066 24.4088796888079 24.7209102085658 24.9155104500907 24.6583480834961 24.5493234906878 23.690147127424 23.8678349086217 -9999 24.8414519173758 26.3022529057094 27.4918166569301 28.1261850084577 28.3521426064628 28.4777050018311 28.6959852491106 28.5838257925851 28.5138029370989 28.8908642360142 29.3433709825788 29.4556042807443 29.2646557944162 28.7928300585066 28.1338005065918 28.4670314788818 29.1377048492432 29.4981850215367 29.5404823848179 29.4252891540527 29.1968822479248 28.9729772295271 28.7394820622035 28.7167669023786 28.9501506260463 28.9913038526263 28.925628389631 28.7781186785017 28.7079503195626 28.6659273420061 28.7381687164307 28.7722219739641
-9999 -9999 22.0533245631627 22.2496054513114 22.8391369410924 23.2722494942801 23.6242005484445 23.9598933628627 24.3055948529925 24.6016663142613 24.8909200940813 25.1199447086879 25.3014210292271 25.0670863560268 24.4207401275635 23.7068287985665 -9999 24.9559429713658 26.4567323412214 27.7130374908447 28.1045543125698 28.1853820255824 28.5481630052839 29.0036645616804 29.133321762085 29.2851123809814 29.3513453347342 29.5022648402623 29.5578455243792 29.5578577859061 29.4660797119141 29.1754510062081 29.1090450286865 29.315671648298 29.3639207567487 29.324868610927 29.1954874311175 28.9852474757603 28.7702669416155 28.6599412645612 28.8161130632673 28.8083234514509 28.7138579232352 28.6290076119559 28.7114470345633 28.5864178793771 28.4923310961042 28.5232129778181 28.60570199149
