data/curr_env/bio3_avg_2010-2016.asc
NCOLS 664 
NROWS 380 
XLLCORNER 3.91666666666667 
YLLCORNER 55.3333333333333 
CELLSIZE 0.0416666666666667 
NODATA_value -9999 
[rows 176 to 197 of 380, columns 441 to 489 of 664]
-9999 -9999 -9999 -9999 -9999 -9999 -9999 16.4625981194632 16.456068447658 16.7199557168143 16.9916997637068 17.2249759946551 17.3004373822893 17.3337595803397 17.3822505133493 17.5051453454154 17.5101287024362 17.6267574855259 17.9709633418492 18.2040266309466 18.3806231362479 18.4831957135882 18.5263731820243 18.5486322130476 18.6623878479004 18.7734486716134 18.8376290457589 18.8930347987584 19.0127876826695 19.0770211900984 19.2273096357073 19.3687962123326 19.5408145359584 19.6773523603167 19.843811580113 20.0097686222621 20.2283178056989 20.3685515267508 20.4924572535924 20.6117580958775 20.8025747026716 20.9667004176549 21.1159373692104 21.2001767839704 21.309786932809 21.4034088679722 21.5088811601911 21.6728755405971 21.8068798610142
-9999 -9999 -9999 -9999 -9999 -9999 16.5230899538313 16.5651520320347 16.5708017349243 16.8552891867501 17.2516844613212 17.4653911590576 17.5134135654994 17.4987534114293 17.4848200934274 17.7229533876692 18.0164173671177 18.2508885519845 18.4304354531424 18.5901015145438 18.8225776127407 18.9349337986537 18.9500530787877 18.9469648088728 19.0020068032401 19.1072905404227 19.1985078539167 19.2585683550153 19.342200415475 19.4898488180978 19.5978897639683 19.7246107373919 19.8512892041888 19.9579416002546 20.0735598972866 20.2434978485107 20.4551642281669 20.5961418151855 20.729218346732 20.8685646057129 20.9960921151297 21.0908829825265 21.2197952270508 21.3030316489083 21.3711139133998 21.4560339791434 21.5743364606585 21.7565084184919 21.873651776995
-9999 -9999 -9999 -9999 -9999 -9999 16.7640577043806 16.759402683803 16.7189961842128 17.1772324698312 17.4264939171927 17.4525762285505 17.2443613324847 17.3870293753488 17.7809562683105 18.2681743076869 18.6715641021729 18.8902451651437 18.9559565952846 19.0347769601004 19.201318195888 19.2834061213902 19.2813712528774 19.304252079555 19.3914928436279 19.4744371686663 19.5327660696847 19.5971142905099 19.670085634504 19.7963036128453 19.8817274911063 19.9788164411272 20.0858407701765 20.2129614693778 20.3328914642334 20.4824883597238 20.6068752833775 20.762033190046 20.8703340802874 21.0225655691964 21.1044930049351 21.1863842010498 21.3117256164551 21.406370980399 21.469380242484 21.5751563480922 21.7219121115548 21.8510142735073 21.905844279698
-9999 -9999 -9999 -9999 -9999 -9999 17.2303236552647 17.3674312319074 17.5316246577672 17.81338092259 17.9957883017404 17.9005745479039 17.6990190233503 17.9361422402518 18.4455484662737 18.8592060634068 19.1129899706159 19.2321946280343 19.3000188555036 19.394665309361 19.4830281393869 19.5521436418806 19.6228163582938 19.6997792380197 19.739064352853 19.7503967285156 19.7561945234026 19.7410360063825 19.7931379590716 19.9232660021101 20.0323194776263 20.1768196650914 20.3441355569022 20.5082334790911 20.6217564174107 20.7609743390765 20.8770858219692 21.0034185137068 21.0885225023542 21.1417615073068 21.1803550720215 21.2854859488351 21.3945816584996 21.520870753697 21.6248626708984 21.7666380746024 21.8591131482806 21.8740223475865 21.8863865988595
-9999 -9999 -9999 -9999 -9999 18.0552090236119 17.9465457371303 18.2156838008336 18.4486762455532 18.5883933476039 18.7472177233015 18.7771731785366 18.7059862954276 18.816070829119 19.1503573826381 19.3704981122698 19.4750546046666 19.5679890768869 19.6258375985282 19.7293578556606 19.8309538705008 19.9339171818324 20.0039550236293 20.0623043605259 20.0505867004395 20.0435485839844 20.041845866612 20.0674484797886 20.1291961669922 20.2459392547607 20.3353843688965 20.4826731000628 20.6023431505476 20.7341940743583 20.841083254133 20.9750088282994 21.0994698660714 21.1919037955148 21.2885774884905 21.3443625313895 21.3815514700753 21.4220779963902 21.4963370731899 21.6366942269462 21.7126184191023 21.7994591849191 21.8591932569231 21.8868026733398 21.9200981685093
-9999 18.1905313219343 18.0048348563058 17.9668197631836 18.178950718471 18.4466699872698 18.8445704323905 19.0439284188407 19.1503620147705 19.2160192217146 19.3188836233956 19.4604636601039 19.5793124607631 19.6014927455357 19.6470467703683 19.7723881857736 19.8728160858154 19.9508609771729 19.9927834102086 20.0687691824777 20.1980122157506 20.3003041403634 20.3507826668876 20.3771174294608 20.3840015956334 20.419981275286 20.4676126752581 20.5184595925467 20.5853184291295 20.6559704371861 20.7117159707206 20.8056261880057 20.8752435956682 20.920031956264 21.0519880567278 21.1487072535924 21.2537329537528 21.3522477831159 21.466591153826 21.5667057037354 21.6315261295864 21.6432876586914 21.6976765223912 21.7742453983852 21.8109068189348 21.8293988364083 21.8310274396624 21.9083208356585 21.9977256229946
18.9226164136614 18.8310331617083 18.7318289620536 18.2102584838867 18.6877653939383 19.0189672197614 19.3610491071429 19.4672758919852 19.5402608598982 19.6266760144915 19.6962138584682 19.7838063921247 19.8982315063477 19.9718546186175 20.0143081120082 20.1137725285121 20.2265254429408 20.3171809060233 20.3421584538051 20.4404144287109 20.5058353969029 20.558443069458 20.604606628418 20.6107856205532 20.6549012320382 20.7121061597552 20.7754647391183 20.826974596296 20.8451777866908 20.8174702780587 20.8793027060372 20.9613034384591 21.0768966674805 21.1903032575335 21.241149357387 21.3085942949568 21.3487412588937 21.4825251443045 21.6589826856341 21.7421101161412 21.8148468562535 21.8492352621896 21.8823370252337 21.8969361441476 21.9374713897705 21.9050453730992 21.7576288495745 21.7817053113665 21.9443067823138
19.3415309361049 19.3312593187605 19.3382993425642 18.6244081769671 19.2411400931222 19.5292260306222 19.7352905273438 19.8117667606899 19.8979274204799 19.9851507459368 20.0416837419782 20.1285569327218 20.2390782492501 20.318429674421 20.4269362858364 20.5406540461949 20.6211517878941 20.6628734043666 20.7427477155413 20.8116277967181 20.8289506094796 20.8484930310931 20.8428440093994 20.8612382071359 20.8752198900495 20.9710693359375 21.0436175210135 21.0983960287912 21.057139805385 20.9668132237026 21.0134397234235 21.0751538957868 21.251556124006 21.3682907649449 21.456581388201 21.5016457693917 21.5156936645508 21.6322972433908 21.809321812221 21.9339496067592 21.9819349561419 21.9793676648821 21.9478413718087 21.9681655338832 21.9907779693604 21.9092429024833 21.7669429779053 21.8402186802455 21.9944234575544
19.7937690189907 19.7984501974923 19.8643569946289 19.8698828560965 19.9065519060407 20.061149597168 20.1636687687465 20.2372210366385 20.3101967402867 20.3911745888846 20.433222089495 20.5048296792167 20.5713778904506 20.6758084978376 20.8069700513567 20.9522699628557 21.0536804199219 21.1288844517299 21.1678801945278 21.229823248727 21.1887444087437 21.176244190761 21.1635766710554 21.1857983725412 21.2466359819685 21.3319217136928 21.3351557595389 21.3374535696847 21.2503256116595 21.1914522988456 21.2871404375349 21.3611531938825 21.5380992889404 21.5979042053223 21.6924626486642 21.7671045575823 21.8481194632394 21.8911546979632 21.9718944004604 22.0565934862409 22.0855031694685 22.0703547341483 22.0479057856968 22.0002002716064 21.9990880148751 22.1396026611328 22.2279415130615 22.3088607788086 22.3882187434605
20.1858190808977 20.2681407928467 20.2893292563302 20.4022576468331 20.4543890271868 20.5297118595668 20.6273008074079 20.6698232378278 20.6994795118059 20.8033605303083 20.873908996582 20.8904800415039 20.9569260733468 21.0591907501221 21.216164452689 21.3628608158657 21.4551786695208 21.5129201071603 21.5769359043666 21.593384878976 21.5915821620396 21.594274520874 21.6748627253941 21.6696003505162 21.6278285980225 21.5657027108329 21.4945327213832 21.3494671412877 21.1298274993896 21.0509401048933 21.4165063585554 21.7207766941616 21.8774389539446 21.9110295431955 21.9118663242885 21.9496288299561 22.003205708095 22.0678656441825 22.1395399911063 22.1751640864781 22.1939234052386 22.2236082894462 22.1515966142927 21.9855875287737 21.9716243743896 22.2392820630755 22.3459854125977 22.3493832179478 22.4269907815116
20.2263635907854 20.4775720323835 20.6060529436384 20.7563035147531 20.8687918526786 20.9579048156738 21.0062460218157 21.1087597438267 21.1221316201346 21.1599973951067 21.2065955570766 21.3153171539307 21.4062663487026 21.4891507284982 21.5718261173793 21.698628289359 21.8142850058419 21.896085194179 21.9700115748814 21.9685987745013 21.8739730290004 21.884578704834 22.0042563847133 22.0227440425328 21.9064617156982 21.7919910975865 21.6896397726876 21.3792016165597 21.1155940464565 21.2500858306885 21.7253017425537 22.0491267613002 22.1931062425886 22.1998958587646 22.1404549734933 22.0276576450893 22.0029427664621 22.1670875549316 22.3246032169887 22.3488458905901 22.3360851832799 22.3983088902065 22.4216025216239 22.3939514160156 22.4261335645403 22.4670028686523 22.4600603921073 22.4330929347447 22.4762036459787
-9999 20.5924788883754 20.7326374053955 20.9599598475865 21.1456631251744 21.2561490195138 21.3700210026332 21.3996410369873 21.4469018663679 21.5137909480504 21.5962480817522 21.6981078556606 21.779757635934 21.8655730656215 21.9949667794364 22.1081079755511 22.2437583378383 22.2866156441825 22.3203501020159 22.3716744014195 22.3801746368408 22.3708166394915 22.3957042694092 22.4219096047538 22.3466025761196 22.2382343837193 22.1531639099121 22.0853870936802 22.015996660505 22.1396688733782 22.3249697004046 22.4351711273193 22.4701420920236 22.4709333692278 22.4568655831473 22.3965361458915 22.4085663386754 22.4420002528599 22.4426400320871 22.4316741398403 22.4413264138358 22.4900166647775 22.5197396959577 22.5227023533412 22.5783914838518 22.5701765332903 22.5371012006487 22.5433540344238 22.5771086556571
20.6808760506766 20.841315133231 21.0974170139858 21.3176909855434 21.4704984937395 21.5588825770787 21.5910075051444 21.6465862819127 21.7939559391567 21.94310433524 22.0408646719796 22.060160773141 22.1119079589844 22.2649378095354 22.4274986812047 22.5739547184535 22.6972116742815 22.7496068137033 22.7588623591832 22.7778658185686 22.7566991533552 22.7730571201869 22.7698402404785 22.7037056514195 22.5828102656773 22.4974972861154 22.3700428009033 22.2879159109933 22.3864925929478 22.4556931086949 22.477413722447 22.5192593165806 22.5486215863909 22.60875919887 22.6306228637695 22.6742022378104 22.6814449855259 22.6465375082833 22.4977569580078 22.3810261317662 22.3853258405413 22.4452326638358 22.6034216199602 22.6222149985177 22.6495982578823 22.6891760144915 22.7089440482003 22.7631179264614 22.7709511348179
21.3046101161412 21.4322438921247 21.6200888497489 21.7305763789586 21.7645162854876 21.8118871961321 21.9223910740444 22.0318385532924 22.1397004808698 22.2397787911551 22.3368037087577 22.376078741891 22.4548628670829 22.601352419172 22.7789865221296 22.8785043443952 22.9580816541399 23.0681353977748 23.0830339704241 23.0958777836391 23.1040891919817 23.1058643886021 23.0668356759208 22.9128644125802 22.7954063415527 22.7590089525495 22.7318393162319 22.7388771602086 22.6941029684884 22.6791090284075 22.6445233481271 22.5737852369036 22.5100975036621 22.5471049717494 22.6462377820696 22.74095589774 22.7545871734619 22.7634274618966 22.6472358703613 22.444698878697 22.2353120531355 22.2885755811419 22.5984091077532 22.7290363311768 22.747448512486 22.819769178118 22.7585124969482 22.8093376159668 22.8465663364955
21.8536573137556 21.8867765154157 21.9863594600133 22.0459611075265 22.0409886496408 22.0766991206578 22.1724044254848 22.3189239501953 22.4589380536761 22.5433093479701 22.6062278747559 22.6721447535924 22.8071842193604 22.9518726893834 23.1135270254953 23.253883089338 23.3731705801828 23.4543119158064 23.4947599683489 23.4822041647775 23.4747995649065 23.4432784489223 23.2963245936802 23.119760785784 23.0773666926793 23.0910824366978 23.0393510546003 23.0223726545061 22.942008972168 22.8657629830497 22.7983185904367 22.6358642578125 22.3481483459473 22.1873972756522 22.3688599722726 22.637920652117 22.7713492257254 22.8418936048235 22.7046683175223 22.562130519322 22.5398009163993 22.6211030142648 22.7416518075126 22.8071831294468 22.8205765315465 22.8690755026681 22.8611578260149 22.8382775442941 22.8330745697021
22.1194414411272 22.1545846121652 22.171658379691 22.2254674094064 22.216062273298 22.1783286503383 22.4020167759487 22.5845740182059 22.7159243992397 22.814809526716 22.9149485996791 23.0561624254499 23.2044307163783 23.3415952410017 23.4795442308698 23.622891834804 23.7798549107143 23.8518469674247 23.8986770084926 23.8917108263288 23.8059117453439 23.6904168810163 23.5770814078195 23.4660483769008 23.4031233106341 23.3492170061384 23.2956507546561 23.1925550188337 23.0653553009033 22.9130704062326 22.6133692605155 22.3899781363351 22.2206044878278 21.8766877310617 21.8242285592215 22.1974024091448 22.6886237008231 22.8896745954241 22.8754828316825 22.8733806610107 22.9003050667899 22.9741780417306 22.9899594443185 23.0171255384173 22.9767001015799 22.9700262887137 22.9264401027134 22.8293312617711 22.8484848567418
22.382895060948 22.4036889757429 22.404549734933 22.4447462899344 22.4405089787074 22.4498547145299 22.6644537789481 22.8352930886405 22.9271877833775 23.0492224012102 23.177711214338 23.3445690699986 23.4829480307443 23.6242861066546 23.8198765345982 23.9502119336809 24.0798895699637 24.2342006138393 24.2815004076277 24.1977255684989 24.1015101841518 23.9351583208357 23.8321762084961 23.7358755384173 23.6420100075858 23.5532902308873 23.4633075169155 23.335181917463 23.1813703264509 22.8787021636963 22.3518783024379 21.9953643253871 21.9412986210414 21.6827051980155 21.5775636945452 21.9721938541957 22.6374353681292 22.9470397404262 23.0652359553746 23.1625799451556 23.1547314780099 23.1722338540213 23.1657837459019 23.1878395080566 23.1470503125872 23.0739669799805 22.9773139953613 22.8971121651786 22.8890811375209
22.6471642085484 22.7010947636196 22.706472669329 22.7192499978202 22.7953812735421 22.8474704197475 22.9558456965855 23.0853873661586 23.1789880480085 23.3552886417934 23.4728900364467 23.639171055385 23.8104487827846 23.9445811680385 24.1037099020822 24.2589296613421 24.4014462062291 24.5726334708078 24.5794696807861 24.4252812521798 24.297301701137 24.1436505998884 23.9849373953683 23.8881323678153 23.8281127384731 23.7242458888463 23.6262032645089 23.5404957362584 23.3917944771903 23.1283896309989 22.6794561658587 22.1811973026821 21.8729768480573 21.7321240561349 21.7435569763184 22.0838508605957 22.6360476357596 23.0313946860177 23.1984004974365 23.272584097726 23.2509890965053 23.2358403887068 23.2099851880755 23.2188287462507 23.203855242048 23.1665464128767 23.0822285243443 22.9927046639579 22.9497408185686
22.9376888275146 23.0230541229248 23.09059715271 23.1082011631557 23.1613780430385 23.1930937085833 23.2561179569789 23.3728773934501 23.4744592394148 23.622316632952 23.7503185272217 23.8885931287493 24.0894707271031 24.3084531511579 24.4426119668143 24.5367118290492 24.6432694026402 24.6806962149484 24.6726474761963 24.5558384486607 24.4592020852225 24.3641594478062 24.2421384538923 24.1375182015555 24.0205154418945 23.9188608442034 23.7935472215925 23.6644714900426 23.601902280535 23.5674779074533 23.3498690468924 23.0305074964251 22.7308763776507 22.6360032217843 22.6313858032227 22.7720473153251 22.9839940752302 23.0576343536377 23.1597619737898 23.2701187133789 23.2934115273612 23.2767688206264 23.281290599278 23.3191563742501 23.2904213496617 23.2636756896973 23.1815787724086 23.0892944335938 23.0523654392787
23.2365714481899 23.2664064679827 23.3899582454136 23.4087333679199 23.4096963065011 23.4403062547956 23.4867174965995 23.598379952567 23.7037285396031 23.8227710723877 23.9431743621826 24.0688975197928 24.2711560385568 24.5036721910749 24.6501034327916 24.7183949606759 24.735523223877 24.7354894365583 24.6698948996408 24.6048098972866 24.5944290161133 24.5649092538016 24.515818459647 24.370979309082 24.2201371874128 24.0852467673165 23.9557625906808 23.8266064780099 23.7802914210728 23.8052177429199 23.7464605058943 23.704131262643 23.6616780417306 23.6368086678641 23.58551297869 23.4999465942383 23.4011265890939 23.1781774248396 23.1967522757394 23.3672294616699 23.4304708753313 23.3791958945138 23.4186624799456 23.4422988891602 23.4242717197963 23.3444638933454 23.2512190682547 23.2034369877407 23.1157526288714
23.5052852630615 23.5086500985282 23.5853715624128 23.6445590427944 23.6593543461391 23.6470208849226 23.7084494999477 23.8014676230294 23.8992344992501 24.0120786939348 24.1018104553223 24.2363202231271 24.3774746486119 24.4837060655866 24.5705119541713 24.6467029026576 24.7025865827288 24.730570929391 24.6885574885777 24.6970569065639 24.7130355834961 24.6439909253802 24.6000728607178 24.4696701594761 24.3041518075126 24.2015830448696 24.1508628300258 24.0661855425153 23.9563999176025 23.8417088644845 23.7589405604771 23.7882164546422 23.7837467193604 23.7540542057582 23.7279289790562 23.6563668932234 23.5613923754011 23.4280153002058 23.4161022731236 23.5234176090785 23.5995017460414 23.5620103563581 23.5301121303013 23.4922016688756 23.4817641122001 23.3885495322091 23.2975082397461 23.287043435233 23.2394439152309
23.7126200539725 23.7529332297189 23.7900723048619 23.8867789677211 23.9497160230364 23.9504620688302 24.0036713736398 24.0794061933245 24.1368416377476 24.212379183088 24.3289955684117 24.4423789978027 24.4949953896659 24.5466698237828 24.6150267464774 24.6537134987967 24.6892569405692 24.7046808515276 24.704687663487 24.8033831460135 24.8188770839146 24.7234878540039 24.6404705047607 24.5542147500174 24.3845612662179 24.2730249677386 24.2482076372419 24.1847327096122 24.0698675428118 23.9065064021519 23.8596869877407 23.8930683135986 23.8603886195592 23.8177822657994 23.8258759634835 23.7840093885149 23.7281815665109 23.6638881138393 23.5648547581264 23.5960380009242 23.7027536119734 23.6824659620013 23.592433656965 23.5759846823556 23.5606474195208 23.4849927084787 23.4250954219273 23.4114300864083 23.3681787763323
