data/curr_env/bio5_avg_2010-2016.asc
NCOLS 664 
NROWS 380 
XLLCORNER 3.91666666666667 
YLLCORNER 55.3333333333333 
CELLSIZE 0.0416666666666667 
NODATA_value -9999 
[rows 110 to 131 of 380, columns 343 to 391 of 664]
18.104135785784 18.0686825343541 18.1096428462437 18.1866040910993 18.326420375279 17.9548100062779 18.0660563877651 18.3687302725656 18.3411184038435 18.0357938494001 18.1133256639753 18.4531429835728 18.5203895568848 18.3954985482352 18.3407576424735 18.6974446432931 19.0089896065848 19.0411052703857 19.2240785871233 19.4099088396345 19.5500259399414 19.6564265659877 19.7514002663749 19.820658820016 19.853916985648 19.9564244406564 19.9990356990269 20.0936470031738 20.160829271589 20.1480110713414 20.1026240757533 19.9789483206613 20.1221313476562 20.2710277012416 20.3336394173758 20.2151080540248 20.1457189832415 20.2158767155239 20.1581538064139 20.277001789638 20.4467067718506 20.6329833439418 20.7649745941162 20.6369658878871 20.5306709834508 20.5392333439418 20.4415100642613 20.3055013929095 20.1637788500105
18.5836113521031 18.7037903921945 18.6492693764823 18.5604629516602 18.4619421277727 18.0245631081717 18.3431854248047 18.3258064814976 18.0530005863735 18.2613351004464 18.0371003832136 17.8254364558629 17.9400574820382 17.9014579227992 18.0833522251674 18.3852446419852 18.6808520725795 18.7598885127476 18.9006377628871 19.0448172433036 19.0941396440778 19.1971759796143 19.4179259708949 19.5746770586286 19.5394259861537 19.6368743351528 19.7733067103795 19.7571648189 19.7918829236712 19.9266000475202 20.0110312870571 20.0063190460205 19.9736082894462 20.0380393436977 20.1670415060861 20.0891870771136 20.1130471910749 20.2309949057443 20.2310311453683 20.1624962942941 20.2128192356655 20.2865701402937 20.3391786302839 20.5512153080532 20.5781091962542 20.6290027073451 20.7364681788853 20.7456474304199 20.7868262699672
17.5630869184222 17.8509001050677 17.9460394723075 18.0531796046666 18.3414630889893 18.5303173065186 18.3774577549526 18.0754558018276 17.9923101152693 18.2114497593471 18.3894465310233 18.3125861031669 18.3374410356794 18.227418082101 18.3836604527065 18.4433304922921 18.5521433694022 18.6741003308977 18.8051981244768 18.9854401179722 19.0319679805211 19.0607803889683 19.1638807569231 19.3046926770891 19.2272197178432 19.1978947775705 19.3430042266846 19.4669698987688 19.6875068119594 19.7514730181013 19.7514370509556 19.7862611498152 19.8290835789272 19.7850497109549 19.7941578456334 20.0758378165109 20.1220899309431 20.1386854989188 19.9564819335938 19.7639920370919 19.9223600115095 20.0310137612479 19.735668182373 20.1803223746163 20.5049743652344 20.6096284048898 20.6388538905552 20.6669360569545 20.7481615883963
18.3911345345633 18.4191507611956 18.4645244053432 18.6367541721889 18.7272693089076 18.8097855704171 18.8734449659075 18.5233884538923 18.3864756992885 18.4952779497419 18.432651247297 18.2705958230155 18.4559688568115 18.5973791394915 18.5925407409668 18.4048448290144 18.4805782863072 18.654025214059 18.8103294372559 18.9317774091448 18.9795104435512 18.9421013423375 19.0212628500802 19.1358530861991 19.1555851527623 18.7743456704276 18.9664164951869 18.9036301204136 18.9031309400286 19.38948903765 19.6072744641985 19.8753455025809 19.8851302010672 19.8777738298689 19.9224175044468 20.0556316375732 20.1397029331752 20.2109459468297 20.1699300493513 20.1289163316999 20.0696149553571 20.2097440447126 20.339013508388 20.3522853851318 20.4255561828613 20.5685400281634 20.7280968257359 20.6967964172363 20.4672096797398
18.7751797267369 18.7668309892927 18.6647221701486 18.6683276040213 18.4199341365269 18.2795401981899 18.6808594294957 19.0130375453404 18.996643611363 18.857963017055 18.5404254368373 18.4434607369559 18.6590663364955 18.52562386649 18.6528494698661 18.6286443982806 18.705012185233 18.7493784768241 18.7817467280797 18.9735434395926 19.0436256953648 19.053135735648 19.0632171630859 19.1275852748326 19.1548096793038 19.0885096958705 18.7538288661412 18.8288634163993 18.6787548065186 18.7617909567697 19.1293961661203 19.5530022212437 19.8154653821673 19.8836411067418 19.9758197239467 20.0085686274937 19.9321735927037 19.9569206237793 19.9370940072196 19.9915531703404 19.9420127868652 19.8341851915632 19.9315022059849 19.9905338287354 19.8535643986293 20.1017371586391 20.4276248386928 20.4763698577881 20.6394004821777
18.4620849064418 18.1882247924805 18.2706345149449 17.9656173161098 17.9960272652762 18.1738640921456 18.5837037222726 19.2821134839739 19.423380443028 19.2709334237235 19.1127722603934 19.036897114345 18.8924492427281 18.9247264862061 18.8811566489083 18.8975881849016 18.8745896475656 18.8447339194162 18.9314496176583 18.9850226811 18.9980239868164 19.0555986676897 19.0068860735212 18.9890300205776 19.1214596884591 19.1998165675572 19.1800992148263 19.0415259769985 18.9698083060128 18.9535203661237 19.0709468296596 19.2192290169852 19.381226675851 19.4666519165039 19.4475064958845 19.7437888554164 19.8823590959821 19.7537528446742 19.8408282143729 19.8799054282052 19.8441235678537 19.5534866877965 19.7862777709961 20.099639075143 20.0352875845773 20.1372212001256 20.2488670349121 20.2805156707764 20.3287345341274
18.9741325378418 19.0530479976109 19.1308334895543 18.9743336268834 18.9264046805246 18.72933278765 19.1534036908831 19.4631906236921 19.5186906542097 19.4844758169992 19.359975542341 19.3006185804095 19.234404700143 19.0792582375663 18.9043227604457 18.8311010088239 18.8555951799665 18.8903729575021 18.8971514020647 18.8433600834438 18.8444243839809 18.9106306348528 18.8945538657052 18.8161890847342 18.8635392870222 18.8608379364014 18.8509404318673 18.8770435878209 18.860289982387 19.0218214307513 19.110782623291 18.9740279061454 18.9224169594901 18.8976628439767 19.2077669416155 19.3835825238909 19.6571153913225 19.9888708932059 20.1411350795201 20.0482578277588 19.9399506705148 19.7367864336286 19.6901953560965 20.1036017281669 20.3998666490827 20.4761330740792 20.43011202131 20.4698053087507 20.5854982648577
18.0187486921038 18.2218696049282 18.914459500994 19.3607649121966 19.5750694274902 19.5945159367153 19.6242482321603 19.6328397478376 19.5345720563616 19.5145906720843 19.3620376586914 19.4277692522321 19.1700733729771 18.7320763724191 18.8892040252686 18.7554738180978 18.6177436283657 18.4617276872907 18.6062848227365 18.7211249215262 18.7833949497768 18.8365222385951 18.8827926090785 18.8747773851667 18.8519041878837 18.8292868477958 18.8292108263288 18.8017052241734 18.7850567953927 18.7381232125419 18.8826176779611 19.1048278808594 19.0144647870745 18.8555311475481 18.9805970873152 19.1490925380162 19.2153006962367 19.5742746080671 19.9197275979178 20.1160384586879 20.0163497924805 19.7349444798061 19.4809706551688 19.8447080339704 20.299305507115 20.6184727805001 20.7382112230573 20.7339510236468 20.8708321707589
18.2824957711356 18.2546544756208 18.4556710379464 18.6841158185686 19.2359869820731 19.4850044250488 19.566590990339 19.516750063215 19.4726235525949 19.4399242401123 19.4546552385603 19.4791003635951 19.4806870051793 19.2717366899763 19.3362462180001 19.2601868765695 19.0361279078892 18.8326388767787 18.8685779571533 18.9416615622384 18.9256005968366 18.9358258928571 18.9060516357422 18.8322770254953 18.7733601161412 18.7484528677804 18.8592695508684 18.8740852900914 18.906617300851 19.098577771868 19.1785360063825 19.3224950517927 19.3727408817836 19.0669874463763 18.9046611785889 19.1577638898577 19.3280086517334 19.4789030892508 19.649301801409 19.8774157932826 20.1821008409773 19.8862141200474 19.7394717080253 19.7001555306571 19.9922686985561 20.2043843950544 20.1193539755685 20.3708970206124 20.7475820268903
18.3127967289516 18.193686076573 18.3138918195452 18.2963848114014 18.5274483816964 18.8567970820836 18.9838611057826 19.1623537881034 19.3168452126639 19.3267650604248 19.3641155787877 19.549464906965 19.5365281786237 19.5153822217669 19.4328839438302 19.2595288412912 18.8913162776402 19.0756756918771 19.2514640263149 19.1352528163365 19.053895677839 18.9793976375035 18.9214717320033 18.8104024614607 18.8199040549142 18.7486196245466 18.8662591661726 18.9199000767299 19.0461131504604 19.2826110294887 19.5271086011614 19.6121774400984 19.48238999503 19.5006024496896 19.4645295824323 19.2427403586251 19.5855241503034 19.7090402330671 19.9041423797607 20.1935315813337 20.3309203556606 20.3174522944859 20.0651266915458 19.9905161176409 20.1033333369664 20.1372947692871 20.1661104474749 20.3360701969692 20.6031747545515
18.7905278887068 18.4304327283587 18.2818306514195 18.478369304112 18.5909083230155 18.6463050842285 18.2097034454346 18.2290992736816 18.6210678645543 18.9198929922921 19.2827186584473 19.4604018075126 19.5295121329171 19.5430289677211 19.5523787907192 19.3520139966692 19.0396491459438 19.1941419328962 19.5006351470947 19.6008417946952 19.5753356388637 19.4012562888009 19.3420339311872 19.4365275246756 19.5498768942697 19.5339271000453 19.15439251491 18.9537143707275 19.2381798880441 19.3957876477923 19.6293953486851 19.6824319022042 19.7966106959752 19.8742190769741 19.8809691837856 19.716862814767 19.8213277544294 20.1180346352713 20.0446978977748 20.2787908826556 20.5294543675014 20.5029760088239 20.3816405705043 20.1637333461217 20.0995393480573 19.9622039794922 20.0888688223703 20.2806750706264 20.4810518537249
18.8019725254604 18.9580350603376 19.0166230882917 18.9683532714844 19.0160841260638 18.9186706542969 18.7229717799595 18.6312729971749 18.6572895050049 18.7753064291818 19.3156067984445 19.591338293893 19.4276392800467 19.2712465013777 19.4678723471505 19.4982122693743 19.4091251918248 19.3634654453823 19.547520501273 19.6670047215053 19.6790586199079 19.6894005366734 19.5985979352679 19.4712241036551 19.664421081543 19.9089491707938 19.8276688711984 19.7646713256836 19.7971033368792 19.8112498692104 19.7156810760498 19.541828427996 19.2571165902274 19.4798336029053 20.0208380562919 20.3635553632464 20.2479877471924 20.2687429700579 20.263539995466 20.4771935599191 20.7777034214565 20.8010722569057 20.7907243456159 20.7358068738665 20.591174534389 20.2356845310756 20.3356238773891 20.5652776445661 20.6869316101074
19.0865595681327 19.1010665893555 19.1754166739328 19.1543372017997 19.1058286939348 18.9670355660575 18.6670995439802 18.7311630249023 18.8643698011126 18.9358607700893 19.4890670776367 19.6611309051514 19.6977669852121 19.5937486376081 19.4485092163086 19.4106971195766 19.455171585083 19.5065035138811 19.5366916656494 19.6194517953055 19.6587837764195 19.5849723815918 19.645446232387 19.5613482339042 19.5109650748117 19.6096869877407 19.853515625 19.9927708762033 20.0188843863351 19.6718551090785 19.3556826455253 19.7160805293492 19.7787660871233 19.9471637180873 20.0715631757464 20.2451049259731 20.65064566476 20.9034516470773 20.9046674455915 21.003596169608 21.1653807503837 21.2883101872035 21.2992373875209 21.1187376294817 21.1799523489816 20.986309323992 20.8778095245361 20.8750237056187 20.8150953565325
19.1094324929374 18.6920991625105 18.6496383122035 18.934606552124 19.0018612997872 18.8742583138602 18.6169409070696 18.8630512782506 19.2354488372803 19.4375596727644 19.7019566127232 19.9017805371966 19.8930358886719 19.7756819043841 19.7091464996338 19.5111819675991 19.424647467477 19.6209703172956 19.7612917763846 19.8530426025391 19.8059365408761 19.5439733777727 19.4082935878209 19.438330241612 19.56093951634 19.8744242531913 20.0959333692278 20.2351572854178 20.2892368861607 20.2793159484863 20.2911123548235 20.2537626538958 20.2129859924316 20.1699224199568 20.3668605259487 20.5986548832485 20.8024469103132 20.957589830671 20.9920801435198 21.1265692029681 21.3182018824986 21.4875474657331 21.6408939361572 21.702812739781 21.7195873260498 21.6512189592634 21.5137089320592 21.2790554591588 21.3741174425398
19.2174483707973 18.9962744031634 18.8295748574393 18.8863062177386 18.8938931056431 18.8717648642404 18.7993531908308 18.8252266475133 18.95852797372 19.2598288399833 19.6028458731515 19.8058607918876 19.7934494018555 19.7993281228202 19.6903536660331 19.5305246625628 19.5701225825718 19.7325788225446 19.983606338501 20.1660622188023 20.1793741498675 19.949259349278 19.8665714263916 19.600456237793 19.6989113943917 19.959162575858 20.2143521990095 20.4198278699602 20.4458748953683 20.4730646950858 20.3693970271519 20.0154443468366 19.9534909384591 20.0886816297259 20.1815853118896 20.4636323111398 20.515964780535 20.5334423610142 20.5829214368548 20.7849709647042 21.1915926252093 21.5599283490862 21.8294081006731 21.9263139452253 21.9889371054513 22.0412728445871 21.9370362418038 21.8413731711251 21.8834228515625
18.8351789202009 18.8518766675677 18.9809401375907 19.1711477552141 19.19449533735 19.0069877079555 19.1091948917934 19.3182582855225 19.3124632154192 19.3289557865688 19.5563054765974 19.6790836879185 19.6875752040318 19.662973676409 19.5875628335135 19.5492948804583 19.5093122209821 19.5104737962995 19.7036337171282 19.9642246791295 20.01624080113 19.9842591966902 20.0488477434431 19.9837237766811 19.7123126983643 19.5661860874721 19.909914289202 20.0953562600272 20.1750845227923 20.0319559914725 20.1031126294817 20.0759830474854 20.2997114998954 20.3154397691999 20.457453591483 20.6857539585658 20.8277669634138 20.6961500985282 20.826333454677 20.9530876704625 21.0941268375942 21.1728815351214 21.4419201442174 21.809816632952 21.9119998386928 22.0507548195975 22.1872231619699 22.0208326067243 22.0133021218436
18.5237655639648 18.8817645481655 19.0105906895229 19.1394165584019 19.2613849639893 19.1256395067487 19.0630351475307 19.152432850429 19.3012572697231 19.3557968139648 19.3789092472621 19.5534493582589 19.7068451472691 19.7363335745675 19.5464864458357 19.3326377868652 19.4725036621094 19.5832255227225 19.4293763296945 19.5120994022914 19.4228232247489 19.4455462864467 19.5316974094936 19.613276890346 19.5834290640695 19.437780380249 19.7180470057896 19.9800276075091 20.128865650722 20.2102748325893 20.1031134469169 20.0616656712123 20.3487897600446 20.2719129834856 20.1773215702602 20.5318737030029 20.8955688476562 21.1228602273124 21.0474602835519 20.597775050572 20.7503752027239 21.0641187940325 21.1795760563442 21.5236067090716 21.7813505445208 21.8230923243931 21.8865506308419 21.8928653172084 22.035179410662
18.902067729405 18.7167966025216 18.9568121773856 19.2511155264718 19.3848454611642 19.2328605651855 18.8574483054025 18.7660367148263 18.6374792371477 18.8820680890765 19.0089413779122 18.9963844844273 19.2809720720564 19.5914096832275 19.5642659323556 19.1525505610875 18.6756929670061 19.1382631574358 19.3996911730085 19.2285477774484 18.7076892852783 18.6491178785052 19.2494027273996 19.2108306884766 18.9116875784738 18.9893757956369 19.5050359453474 19.8464126586914 19.9672181265695 20.1485949925014 20.1802564348493 20.3239187513079 20.2721522194999 20.1312427520752 20.3714765821184 20.3585673740932 20.5342287336077 20.7164263044085 20.9583015441895 20.8716060093471 20.7254815782819 20.9839275905064 21.1749474661691 21.2271082741874 21.4461269378662 21.6902879987444 21.891592843192 21.9071829659598 21.7987736293248
19.0403682163783 19.3021147591727 19.4207491193499 19.3136716570173 19.3791621071952 19.3075111934117 19.0324328286307 19.0744958605085 18.8474172864641 18.5511937822614 18.8944007328578 19.2456079210554 19.5053858075823 19.6487691061837 19.6391882215227 19.3050351824079 18.9857395717076 19.313873563494 19.2042917524065 19.1175662449428 18.9285572596959 18.7001179286412 18.6962503705706 18.6700981685093 19.0742323739188 19.2775423867362 19.5217421395438 19.5973712376186 19.8998565673828 20.0669144221715 20.0476856231689 20.2061729431152 20.3218021392822 20.3551450456892 20.3833435603551 20.2846881321498 20.0963170187814 20.3339925493513 20.5445706503732 20.6500083378383 20.9251594543457 20.9214534759521 21.0451741899763 21.0088969639369 21.0554774148124 21.2471991947719 21.2977782658168 21.2780712672642 21.380651473999
19.2249565124512 19.34400503976 19.3926860264369 19.3465126582554 19.3031943184989 19.5238770076207 19.6148458208357 19.5435278756278 19.4110679626465 19.30260685512 19.1672897338867 18.9616879054478 18.9000832693917 19.4004146030971 19.6752540043422 19.7049492427281 19.6140719822475 19.5460529327393 19.4100344521659 19.1882997240339 19.1391380855015 19.0882625579834 18.9888147626604 19.1202234540667 19.3030613490513 19.4959926605225 19.5613021850586 19.7106124332973 19.7736380440848 19.8538044520787 20.1145441872733 20.2941398620605 20.2931646619524 20.3041877746582 20.1517838069371 20.1485219682966 19.8492619650705 19.9309872218541 20.1685562133789 20.6758387429374 20.8996925354004 20.9052628108433 20.7154034205845 20.5243996211461 20.5939690726144 20.7658230917794 20.9868199484689 20.9952477046422 20.8151016235352
19.1355547223772 18.9913191114153 19.1869209834508 19.2613786969866 19.1381217411586 19.2811529976981 19.3430396488735 19.448354448591 19.4725270952497 19.4218423025949 19.4122992924282 19.2301859174456 19.1663589477539 19.3204563685826 19.5844783782959 19.8022147587367 19.7868077414376 19.6816872188023 19.4085671561105 19.3811612810407 19.2388962336949 19.1514898027693 19.1126553671701 19.1863921029227 19.2646999359131 19.2946957179478 19.3072387150356 19.4009225027902 19.6231798444475 19.8214348384312 19.9522620609828 20.1385201045445 20.1922032492501 20.2350319453648 20.3681447165353 20.352116721017 20.4858006068638 20.5452981676374 20.6408933912005 20.7787758963449 20.8955138070243 20.7996801648821 20.2661331721715 20.2685860225133 20.697895867484 20.759204864502 20.8148005349295 21.0555389949254 21.2157066890172
19.1190237317766 19.1709207807268 19.1325953347342 19.084557397025 19.0353753226144 18.8713373456682 18.7398703438895 19.2558315822056 19.3375075204032 18.8597540174212 18.461430140904 18.906534739903 19.0356396266392 19.2551768166678 19.4188622065953 19.7608331952776 19.9948041098458 19.9956327165876 19.8741752079555 19.7498618534633 19.567832674299 19.4029459272112 19.20777457101 19.2497463226318 19.4265733446394 19.4890793391636 19.4344035557338 19.4477282932826 19.5427657536098 19.6766624450684 19.7602721623012 19.693026133946 19.9537778581892 20.1922454833984 20.2804279327393 20.1383228302002 19.9939338139125 20.1489249638149 20.2472994668143 20.4451007843018 20.5309044974191 20.6692782810756 20.7510811941964 20.8328838348389 20.9832589285714 21.2050601414272 21.2182908739362 21.0583795819964 21.4041827065604
