data/curr_env/bio5_avg_2010-2016.asc
NCOLS 664 
NROWS 380 
XLLCORNER 3.91666666666667 
YLLCORNER 55.3333333333333 
CELLSIZE 0.0416666666666667 
NODATA_value -9999 
[rows 242 to 263 of 380, columns 0 to 48 of 664]
-9999 -9999 -9999 -9999 -9999 -9999 -9999 -9999 -9999 -9999 -9999 -9999 -9999 -9999 -9999 -9999 -9999 16.7870864868164 16.8211901528495 17.0992984771729 17.0502758026123 17.4222248622349 17.4130164555141 17.4766815730504 17.6342146737235 -9999 -9999 17.1726256779262 17.4151344299316 16.7084584917341 16.7863405772618 16.8263671057565 16.9735766819545 18.1959675380162 -9999 16.9012250900269 18.2967115129743 16.2136265890939 17.1888732910156 17.5955508095878 16.6890298298427 17.9127131870815 16.8716468811035 15.5554000309535 16.7047954286848 18.910971232823 15.8059778213501 17.263998576573 14.9294460841588
-9999 -9999 -9999 -9999 -9999 -9999 -9999 -9999 -9999 -9999 -9999 -9999 -9999 -9999 -9999 -9999 -9999 16.8034734725952 16.9425206865583 17.05676814488 17.2172674451556 -9999 -9999 -9999 17.2817687988281 17.5706345694406 17.2709320613316 16.9306565693447 15.8909526552473 15.4405604771205 16.8871108463832 15.6690901347569 15.8832800728934 16.4510374069214 16.7775083269392 16.7436229160854 17.5546820504325 18.1177575247628 15.9811086654663 16.3755089896066 15.1870520455497 15.5031659262521 15.4432806287493 15.2656804493495 15.4458048684256 15.7116528919765 15.3809294019427 13.7250623703003 12.0817678996495
-9999 -9999 -9999 -9999 -9999 -9999 -9999 -9999 -9999 -9999 -9999 -9999 -9999 -9999 -9999 -9999 -9999 -9999 17.1139556339809 17.0637662070138 -9999 16.9982961927141 17.1428086417062 17.5750549861363 17.5490055084229 17.4195028032575 17.6426206316267 17.2851913997105 17.4202823638916 17.0277606419155 16.9352609089443 16.6207872118269 16.8019347872053 16.3059635162354 15.831135068621 15.6317348480225 15.7940489905221 16.9451010567801 15.2015338625227 14.7347052437919 14.8850193023682 14.8616194043841 15.6170767375401 15.2805331093924 14.26338495527 13.8639183044434 14.0644517626081 12.7769847597395 14.0838034493583
-9999 -9999 -9999 -9999 -9999 -9999 -9999 -9999 -9999 -9999 -9999 -9999 -9999 -9999 -9999 -9999 -9999 -9999 -9999 -9999 17.1326817103795 17.1634426116943 17.389130456107 17.43975012643 17.541361945016 17.4387490408761 17.0954851422991 16.9217935289655 17.6024679456438 17.4143281664167 16.4082160677229 16.365056855338 15.8068764550345 16.5536752428327 16.8113325663975 16.3341320582799 15.4677891050066 16.2688737596784 15.7551025663103 15.3853302001953 15.3389872142247 15.8475009373256 15.748585837228 15.2016709191459 14.6489662442889 13.9298988069807 13.8085452488491 12.6694780077253 14.3818385260446
-9999 -9999 -9999 -9999 -9999 -9999 -9999 -9999 -9999 -9999 -9999 -9999 -9999 -9999 -9999 -9999 -9999 -9999 -9999 -9999 -9999 17.1970762525286 17.3660185677665 17.4822216033936 17.7768132346017 17.4661660875593 17.8525507790702 17.7893663133894 17.8585123334612 16.857926096235 17.0470548357282 17.2773254939488 17.251246043614 17.0339595249721 16.3046734673636 16.9982444218227 17.97926902771 18.0769718715123 17.1892407281058 16.2245269502912 16.8803828103202 15.82766859872 15.3355246952602 14.2913806097848 14.1436892918178 14.3170215061733 13.5126393181937 12.3765747887748 14.2027865818569
-9999 -9999 -9999 -9999 -9999 -9999 -9999 -9999 -9999 -9999 -9999 -9999 -9999 -9999 -9999 -9999 -9999 -9999 -9999 -9999 17.0023800986154 17.0071803501674 17.3119803837367 17.5086626325335 17.7509544917515 17.6979228428432 17.9503040313721 17.8340898241316 17.9150614057268 17.8089485168457 18.0464382171631 18.1764515468052 17.7213298252651 17.3702433449881 17.8676458086286 16.7665958404541 14.8644715717861 15.8097539629255 17.0359870365688 15.9462947845459 15.8706368037633 15.340978213719 15.0893203190395 14.6239471435547 14.2692702157157 14.7510016305106 16.8795905794416 15.4858928407942 16.3413391113281
-9999 -9999 -9999 -9999 -9999 -9999 -9999 -9999 -9999 -9999 -9999 -9999 -9999 -9999 -9999 -9999 -9999 -9999 -9999 -9999 17.0550874982561 16.9029987880162 17.141773223877 17.3870064871652 17.5536678859166 17.7643781389509 17.9113510676793 18.1141292027065 -9999 18.2322142464774 18.3288021087646 18.281863621303 18.305903843471 18.0044454847063 16.8579615184239 16.6761816569737 15.166722706386 15.3566925866263 15.7055202211652 15.6497761862619 15.7231749125889 15.6148593085153 14.5739725657872 15.9016565595354 17.742278780256 16.9364098140172 16.9276841027396 16.2692439215524 15.3262318202427
-9999 -9999 -9999 -9999 -9999 -9999 -9999 -9999 -9999 -9999 -9999 -9999 -9999 -9999 -9999 -9999 -9999 -9999 16.8273241860526 16.8095468793597 -9999 16.9559606824602 17.0771789550781 17.2936845506941 17.5350050245013 17.7618563515799 17.8939187186105 17.7711383274623 18.0224402291434 17.8285386221749 18.3299435206822 18.3729885646275 17.7169257572719 17.4570966448103 17.3006946018764 17.0157218660627 15.9576059068952 15.9034903390067 16.101945740836 16.232401575361 17.0382851191929 16.8601696831839 17.0952704293387 17.8235402788435 15.9387171609061 17.1703905378069 16.7654920305525 15.5234513963972 16.2654098783221
-9999 -9999 -9999 -9999 -9999 -9999 -9999 -9999 -9999 -9999 -9999 -9999 -9999 -9999 -9999 -9999 -9999 -9999 -9999 -9999 -9999 -9999 17.301828111921 17.4822750091553 17.5759773254395 17.7437774113246 17.8149520329067 17.742554800851 17.928566796439 18.0182696751186 18.1770553588867 18.1249885559082 18.3268914903913 18.1554816109794 18.3514886583601 17.6213585989816 16.3971704755511 15.2593985966274 17.0324851444789 17.0112859180995 17.9872283935547 18.6291558401925 17.2836873190744 16.7642021179199 18.1128779820033 17.3228322437831 14.8354614802769 13.6829478400094 14.5224342346191
-9999 -9999 -9999 -9999 -9999 -9999 -9999 -9999 -9999 -9999 -9999 -9999 -9999 -9999 -9999 -9999 -9999 -9999 -9999 16.9600001743862 -9999 16.8532665797642 -9999 17.4597666604178 17.5093040466309 17.6362860543387 17.7651184626988 17.9682513645717 18.1149439130511 18.0469270433698 18.097055707659 17.87841796875 17.4608241489955 17.7849720546177 18.5062626429967 18.3915053776332 16.9652833938599 15.5610384259905 16.1514248166765 18.4198578425816 18.9784338814872 17.7781873430525 18.2845325469971 18.4380923679897 17.960814339774 16.5348788670131 14.907306262425 14.6888765607561 16.2241611480713
-9999 -9999 -9999 -9999 -9999 -9999 -9999 -9999 -9999 -9999 -9999 -9999 -9999 -9999 -9999 -9999 -9999 -9999 -9999 -9999 -9999 16.9942932128906 17.3004891531808 17.1052559443883 17.3957369668143 17.6257155282157 17.8348516736712 17.9095824105399 18.0778029305594 18.0735476357596 17.9419384002686 18.1344653538295 18.1853945595878 18.237174987793 18.5163838522775 18.2576318468366 18.1935705457415 18.2247742244176 17.3897928510393 18.45146887643 18.4927496228899 17.1177061625889 17.2020585196359 18.3321249825614 17.3112715312413 18.1863531385149 17.0271516527448 18.1919482094901 18.0396028246198
-9999 -9999 -9999 -9999 -9999 -9999 -9999 -9999 -9999 -9999 -9999 -9999 -9999 -9999 -9999 -9999 -9999 -9999 -9999 -9999 16.9051069532122 17.0667487553188 17.3298189980643 -9999 17.3064428056989 17.5035901750837 17.486926487514 17.7011914934431 17.8686817714146 17.9012753622872 18.2022985730852 17.8137839181083 17.9665366581508 17.6882348741804 18.5270778111049 18.7621108463832 18.5526913234166 18.4373188018799 18.5885284968785 18.1609396253313 17.2906071799142 15.8932589122227 16.2549580165318 17.3153239658901 15.6663767950875 18.1332580021449 16.6801394053868 15.5270207268851 16.0139015742711
-9999 -9999 -9999 -9999 -9999 -9999 -9999 -9999 -9999 -9999 -9999 -9999 -9999 -9999 -9999 -9999 -9999 -9999 -9999 -9999 -9999 17.1217046465193 17.3209539140974 17.4700475420271 17.3552237919399 17.510669708252 17.6480208805629 17.9181335994176 17.9488716125488 17.8890748705183 18.0999927520752 18.3133474077497 18.0487711770194 17.6807409014021 18.3796487535749 18.3539605821882 18.5650081634521 18.0421254294259 17.4928152901786 18.2770053318569 18.0937644413539 17.3722400665283 17.878144127982 17.966822215489 17.2346249989101 15.9127330780029 15.4839837210519 16.0838063103812 15.7122007097517
-9999 -9999 -9999 -9999 -9999 -9999 -9999 -9999 -9999 -9999 -9999 -9999 -9999 -9999 -9999 -9999 -9999 -9999 -9999 -9999 -9999 -9999 17.2913374219622 17.4558260781424 17.5540024893624 17.407751083374 17.7088184356689 17.8357789175851 17.945520401001 17.9374106270926 17.8356516701835 18.2670149121966 17.8060349055699 17.8204228537423 18.2729287828718 17.7545403071812 18.2646814073835 18.5713601793562 18.6026104518345 17.1138617651803 17.1622567858015 17.0820778438023 17.3902647835868 16.0255332674299 15.4937304088048 14.9636373519897 14.9118288585118 14.7714500427246 13.7047849382673
-9999 -9999 -9999 -9999 -9999 -9999 -9999 -9999 -9999 -9999 -9999 -9999 -9999 -9999 -9999 -9999 -9999 -9999 -9999 -9999 -9999 -9999 -9999 -9999 17.4766300746373 17.6041338784354 -9999 17.8754550388881 17.8836926051549 18.1118744441441 18.2345055171422 18.4995599474226 17.7212894984654 17.8945593152727 18.3963007245745 18.4771856580462 18.2777353014265 17.2584923335484 17.8438363756452 17.3472922188895 16.5827471869332 17.3444339207241 18.0688967023577 17.574129649571 16.7425509861537 15.4408269609724 15.0648168836321 16.0436647960118 15.0299404689244
-9999 -9999 -9999 -9999 -9999 -9999 -9999 -9999 -9999 -9999 -9999 -9999 -9999 -9999 -9999 -9999 -9999 -9999 -9999 -9999 -9999 -9999 -9999 17.2577114105225 17.4825665610177 17.7705816541399 17.9322804042271 17.9611764635359 18.1272367749895 18.1928588322231 18.094614301409 18.4637358529227 18.3901514325823 18.138192313058 17.5858511243548 17.3237969534738 18.2787418365479 18.3509889330183 18.2751369476318 17.5251366751535 17.8733566829136 16.9099631990705 16.6823594229562 17.1558287484305 16.5045130593436 16.9980159487043 16.9823766435896 16.103307723999 15.3476679665702
-9999 -9999 -9999 -9999 -9999 -9999 -9999 -9999 -9999 -9999 -9999 -9999 -9999 -9999 -9999 -9999 -9999 -9999 -9999 -9999 -9999 -9999 -9999 -9999 17.8027907780239 17.8908699580601 17.9376370566232 18.0934268406459 18.0620752062116 18.1117616380964 18.2745344979422 18.2893189021519 18.4016748155866 18.5176811218262 17.2587814331055 16.1672658920288 17.769416809082 17.2024230957031 16.2794302531651 15.437580381121 16.0968723297119 17.9327365330287 18.2423158373152 19.0970366341727 18.5982586996896 17.9180635724749 17.021077973502 16.5172371183123 16.3922523771014
-9999 -9999 -9999 -9999 -9999 -9999 -9999 -9999 -9999 -9999 -9999 -9999 -9999 -9999 -9999 -9999 -9999 -9999 -9999 -9999 -9999 -9999 -9999 -9999 17.6176567077637 17.864298411778 17.8750179835728 18.0889263153076 18.1244487762451 18.4067925044468 18.4069987705776 18.6060698372977 18.4259589059012 18.2757410321917 18.6878106253488 17.438164302281 17.7925191606794 17.0240156991141 16.0572268622262 16.2372954232352 17.2470771244594 19.3184792654855 18.1115853445871 17.4821404048375 16.4118675504412 16.0958236966814 14.646637235369 14.7174509593419 15.0019796916417
-9999 -9999 -9999 -9999 -9999 -9999 -9999 -9999 -9999 -9999 -9999 -9999 -9999 -9999 -9999 -9999 -9999 -9999 -9999 -9999 -9999 -9999 -9999 -9999 17.7360937935965 17.87851360866 18.0241124289376 18.1407893044608 17.6485045296805 18.4408089773996 18.4606609344482 18.5630512237549 18.8779335021973 19.0742312840053 18.9082178388323 18.3079190935407 17.4584778376988 17.7336074284145 17.0790228162493 17.062153679984 18.6296403067453 18.9849131447928 17.9635429382324 16.0912453787667 15.4452580043248 15.5610137666975 13.5481969288417 13.9388093948364 15.2042784009661
-9999 -9999 -9999 -9999 -9999 -9999 -9999 -9999 -9999 -9999 -9999 -9999 -9999 -9999 -9999 -9999 -9999 -9999 -9999 -9999 -9999 -9999 -9999 -9999 -9999 17.740661076137 18.0479338509696 18.1770406450544 18.1853190830776 18.4953754970006 18.3165424891881 18.5938995906285 18.9245414733887 18.8817119598389 18.4303398132324 18.5039604731968 18.23415184021 18.3191999707903 17.6076771872384 18.2308205195836 18.8328353336879 19.0882511138916 17.6267291477748 16.3512058258057 17.0529351915632 17.6519173213414 17.5086124965123 16.6818812234061 17.4482912336077
-9999 -9999 -9999 -9999 -9999 -9999 -9999 -9999 -9999 -9999 -9999 -9999 -9999 -9999 -9999 -9999 -9999 -9999 -9999 -9999 -9999 -9999 -9999 -9999 -9999 17.8240661621094 17.9769785744803 18.0099383762905 17.6844474247524 18.2159712655204 18.0584986550467 18.4474896022252 18.320148740496 18.216495513916 18.2893161773682 18.201082774571 18.5792843954904 17.6478203364781 17.7997839791434 18.7326038905552 19.0997110094343 17.3558654785156 18.3085103716169 18.1860291617257 18.2116320473807 18.7083015441895 19.283258165632 18.457069669451 16.9971674510411
-9999 -9999 -9999 -9999 -9999 -9999 -9999 -9999 -9999 -9999 -9999 -9999 -9999 -9999 -9999 -9999 -9999 -9999 -9999 -9999 -9999 -9999 -9999 -9999 -9999 -9999 17.9735930306571 17.8166986192976 17.6555279323033 18.0310753413609 -9999 -9999 -9999 -9999 18.2927398681641 18.206859588623 18.5007348741804 18.7082285199847 18.8934372493199 -9999 17.9629889896938 17.1286822727748 18.1842719486782 17.9837646484375 18.2372548239572 17.5021681104388 17.7024154663086 17.974662235805 18.6481470380511
