data/curr_env/bio5_avg_2010-2016.asc
NCOLS 664 
NROWS 380 
XLLCORNER 3.91666666666667 
YLLCORNER 55.3333333333333 
CELLSIZE 0.0416666666666667 
NODATA_value -9999 
[rows 286 to 307 of 380, columns 441 to 489 of 664]
-9999 -9999 -9999 -9999 -9999 -9999 -9999 -9999 -9999 -9999 -9999 -9999 -9999 -9999 -9999 -9999 -9999 -9999 -9999 -9999 -9999 -9999 -9999 -9999 -9999 -9999 -9999 -9999 -9999 23.6860803876604 23.8914059230259 24.0752331869943 24.1196964808873 24.248603275844 24.2911614009312 24.3305495125907 24.4926706041609 24.6679352351597 24.6643426077706 24.6504647391183 24.7325861794608 24.7661356244768 24.6636856624058 24.6423789433071 24.5782154628209 24.4523378099714 24.3801735469273 24.2837341853551 24.197306224278
-9999 -9999 -9999 -9999 -9999 -9999 -9999 -9999 -9999 -9999 -9999 -9999 -9999 -9999 -9999 -9999 -9999 -9999 -9999 -9999 -9999 -9999 -9999 -9999 -9999 -9999 -9999 -9999 23.7113715580532 23.8028550829206 23.9834812709263 24.1398691449847 24.2619710649763 24.4189297812326 24.5496030535017 24.6783539908273 24.8217495509556 24.8497191837856 24.7971145084926 24.7787979670933 24.8553376879011 24.806734085083 24.6535587310791 24.584383555821 24.4774968283517 24.3454649788993 24.2740039825439 24.2620912279402 24.1994424547468
-9999 -9999 -9999 -9999 -9999 -9999 -9999 -9999 -9999 -9999 -9999 -9999 -9999 -9999 -9999 -9999 -9999 -9999 -9999 -9999 -9999 -9999 -9999 -9999 -9999 -9999 -9999 -9999 -9999 23.9529601505824 24.0984121050153 24.2694552285331 24.4233559199742 24.5812552315848 24.7500136239188 24.7804437364851 24.8245443616595 24.8617869785854 24.9167442321777 24.9151308877128 24.8586602892194 24.7621885027204 24.6308604649135 24.4995321546282 24.4076336451939 24.2957349504743 24.2729783739362 24.2587348393032 24.1724354880197
-9999 -9999 -9999 -9999 -9999 -9999 -9999 22.4782679421561 -9999 -9999 -9999 -9999 -9999 -9999 -9999 -9999 -9999 -9999 -9999 -9999 -9999 -9999 -9999 -9999 -9999 -9999 -9999 -9999 -9999 24.1693583897182 24.2196290152413 24.3904707772391 24.5007414136614 24.6321533748082 24.840710231236 24.9048194885254 24.8639087677002 24.8624273027693 24.9946596963065 25.0228922707694 24.8671264648438 24.6793580736433 24.5481619153704 24.4203965323312 24.3760580335345 24.3597180502755 24.3068076542446 24.2873772212437 24.2397131238665
-9999 -9999 -9999 -9999 -9999 -9999 22.4007797241211 22.2865685054234 22.3114964621408 22.3800111498152 -9999 -9999 -9999 -9999 -9999 -9999 -9999 -9999 -9999 -9999 23.6452920096261 23.5516531808036 -9999 -9999 -9999 -9999 -9999 23.916707447597 24.0954889569964 24.3484927586147 24.4528459821429 24.603485924857 24.6798414502825 24.8150523049491 24.8651207515172 24.8874805995396 24.933559690203 24.8722111838205 24.916576385498 24.9683696201869 24.8790196010045 24.6582404545375 24.5208917345319 24.4338297162737 24.3541946411133 24.3568453107561 24.345210484096 24.3651651654925 24.34527860369
-9999 -9999 -9999 -9999 22.4898668016706 22.5659460340227 22.5454273223877 22.3908677782331 22.44732938494 22.5850530351911 22.822535106114 22.8357892717634 -9999 -9999 -9999 -9999 -9999 -9999 -9999 23.5344532557896 23.6011960165841 23.5713291168213 23.6447208949498 23.7301393236433 23.8419314793178 23.9698273794992 24.005740574428 24.0515749795096 24.2114740099226 24.4687685285296 24.5863023485456 24.6787869589669 24.7537975311279 24.8362355913435 24.8992456708636 24.9901411873954 25.0243538447789 24.9665655408587 24.8733476911272 24.8538464137486 24.8469137464251 24.7262674059187 24.6707651955741 24.6272640228271 24.492331641061 24.3962593078613 24.3441846030099 24.324093409947 24.2697001865932
-9999 -9999 -9999 22.3352012634277 22.4516555241176 22.5660422188895 22.5768906729562 22.5437401362828 22.6248738425119 22.7740080697196 22.8511415209089 22.9324760437012 23.0305799756731 23.1518887111119 23.250405720302 23.2842230115618 -9999 23.2514730181013 -9999 -9999 23.6559072222028 23.7101988111223 23.7293766566685 23.7530547550746 23.8923397064209 24.0149571555001 24.0994777679443 24.191143308367 24.3355560302734 24.5541430882045 24.6632802145822 24.6550557272775 24.7078010014125 24.8111332484654 25.0093699863979 25.173373903547 25.2271466936384 25.1329184940883 24.9044066837856 24.8461775098528 24.8976652962821 24.8965802873884 24.7943521227155 24.7744105202811 24.6316114153181 24.4608129773821 24.2934434073312 24.2075928279332 24.1815496172224
22.0871088845389 22.1262435913086 22.2217587062291 22.3442325592041 22.4306139264788 22.5101370130266 22.5799448830741 22.638897214617 22.7635628836496 22.8499420710972 22.9151791163853 22.9805913652693 23.0981796809605 23.2249104636056 23.3019281114851 23.3780879974365 23.4543508802141 23.4476737976074 -9999 -9999 -9999 -9999 -9999 24.2545416695731 -9999 -9999 24.1384541647775 24.3075373513358 24.4534168243408 24.6420432499477 24.7907025473458 24.7693906511579 24.8074261801583 24.8871737888881 25.0052097865513 25.0714637211391 25.1036548614502 25.0369870322091 24.9160355159215 24.8813702719552 25.0095590863909 24.9594650268555 24.7579405648368 24.6815599714007 24.5868925367083 24.4585113525391 24.3181313105992 24.2882360730852 24.2859715053013
22.186803817749 22.1858403342111 22.2292600359235 22.285837990897 22.3894631522042 22.4965174538749 22.5961426326207 22.7009111131941 22.9211079733712 23.0150192805699 23.0003574916295 23.0789933885847 23.207494190761 23.3068537030901 23.3862130301339 23.458714893886 23.5311826978411 23.5874448503767 -9999 -9999 -9999 -9999 -9999 -9999 -9999 -9999 -9999 24.369775227138 24.4180502210345 24.6101679120745 24.7382866995675 24.8001202174595 24.8733814784459 24.8775010790144 24.8639049530029 24.8758403233119 24.9333054678781 24.9462005070278 24.937952041626 24.8274162837437 24.8014534541539 24.7954910823277 24.7329570225307 24.649849482945 24.4661726270403 24.3762100764683 24.4108180999756 24.3351652962821 24.2829636165074
-9999 -9999 -9999 22.3408707209996 22.4123123713902 22.544611794608 22.6471969059535 22.7783532823835 22.9215093340193 23.0720958709717 23.153536932809 23.2796794346401 23.4299523489816 23.4847957066127 23.4762110028948 23.5202467782157 23.6423315320696 23.7546195983887 23.8173604692732 23.7984281267439 -9999 -9999 -9999 -9999 -9999 -9999 24.4485509055001 -9999 24.4352634974888 24.6129640851702 24.7332188742501 24.8554216112409 24.8519093649728 24.7735404968262 24.7911712101528 24.9185030800956 24.9903847830636 24.9622688293457 24.9015805380685 24.8746068137033 24.8819190434047 24.8155179704939 24.7165437425886 24.552426474435 24.374025617327 24.3356225149972 24.362934929984 24.3066656930106 24.2170995984759
-9999 -9999 -9999 -9999 22.5403047289167 22.6578494480678 22.7908224378313 22.9489386422294 23.1299127851214 23.2565999712263 23.2767290387835 23.3512652260917 23.5073272160121 23.547760282244 23.4906376429967 23.4068235669817 23.4408656529018 23.5999088287354 23.9151333400181 23.9572794778006 23.8984655652727 -9999 -9999 -9999 -9999 -9999 24.1172888619559 24.3520243508475 24.5275761740548 24.6484336853027 24.7075794764927 24.7781516483852 24.7452951158796 24.8210103171212 24.8310119083949 24.9691625322614 25.0171786717006 24.9543378012521 24.8537815638951 24.7755118778774 24.7840987614223 24.7858284541539 24.6852724892753 24.5144323621477 24.4167341504778 24.3813217708043 24.4270520891462 24.4324515206473 24.3129501342773
-9999 -9999 -9999 22.5260794503348 22.6475919995989 22.8070869445801 22.9367351531982 23.0126675197056 23.1497434888567 23.2319622039795 23.2557994297573 23.3957203456334 23.4235431126186 23.5115370069231 23.5813505990165 -9999 -9999 -9999 24.0129833221436 24.1304168701172 -9999 24.2271851130894 -9999 -9999 -9999 24.3870307377407 -9999 -9999 24.4579257965088 24.5572825840541 24.6950814383371 24.6900234222412 24.6763940538679 24.7470509665353 24.7719930921282 24.7872529711042 24.7971155984061 24.8492633274623 24.9322695050921 24.9455590929304 24.916565486363 24.9075698852539 24.7111459459577 24.5507223946708 24.4468727111816 24.3938773018973 24.461453301566 24.453095299857 24.3585153307234
-9999 -9999 -9999 -9999 22.6909384046282 22.7981025150844 22.9804801940918 23.1028616768973 23.2275246211461 23.2269995553153 -9999 -9999 -9999 -9999 -9999 -9999 -9999 -9999 -9999 -9999 -9999 -9999 -9999 -9999 -9999 -9999 -9999 -9999 -9999 24.6627330780029 24.7646312713623 24.8157479422433 24.8848070417132 24.9229243142264 24.8103891100202 24.7820595332554 24.8061150142125 24.8735994611468 24.9599410465785 24.9679957798549 24.9480528150286 24.8829642704555 24.7407332829067 24.5699307577951 24.4602742876325 24.4637581961496 24.4666707175119 24.4651470184326 24.4591868264335
-9999 -9999 -9999 -9999 22.7208685193743 22.8288931165423 23.0607302529471 23.1935179574149 23.1779725211007 -9999 -9999 -9999 -9999 -9999 -9999 -9999 -9999 -9999 -9999 -9999 24.0039885384696 24.1092259543283 24.2144628252302 -9999 -9999 -9999 24.5893110547747 -9999 -9999 24.7933583940778 24.8593777247838 24.8136945452009 24.7738636561802 24.8237479073661 24.7839153834752 24.7821543557303 24.8407494681222 24.9027737208775 24.951084954398 24.93710735866 24.8339884621756 24.7188682556152 24.5877494812012 24.4200602940151 24.4152270725795 24.4658222198486 24.38498878479 24.3628932407924 24.4955354418073
-9999 -9999 -9999 -9999 -9999 22.8893996647426 22.9721336364746 -9999 -9999 -9999 -9999 -9999 -9999 -9999 -9999 -9999 -9999 23.734952381679 -9999 -9999 24.0588425227574 24.1395359039307 24.3161574772426 24.452634538923 24.4611246926444 24.4960866655622 -9999 24.6860656738281 -9999 24.7130979810442 24.8920841217041 24.9691390991211 24.8930489676339 24.7975303104946 24.7854412623814 24.7285355159215 24.6708139692034 24.6759482792446 24.8307974679129 24.882789339338 24.739924294608 24.5982009342739 24.4816224234445 24.3621875217983 24.3250353676932 24.2998847961426 24.1815904889788 24.1200673239572 24.1673134395054
-9999 -9999 -9999 -9999 22.7843001229422 22.8394007001604 22.9629396711077 23.0763549804688 -9999 23.1956599099295 23.2636462620326 23.4098810468401 23.4634769984654 23.5431406838553 23.5573591504778 23.6625352587019 23.6939612797328 23.763181413923 23.9538307189941 24.1287634713309 24.1129831586565 24.1909171513149 24.3597085135324 24.5227884565081 24.5418682098389 24.5750454493931 -9999 -9999 -9999 24.7117516653878 24.7997845241002 24.9148663112095 24.8979484013149 24.8010286603655 24.786967413766 24.7114881787981 24.688304901123 24.6388364519392 24.7025116511754 24.7210437229701 24.6064316885812 24.4758219037737 24.4040679931641 24.351742880685 24.2674173627581 24.2448057447161 24.2187652587891 24.2835279192243 24.2493768419538
22.6491519383022 22.7628320966448 22.7865126473563 22.7344799041748 22.8020174843924 22.9555541447231 23.0736642565046 23.1997732434954 23.3221680777413 23.358848299299 23.412510735648 23.4865134102958 23.5788726806641 23.6304937090193 23.6466868264335 23.7554490225656 23.8449257441929 23.941408429827 24.0839892796108 24.1801384517125 24.1786700657436 24.270457131522 24.3712585994176 24.4384746551514 24.5131043025426 24.561368397304 24.5230023520333 24.2493005480085 -9999 24.6680908203125 24.7389120374407 24.7739609309605 24.8108466012137 24.8102414267404 24.83763558524 24.7550116947719 24.7166535513742 24.6920116969517 24.6747962406703 24.6661543164934 24.580940246582 24.4797270638602 24.4087971278599 24.3847266605922 24.333226612636 24.2777263096401 24.2182260240827 24.351560320173 24.4354403359549
22.7281039101737 22.8178934369768 22.8265064784459 22.8379767281669 22.9545895712716 23.0369183676583 23.0918164934431 23.191858291626 23.2724707467215 23.4153695787702 23.5685561043876 23.6415045601981 23.673076902117 23.7280766623361 23.7676495143345 23.8895070212228 24.0657449449812 24.1365885053362 24.2011470794678 24.2417046683175 24.2862633296422 24.3833928789411 24.2984815325056 24.340083530971 24.474936076573 24.5669302259173 24.597494670323 -9999 -9999 -9999 -9999 24.7369886125837 24.7046972002302 24.7033574240548 24.6837332589286 24.6865354265485 24.6672889164516 24.570900780814 24.5270829881941 24.4621233258929 24.4320201873779 24.5047738211496 24.5100994110107 24.4017102377755 24.3310347965785 24.2706465039934 24.3045430864607 24.3373061588832 24.3849334716797
22.8239323752267 22.9246698107038 22.9917866843087 22.9937607901437 23.1008780343192 23.1748523712158 23.2842546190534 23.3719436100551 23.3842035021101 23.4730349949428 23.5612953730992 23.6311871664865 23.644996370588 23.7108050755092 23.7600408281599 23.8475510733468 24.0459948948451 24.1644352504185 24.204019001552 24.2253189086914 24.2531754629953 24.3582027980259 24.2819358280727 24.2395387377058 24.290183203561 24.5719203948975 -9999 -9999 -9999 -9999 -9999 -9999 -9999 24.4378964560372 24.4652587345668 24.6140594482422 24.5567817687988 24.4029336656843 24.346225466047 24.3220906938825 24.3756711142404 24.4983934674944 24.6028284345354 24.5889802660261 24.4414166041783 24.2304251534598 24.1560039520264 24.1019085475377 24.1001385280064
22.9281098502023 22.976587840489 23.0393526894706 23.1038306100028 23.2237374441964 23.30250113351 23.4606928144182 23.574887411935 23.555364881243 23.533557346889 23.5437496730259 23.5985834939139 23.6557718004499 23.7158170427595 23.7758620125907 23.8082030160087 23.9428136008126 24.072853905814 24.0738705226353 24.0472967965262 24.09740121024 24.474346433367 24.3219609941755 24.2682375226702 24.3959078107561 -9999 -9999 -9999 -9999 -9999 -9999 -9999 -9999 24.3333783830915 24.3102139064244 24.4895831516811 24.4919883183071 24.3378208705357 24.225940159389 24.2969158717564 24.4027511051723 24.3240111214774 24.3727021898542 24.4973926544189 24.4529418945312 24.1210599626814 23.9046080453055 23.8265113830566 23.8113455091204
23.0083825247628 23.063364301409 23.1092041560582 23.2790415627616 23.3345955439976 23.3764356885638 23.4565595899309 23.5738291059222 23.5322399139404 23.5357943943569 23.5639190673828 23.625407900129 23.6859754834856 23.7676860264369 23.8186443873814 23.8254241943359 23.8486584254674 23.9340814862932 24.0126588003976 23.9239752633231 -9999 -9999 -9999 -9999 -9999 -9999 -9999 -9999 -9999 -9999 -9999 -9999 -9999 -9999 24.1562584468297 24.2302494049072 24.3517654963902 24.3275683266776 24.2313687460763 24.2705996377128 24.3115446908133 24.1399168287005 24.0134340013777 24.055519921439 24.0758934020996 23.8825522831508 23.8149245125907 23.8122585841588 23.7995899745396
23.3177956172398 23.2747102464948 23.3419124058315 23.4708257402693 23.5134560721261 23.5069416591099 23.5827146257673 23.5887718200684 23.5485436575753 23.5643147059849 23.6109444754464 23.6379468100412 23.645323072161 23.7195562635149 23.736268724714 23.7386196681431 23.7267387935093 23.802545275007 -9999 -9999 -9999 -9999 -9999 -9999 -9999 -9999 -9999 -9999 -9999 -9999 -9999 -9999 -9999 -9999 24.0812655857631 24.1629161834717 24.2841459001814 24.3368432181222 24.2362267630441 24.1414239065988 24.1271948133196 24.09296471732 23.9204496656145 23.8182193211147 23.7251308986119 23.7446152823312 23.7818148476737 23.8185762677874 23.8311361585345
