data/curr_env/bio5_avg_2010-2016.asc
NCOLS 664 
NROWS 380 
XLLCORNER 3.91666666666667 
YLLCORNER 55.3333333333333 
CELLSIZE 0.0416666666666667 
NODATA_value -9999 
[rows 198 to 219 of 380, columns 147 to 195 of 664]
17.74352482387 17.898446900504 17.3693689618792 17.4157205309187 17.8106426511492 17.0968950816563 17.2647649220058 17.5526331492833 17.2142171859741 17.1598014831543 17.7053835732596 17.2020657403129 16.8228139877319 16.6915615626744 17.2785951069423 17.9862007413592 17.3903762272426 16.8056124278477 16.7210520335606 16.5496346609933 16.2119315011161 15.895943232945 16.356525693621 17.509108543396 17.4885481425694 17.5045595169067 18.4679993220738 18.6142965044294 17.4954509735107 17.0142961229597 16.5325480869838 16.7736575262887 16.606766973223 16.6130185808454 16.1535562787737 15.5232372283936 15.178061076573 14.5871700559344 15.2271357945033 16.0419593538557 16.0116404124669 16.4920843669346 16.5130094800677 17.0510759353638 17.2005707877023 16.7437812260219 15.8344193867275 14.7896288463048 14.3054099764143
17.6284945351737 17.1469000407628 16.8138791493007 17.3054291861398 17.452978679112 16.9845241819109 16.9337769917079 17.157888684954 16.6368296486991 17.3857927322388 17.5696112768991 17.586574281965 16.6018228530884 15.7256428854806 16.1043191637312 16.8909963880266 16.424530846732 17.0737242017473 16.3260064806257 15.761146409171 15.8574285507202 16.3182822636196 17.0911367961339 17.0817035947527 16.4437005179269 16.8491264070783 17.7482659476144 18.4096908569336 18.1888310568673 18.0309525898525 17.8983444486346 17.2594495500837 17.0885551997593 17.1445172173636 16.560478755406 16.1627268110003 15.7524035317557 15.747223172869 16.0831850596837 16.612290927342 16.7156820297241 16.5039351327079 16.2404796055385 16.5981663295201 16.9329966136387 16.4438264029367 15.4249421528408 13.9603432246617 14.0466023853847
17.4500334603446 17.1593548910958 16.971481187003 17.2034594672067 16.8868676594325 16.857731955392 17.016624041966 16.9915152958461 16.6824075153896 17.2778708594186 16.9961904798235 17.2287973676409 17.2991176332746 17.0482944761004 16.1626149586269 15.8523644038609 15.5295416968209 16.0338366372245 16.3366757801601 16.5269429343087 16.4252108165196 16.130336352757 16.1131758008684 16.0897284916469 15.9017109189715 16.2839787346976 17.248532976423 17.7005141122001 16.7359256744385 17.0344671521868 18.1567102159773 18.2903840201242 17.8006271634783 17.4354438781738 17.3325444630214 17.0627884183611 16.8616038731166 16.9821338653564 16.7683779852731 16.0951939991542 16.0254378999983 16.4780706678118 16.6999498094831 16.6126861572266 16.8265643801008 16.4524435315813 15.8983226503645 14.8002015522548 14.9060806546892
17.0041463034494 17.1213651384626 16.5528030395508 16.2322402681623 16.5002490452358 16.220378603254 16.0074852534703 16.454021181379 16.2582705361503 16.8682344981602 16.033055305481 16.0361626488822 16.2764121464321 16.6503759111677 16.6403397151402 15.6297328131539 15.4111247743879 15.6236622674125 15.5033441271101 16.1144542694092 16.2015656062535 16.0663900375366 15.8495001111712 16.5828960963658 16.6574352809361 16.6034028189523 17.3385132380894 17.2084808349609 16.3773059844971 16.4934091567993 17.5076492854527 17.5858888626099 17.3287011555263 17.3497986112322 16.6320381164551 16.1434215818133 15.7210901805333 16.0399017333984 16.5324276515416 16.46438230787 16.2774791717529 16.2636348179408 16.8959909166609 16.8203480584281 16.7944191523961 16.4987753459385 16.3877034868513 16.4463457380022 16.0878447123936
16.8636845179967 17.0647476741246 16.732184273856 16.184762273516 16.0910561425345 15.441535949707 14.9202036176409 15.5508711678641 16.0186819349016 16.2367785317557 16.3274457114083 15.9038279397147 15.7042101451329 15.5777341297695 16.3535451889038 16.1413556507656 15.4085948126657 15.0692307608468 15.5169794900077 16.0350131988525 15.9570467812674 16.5013659340995 16.5793997900827 16.1020045961652 15.8366092954363 16.2569295338222 17.2486775262015 16.7095684323992 16.3916025161743 16.5185248511178 17.5377634593419 17.2187164851597 16.9436697278704 17.325766154698 17.2975773130144 16.8316736221313 16.7823401859828 16.8192937033517 16.5156764984131 16.7926299231393 16.9084403174264 16.9197303227016 16.9842145102365 16.820697920663 16.7926104409354 17.0679520198277 17.0112923213414 17.0266321727208 16.7351166861398
17.0691041946411 17.0062208175659 17.5381958825248 16.8547409602574 16.3541438238961 15.9109182357788 14.9233496529715 15.2043527875628 15.7984985624041 15.0852158410209 14.9627902167184 15.6580783299037 15.615081514631 15.6886563982282 15.1885159356253 15.304376738412 15.6562365123204 15.2431139264788 15.596437726702 15.3080467496599 16.1065128871373 16.2038358960833 15.5440171105521 15.5973397663661 15.420949118478 15.6714151927403 16.580167225429 16.2712048121861 16.6159572601318 16.7932390485491 17.0116222926549 17.4551499230521 17.7003905432565 17.6707743235997 17.5880170549665 17.2909709385463 17.3573556627546 17.2591683523996 17.0884101050241 17.3879360471453 17.4634635107858 17.3092136383057 17.0777612413679 17.2697356087821 16.975996698652 16.791971887861 16.5685189110892 16.715922491891 16.7638980320522
16.0357532501221 15.6568365097046 16.5682066508702 17.1012900216239 16.769232068743 16.2625857761928 16.1327807562692 15.4189767837524 15.7360292162214 15.0245099748884 15.0181346620832 15.0277587345668 15.5973828179496 15.902435030256 15.5532012666975 15.5656830923898 15.3987354551043 15.4415681021554 15.8696102414812 15.7673662730626 16.1028362001692 15.8937356131417 15.1949197224208 15.3081038338797 16.1327172688075 16.8424731663295 16.3116569519043 16.2939846856254 16.8471690586635 16.9588113512312 17.1694834572928 17.7727263314383 17.9565406526838 17.5214986801147 16.8264559337071 16.9599845068795 17.0437998090472 17.09961441585 17.4468575886318 17.3049576623099 17.0384862082345 17.1929838997977 17.3667350496565 17.2462023326329 16.8942405155727 16.5891355787005 16.7314597538539 16.7617830548968 16.7332495280675
15.6892595291138 15.9851665496826 15.7913608551025 15.4135550090245 16.7054625919887 16.9216822215489 16.5404985972813 16.1096006120954 16.2895600455148 15.6872336523873 15.6597644260951 15.1340092250279 15.8842545918056 16.3887848172869 15.9178874152047 15.5818469183786 15.2783778054374 15.4503081185477 15.9913539886475 16.4906854629517 16.6631595066616 16.5213475908552 15.7995367050171 16.0337249210903 16.924485206604 17.0889590127128 16.3660050800868 16.5487647737776 16.8298102787563 17.3655275617327 17.7913443701608 18.0360180991037 17.624691418239 17.5836492265974 17.5066088267735 17.4661402021136 17.5531004496983 17.3823446546282 17.2841623851231 17.0534071241106 17.1855085917882 17.4201814106532 17.403139931815 17.0563835416521 16.9924842289516 16.1148711613246 16.6218288966588 16.7190722056798 16.1266021728516
15.0564787728446 16.1186403547015 15.9665152685983 15.802389553615 15.794264793396 16.3624924251011 17.3390727724348 17.3202242170061 16.6808049338205 16.6613851274763 16.3436798368182 15.8362599781581 15.9248410633632 15.8465641566685 15.7631440843855 15.7174391065325 15.5985908508301 15.5761910847255 15.4930986676897 15.9368624005999 16.3154832295009 16.4832466670445 16.6967253003802 17.2702022280012 17.5511099951608 16.947445324489 16.3220663070679 16.9081153869629 17.1918798174177 17.615100315639 17.9634898049491 17.8958790642875 18.0951271057129 17.7040887560163 17.3941920144217 17.2345818110875 17.1549722126552 17.131361416408 17.4711807795933 16.8967124394008 16.7233889443534 17.0405227116176 17.5772572926113 17.9831349509103 17.6610142844064 15.90517779759 15.1607694625854 14.7735050746373 15.4256683077131
15.4905563082014 15.9332554680961 15.9468115397862 16.3020821980068 16.4236384800502 16.4821604319981 16.2742186955043 17.0491339819772 16.5857644762312 16.2526799610683 16.1458815165928 15.7173686708723 15.3517130443028 15.0249141965594 15.2558300835746 15.5438883645194 16.1696612494332 16.2883600507464 15.8714137758527 16.0453240530831 15.3426634924752 15.712002481733 16.696770123073 17.1718247277396 17.4914493560791 17.6425029209682 17.357556615557 17.2263243538993 17.6310920715332 17.9703859601702 17.1967778887068 16.8208849770682 16.6758482796805 17.3502405711583 17.7274896076747 17.7481666292463 17.6442729404994 17.1626646859305 17.3924860273089 17.5405905587333 17.6681250163487 17.7122926712036 17.6188038417271 18.0270303998675 18.0872568402972 17.476056098938 16.5237105233329 15.5262229101998 14.656163760594
15.3612051010132 15.9375851494925 16.2991083690098 16.3526319776263 16.3570124762399 16.6481135232108 16.7190787451608 17.054616519383 16.9421527045114 16.1599745069231 16.1212259020124 16.4104769570487 16.4940132413592 15.6392639705113 15.5645153863089 15.8263379505702 16.1201601028442 16.6336714880807 16.4502999441964 16.0623577662877 15.931558064052 16.7636156082153 17.185386793954 17.2357303074428 16.9169314248221 17.1335607256208 17.8039048058646 17.7245336260114 17.2731628417969 17.5011013575963 17.3340670721871 17.0693184988839 16.5508548191616 16.3123919623239 16.9482137135097 16.8417502811977 17.0467161451067 17.9173953192575 18.2766459328788 18.3250405447824 18.4877199445452 18.4572048187256 18.5506376538958 18.3097828456334 18.111786706107 17.8469341823033 17.7660803113665 17.3377986635481 16.9340876170567
15.6484260559082 15.6059153420585 15.7171201705933 15.8294669560024 15.9412430354527 15.9626388549805 15.9325101034982 16.733811378479 17.4253981454032 17.0084126336234 16.5771410805838 16.6727279935564 16.851742199489 16.598758152553 16.4732007980347 16.0402160372053 16.5683734076364 16.6732687268938 16.266330582755 16.3582492555891 17.2164532797677 17.4843721389771 17.5420049939837 17.3630672182356 17.7607002258301 18.0223321914673 17.2702514103481 15.7450268609183 14.8420885631016 14.7741030284337 16.3502130508423 17.1200377600534 17.700719833374 17.0653997148786 16.6649396078927 17.370192527771 17.2845881325858 17.4532699584961 17.8053790501186 17.3683475766863 17.6438853400094 18.1261179787772 18.2533255985805 18.2045356205532 18.0894601004464 17.8623839787074 17.7558784484863 17.7636582510812 17.8725821631295
14.7516456331526 13.1748173577445 13.5099889210292 15.1623021534511 15.8049026216779 15.4337343488421 15.7385131290981 16.5524349212646 17.3486424854824 17.2379929678781 17.1130570002965 16.5338356835502 16.8740433284215 17.3559645244053 17.2201717921666 17.0335220609392 16.7971581050328 16.2448663711548 16.277788570949 17.6181406293597 18.0179203578404 18.0411285672869 18.1534791673933 17.6606878553118 17.2798959187099 17.521961075919 17.3651689801897 16.8592350823539 16.3173005240304 15.8036755153111 15.3726442881993 16.3724709919521 16.5471542903355 17.5332663399833 16.9125210898263 16.9026336669922 17.4893178939819 16.6537148611886 17.3323978696551 17.6510829925537 17.5914799826486 17.8436001368931 17.8788727351597 18.1141447339739 18.1637028285435 17.7795472826277 17.5999618257795 17.9729476656233 18.0579351697649
14.7377237592425 13.5591471535819 13.8302852085658 14.6911377225603 14.4742759977068 14.5831168038504 15.5485169546945 16.1853448322841 16.5678877149309 17.1012867518834 17.0261152812413 16.9778005055019 17.1614864894322 17.109744480678 17.5574279512678 17.3313997813634 16.8979430879865 16.6696062088013 17.3772474016462 18.0654591151646 18.6833850315639 18.2104565756662 17.1838099615914 16.6771658488682 16.6013781683786 16.6370184762137 17.1875174386161 17.536872455052 17.2736564363752 16.8475329535348 16.7436477116176 16.7991898400443 16.3233041763306 17.2388467788696 17.6749600001744 17.4945042473929 17.8003319331578 17.3918745858329 17.2805602209909 17.61553137643 18.1156452723912 17.1416568756104 16.5581338065011 17.2083255222866 18.0122319630214 18.0287099565778 17.7451876231602 18.2050942012242 18.3261440822056
15.1912295477731 14.7897624969482 15.1065819604056 14.5371164594378 14.1196494783674 15.522212437221 16.0768056597028 15.4462547302246 15.4008467538016 16.4051536832537 17.0597453798567 16.931480543954 16.8723587308611 17.2178080422538 17.1215425218855 17.8852776118687 18.3250132969448 17.57434626988 18.3247051239014 18.8562066214425 17.343138558524 17.7049249921526 16.6718553815569 16.2873586927141 16.3320029122489 16.1943622316633 16.1155787876674 16.6710805892944 17.2277261189052 17.6159635271345 17.4175081253052 17.4733381271362 16.7503119877407 16.9992852892194 16.8614011492048 16.618374143328 17.376490184239 17.4597496305193 17.5681510652815 17.8182672773089 18.3215263911656 17.4854252679007 17.1071087973458 17.726507459368 18.2887616838728 18.1327310289655 18.00412940979 18.3549548557826 18.5709247589111
15.1618780408587 15.3998071125575 15.8965933663504 16.0048082896641 14.9307374954224 15.4944520677839 16.3388081959316 16.5517357417515 16.4058064052037 17.1513058798654 17.3745185307094 16.5880177361625 16.1443738937378 17.2138725008283 18.5605152675084 18.6288713727679 19.0189410618373 18.9053720746722 18.6738790784563 18.1886694771903 17.1086044311523 17.4096810477121 17.3513303484235 16.2095505850656 16.4951993397304 16.2231339045933 16.4162114007132 16.4847175053188 16.2823662076678 16.7495359693255 16.9999392373221 17.3394865308489 17.7864619663783 17.1065796443394 16.3746974127633 15.1668154852731 16.1435049601964 16.8973375047956 16.8214554105486 17.2038586480277 18.2599767957415 18.2531956263951 18.000084740775 18.0029735565186 18.2447204589844 17.8390384401594 17.7619262422834 17.6802444458008 17.0551346370152
15.0422940935407 14.9200077056885 15.5228655678885 15.5674370356968 16.2794367926461 16.4448047365461 16.1069695608956 17.2331341334752 16.9021556036813 16.8620346614293 16.8167705535889 16.7897921970912 17.2508136204311 17.8335505894252 18.8854291098458 18.2818805149623 17.9806158883231 17.5572985240391 17.1427852085658 16.8882724217006 16.7154737200056 17.5678176879883 17.7887322562081 16.5273620060512 17.3299931117467 16.6954792567662 16.8506804874965 16.3407380240304 16.2307966777257 15.7401572636196 15.4648204530988 16.519768851144 17.8838608605521 16.9565232140677 17.3989013944353 15.8984210150582 15.9796560832432 16.1448903764997 16.4638389859881 17.3342163903373 18.0828792027065 18.5475782666888 18.5363140106201 18.2947635650635 17.9074999945504 17.7059512819563 17.7604000908988 17.7451358522688 17.1264431817191
16.0621904645647 16.4052222115653 16.67453956604 16.6970000948225 17.1091755458287 17.2612706593105 17.1321452004569 17.33216381073 17.468181337629 17.5064853940691 17.43678855896 17.3350929532732 17.558538709368 18.4082701546805 17.2180020468576 14.8511640003749 16.650610106332 17.3798409870693 17.037714276995 16.864159311567 17.2066025052752 17.3576183319092 18.566349029541 17.6213645935059 16.2523810522897 16.9908259255545 17.361841746739 16.8888572965349 16.0810164042882 16.0106851032802 15.9435789925711 16.0267587389265 17.3225100381034 17.4434039252145 17.5362977981567 17.8583338601249 17.8255139759609 17.4544085093907 17.2170151301793 17.3099091393607 18.3353751046317 18.4662908826556 18.487799508231 18.0824516841343 17.7096748352051 17.6951841626848 17.5086924689157 17.2410593032837 17.2642810004098
16.5689450672695 16.8744362422398 17.7216433116368 17.6402784075056 16.7320559365409 16.2080232075282 16.2224651064192 15.7306221553258 16.4233506066459 16.7143640518188 17.4385204315186 18.2889635903495 18.566835130964 18.8812776293073 17.1717195510864 15.9570189884731 16.2680320739746 18.2772399357387 17.457213810512 17.2040454319545 17.8091603687831 18.0731356484549 18.989109311785 18.5102247510638 16.6193415778024 15.7598863329206 16.2318602970668 16.9724050249372 17.0038065229143 17.0532128470285 17.3269100189209 16.8588912146432 17.6645866121565 17.6891411372593 16.2891225814819 16.4056757518223 17.7045140947614 18.3284974779402 18.313620703561 18.3810321262905 18.6124433789934 18.249002456665 17.9284271512713 17.7232818603516 17.6547055925642 17.7924161638532 17.7552705492292 16.8409810747419 15.8346910476685
17.4785558155605 17.5967942646572 16.9098893574306 16.4704132080078 16.196079662868 16.3599184581212 16.641928264073 16.9062234333583 17.2133759089879 17.1833854402815 17.5562534332275 18.233120237078 18.3991290501186 18.9754251752581 18.7425774165562 17.814302444458 17.2305981772287 17.6277830941337 19.0847135271345 18.1307885306222 17.472291128976 17.1555073601859 17.7695823396955 19.3127986363002 17.3165869031634 16.5883755002703 17.1224501473563 17.2605237960815 17.0465974807739 16.6317413875035 16.7485253470285 17.5795959745135 18.1729507446289 18.4143058231899 17.6619486127581 17.1427320752825 17.2972305842808 18.3374421255929 18.654226575579 18.7161532810756 18.5632242475237 18.0088569096157 17.5884851728167 17.5972539356777 17.3203082765852 17.3662212916783 17.4801330566406 17.8494735445295 17.0896730422974
16.6853103637695 16.5008652550834 15.6775635310582 15.8782621111189 15.8652462278094 16.4820991243635 16.9911050796509 17.081824030195 16.966831615993 16.6124079568045 16.9848417554583 17.5401336124965 17.3668533052717 17.8432877404349 18.0831505911691 18.6315858023507 18.6423070090158 17.7828963143485 17.9750717708043 19.3895309993199 18.7474212646484 17.4607375008719 17.5586265836443 18.7605163029262 18.838404246739 17.3260074343 17.2438959394182 17.3012147630964 17.1002467019217 16.7405553545271 16.868427004133 17.4854424340384 17.9064565386091 18.3451859610421 18.4576301574707 18.299216406686 18.1179455348424 18.1623892102923 18.7954038892473 18.8827048710414 18.6905762808663 18.4864262172154 17.6273982184274 17.7335131508963 17.6481981277466 17.6263115746634 17.5575695037842 17.9219675064087 18.1857967376709
15.7600635801043 15.4072226115635 15.7823814664568 16.5798254013062 16.9246993746076 16.784850529262 16.2854240962437 16.5602833884103 16.2219994408744 15.8968580790928 16.6545743942261 17.1311482020787 17.042578969683 17.4420092446463 17.5522970472063 17.859155518668 18.3031578063965 18.7488678523472 18.9088568006243 18.7008465358189 19.5711214882987 18.8876825060163 17.6831008366176 17.6390893118722 19.7042228153774 18.8613542829241 17.9076294217791 17.52933379582 17.341322353908 17.4893684387207 17.340900012425 17.3444310597011 17.2039631434849 17.4463525499616 18.1555976867676 18.7008429936 18.7518032618931 18.8701926640102 19.1485802786691 19.1206833975656 19.0596444266183 18.736567905971 17.7880254473005 17.6737699508667 18.0103721618652 17.9515450341361 18.116718019758 17.8784617015294 18.3544910975865
