data/curr_env/bio6_avg_2010-2016.asc
NCOLS 664 
NROWS 380 
XLLCORNER 3.91666666666667 
YLLCORNER 55.3333333333333 
CELLSIZE 0.0416666666666667 
NODATA_value -9999 
[rows 273 to 293 of 380, columns 48 to 95 of 664]
-2.584553701537 -3.71822420188359 -4.66631666251591 -4.44079879352025 -3.94110439504896 -5.38703393936157 -6.01972031593323 -6.89110537937709 -7.82363544191633 -8.45216819218227 -8.71441527775356 -9.15494803019932 -9.32576663153512 -8.52934612546648 -9.35883181435721 -9.09422172818865 -9.94904027666364 -10.2158585957118 -9.82267720358712 -9.95635291508266 -8.52320180620466 -9.43636737551008 -10.7998190607343 -11.4238420213972 -11.4067219325474 -11.5318873269217 -11.6050528117589 -11.4816473552159 -12.1513844898769 -12.0216928209577 -11.4394301005772 -11.6788813727243 -11.3783449445452 -10.9972497395107 -11.1306653703962 -11.1173464911325 -11.0097411019461 -11.2844215801784 -11.1556734357561 -10.883497442518 -11.3107489177159 -11.3591433933803 -11.282395703452 -11.0370762688773 -11.317869254521 -11.6809753690447 -11.9796796526228 -12.4734420776367
-3.29318608556475 -4.14523000376565 -4.64564331940242 -4.52962800434658 -4.13276244912829 -4.87031211171831 -5.84829677854265 -7.47942427226475 -8.57305867331369 -7.92634248733521 -7.54779727118356 -8.09290960856846 -8.2353367805481 -7.9047634942191 -8.1893322127206 -8.54947301319667 -8.89475679397583 -9.14175524030413 -9.59275300162179 -8.54089396340506 -8.98763063975743 -10.2438204629081 -10.8257246698652 -11.0053428922381 -11.0535325322832 -11.3508653640747 -10.8916264942714 -11.4969594138009 -11.7914348329817 -11.6321962901524 -11.6695285524641 -11.7908614022391 -11.704893384661 -11.5390533719744 -11.2200704983303 -11.1180074555533 -10.8609576225281 -10.9216224125453 -10.7302867344448 -10.6166654314314 -10.6367579868862 -10.857421875 -10.8860867364066 -10.9427509307861 -11.0030751228333 -10.6919332231794 -10.4415894235883 -11.5158173697335
-4.27940492970603 -4.4215795653207 -4.36151604993003 -4.59609835488456 -5.37851306370326 -6.35349917411804 -7.00734233856201 -7.50575712748936 -7.828620161329 -7.65078885214669 -6.53430472101484 -6.89969733783177 -7.0304376738412 -7.51374919073922 -7.17601101739066 -7.91637202671596 -8.7356835092817 -9.34870944704328 -9.46916355405535 -8.72161783490862 -8.26678889138358 -9.07267543247768 -9.59284823281424 -10.3147353444781 -10.4566223961966 -9.8099376814706 -10.7101103918893 -11.0274260384696 -11.0555982589722 -10.9929140635899 -11.2765147345407 -11.3572587966919 -11.477101462228 -11.6394706453596 -11.5784109660557 -11.5916370664324 -11.4014346258981 -11.5020892279489 -11.3004580906459 -11.0062561716352 -11.2077584266663 -11.2482119968959 -11.1292362213135 -11.1439754622323 -10.600955418178 -9.91041823795864 -10.2900857925415 -10.011467729296
-3.9413891008922 -4.25957158633641 -4.50063506194523 -5.22471148627145 -5.96333357266017 -6.81954336166382 -7.40203203473772 -7.4400897026062 -6.15060690471104 -5.68110632896423 -5.38438323565892 -6.12162869317191 -6.76325310979571 -7.20916373389108 -8.29507439477103 -9.19012805393764 -9.53432464599609 -9.31509229115077 -9.30614580426897 -8.87777083260672 -7.34537533351353 -6.84153093610491 -7.69711474009923 -8.17678724016462 -8.3552976335798 -9.37300968170166 -10.0445936066764 -10.5241774150303 -11.1494761194502 -11.250202860151 -11.2252150944301 -11.2516562598092 -11.2807374681745 -11.2404580797468 -11.3916076932635 -11.1947571209499 -11.0213357380458 -11.2461993353707 -11.3624914714268 -11.4164979117257 -11.8259330477033 -11.7530829565866 -11.4185179301671 -11.1313814435686 -10.3336926187788 -9.73672144753592 -10.1048679351807 -9.95283263070243
-4.92350111688886 -5.25420406886509 -5.66090726852417 -5.961895772389 -6.31042058127267 -6.76803963524955 -7.3810875075204 -6.91356355803353 -5.83204800742013 -4.69101692949023 -5.83390593528748 -7.12355865750994 -7.71035405567714 -7.81086417606899 -8.05137416294643 -8.13645546776908 -8.17696578162057 -7.90090363366263 -7.30827113560268 -7.32032530648368 -6.57127659661429 -7.55210045405797 -9.17680985586984 -9.32323387690953 -9.80680070604597 -10.2629387038095 -10.5750770568848 -10.9117866243635 -11.0022106170654 -11.0869203976222 -11.0647730827332 -11.0506251198905 -11.2986595971244 -11.2563035147531 -10.9002336774554 -10.8533060891288 -11.1086653300694 -11.5017377308437 -11.7930961336408 -11.8833112716675 -11.9643842152187 -11.8077426637922 -11.5768154689244 -11.0521738869803 -10.311126777104 -9.36395999363491 -9.68422147205898 -9.71191188267299
-4.97052376610892 -5.17224305016654 -5.03087302616664 -5.35933327674866 -6.08265086582729 -6.7271112033299 -7.08814297403608 -6.17546044077192 -4.90648152147021 -4.79829335212708 -5.73580871309553 -6.71169699941363 -6.95056482723781 -6.29113612856184 -6.44910223143441 -6.80979578835624 -6.71617759977068 -6.1575722694397 -6.56468163217817 -8.00493362971715 -8.83512006487165 -9.23581266403198 -9.15105969565255 -9.97091197967529 -10.488175868988 -10.8665821211679 -10.6118463107518 -10.5913960593087 -10.6360887118748 -10.5504951477051 -10.6569021088736 -10.5301656723022 -10.4657245363508 -10.4127202033997 -10.3648591722761 -10.816426549639 -11.2285655566624 -11.5075614111764 -12.1054145268032 -12.1398393086025 -11.9451216288975 -11.569831439427 -11.1528272628784 -10.6163945879255 -10.3178861481803 -9.25673069272723 -9.94586086273193 -9.80013343266078
-3.87310327802386 -4.37411917958941 -4.78641642842974 -5.57740783691406 -5.94039920398167 -6.13196206092834 -5.21634132521493 -4.78475565569741 -4.22250177179064 -4.85275306020464 -5.4863543851035 -5.58751484325954 -6.46010415894645 -7.25197928292411 -7.14397328240531 -6.6079671723502 -5.85367563792637 -6.23824119567871 -8.29709216526576 -8.96222925186157 -10.0422780854361 -10.5749532835824 -10.7362001964024 -10.6563041550773 -10.9621216910226 -11.0096545219421 -10.9337585994175 -10.6412907327924 -10.4345375469753 -10.6254984310695 -10.8033165250506 -10.8982775551932 -10.9819318907601 -10.8594226837158 -10.3180563790458 -10.318975857326 -10.861038003649 -11.4619572503226 -11.7811621257237 -12.027795791626 -12.0475718634469 -11.5056341716221 -10.8756963184902 -10.4314729145595 -10.6212175914219 -9.66835853031703 -9.56235708509173 -9.89578396933419
-3.63111114501953 -3.77060685838972 -3.94095243726458 -4.14743265083858 -4.09592316831861 -3.89825398581369 -3.97297646318163 -3.8461822441646 -4.61468090329851 -5.29417780467442 -5.95712661743164 -5.79436145509992 -5.5538820539202 -5.84940252985273 -6.33741569519043 -7.01772345815386 -7.63345922742571 -7.94462381090437 -8.52607440948486 -9.82581050055368 -10.3260074343 -10.2923800604684 -10.3873240607125 -10.4651249476842 -10.5697828020368 -10.856155191149 -10.9065275873457 -10.9740428243365 -10.9912720407758 -10.9045018468584 -10.1760170119149 -10.101817880358 -10.4632825170244 -10.5598393848964 -10.3666817801339 -9.9580956867763 -10.2575097765241 -10.9803526742118 -11.4854809897287 -11.627752167838 -11.6688804626465 -11.2842947414943 -10.4191370010376 -10.1339795248849 -9.70626258850098 -9.76627213614328 -9.01313917977469 -9.14857748576573
-3.58653914928436 -4.62595673969814 -3.74705723353795 -4.18206254073552 -4.57448528494154 -4.43362888268062 -4.26768214362008 -4.92552060740335 -6.03227482523237 -6.51243758201599 -6.4710625239781 -6.50911620685032 -6.74031264441354 -7.60680859429496 -8.22800104958671 -7.9394794191633 -8.2766718183245 -8.46529265812465 -9.01391390391758 -9.46710634231567 -9.85030841827393 -10.0298067501613 -10.0767335891724 -10.1659454618182 -10.4191577093942 -10.713513306209 -10.8587255477905 -10.9445089612688 -11.0194357463292 -10.9897909845625 -11.0458605630057 -10.8282157352992 -10.7012044361659 -10.6191135134016 -10.2193077632359 -9.77778775351388 -10.0836963653564 -10.6684623445783 -11.3275136947632 -11.4368513652257 -11.2941883632115 -11.2343829018729 -10.745434488569 -10.0684860093253 -9.66616521562849 -9.33332865578788 -9.28049237387521 -9.25565610613142
-3.79572711672102 -4.19982780729021 -3.38916436263493 -3.41174604211535 -3.67364663737161 -4.17215011801038 -4.42751891272409 -5.19582486152649 -6.1626935005188 -6.19641184806824 -6.63471262795585 -7.09415653773716 -6.89360025950841 -7.16450909205845 -7.1140148299081 -7.23094946997506 -7.84502676555089 -8.32024696895054 -8.83375304085868 -9.22668777193342 -9.62260981968471 -9.91923332214355 -9.95871387209211 -9.89648069654192 -9.97196129390172 -10.4097280502319 -10.7400662558419 -10.8966892106192 -11.0321702957153 -10.9699370520455 -10.6974179404122 -10.5614700317383 -10.065411908286 -10.4561016219003 -10.5010760852269 -9.68033681597028 -10.1601688521249 -11.143429347447 -11.1638329369681 -11.0619500705174 -10.6966394696917 -10.9616143362863 -10.7511606216431 -10.002420766013 -9.90378168651036 -10.0603854996817 -10.2472746712821 -10.1284496443612
-2.83884925501687 -2.96821595941271 -2.96305389063699 -3.63300287723541 -3.78209500653403 -4.5201392684664 -4.38405530793326 -4.47907369477408 -5.36225499425616 -6.09836006164551 -6.62360807827541 -6.79971333912441 -5.94460238729204 -6.24735215732029 -7.08231462751116 -7.35384825297764 -8.05395351137434 -8.59291573933193 -9.25873531614031 -9.66798305511475 -9.83548177991595 -9.79551683153425 -9.97326646532331 -9.87158700398036 -9.5961937223162 -9.99051455089024 -10.3608350072588 -10.5905846187047 -10.7426196507045 -10.5557976450239 -10.036404132843 -9.5535819871085 -9.26790564400809 -9.02337537493024 -9.34113039289202 -9.77545724596296 -10.5389266695295 -10.5623963219779 -10.2761513846261 -10.5973354748317 -10.4893765449524 -10.2934174537659 -10.226601260049 -10.0477848734174 -10.0333987644741 -10.1228701727731 -10.0300566809518 -9.89438567842756
-9999 -9999 -9999 -3.26456844806671 -3.53999512536185 -4.06304068224771 -4.44799111570631 -4.87103669984 -4.46410231930869 -5.00506632668631 -5.26612322671073 -5.33478675569807 -5.25413056782314 -5.93027707508632 -6.48547101020813 -6.93157928330558 -7.34173713411604 -8.53472736903599 -9.21571731567383 -9.61042179380144 -9.79863997868129 -9.85180064610073 -9.97296176637922 -9.87697921480451 -9.56614017486572 -9.77587236676897 -9.98903315407889 -9.56047964096069 -9.38621180398124 -9.30508661270142 -9.17367574146816 -9.42855085645403 -9.34925631114415 -8.95407751628331 -8.64232751301357 -9.33914906638009 -9.66454206194196 -9.56250592640468 -10.0204702104841 -10.4475776127407 -10.4666842051915 -10.1475059645517 -10.2791844776699 -10.1268629346575 -10.0544441086905 -10.2242127827236 -9.94198172433036 -9.6660361289978
-2.90692337921688 -3.33337337630136 -3.89322994436537 -3.92441964149475 -3.48519681181226 -3.80928288187299 -4.37937002522605 -4.83248216765268 -5.23433034760611 -5.04525317464556 -5.07998520987374 -5.62471737180437 -6.49116383280073 -6.9838958808354 -7.4200565474374 -8.09107453482492 -8.65409231185913 -8.69425324031285 -9.32812820162092 -9.59571736199515 -9.7160837990897 -9.82294157573155 -9.85208531788417 -9.59380034037999 -9.56637239456177 -10.0429443631853 -10.1332305499486 -10.1366600309099 -10.5538035120283 -10.3383757046291 -9.67494794300624 -9.66523402077811 -9.42832088470459 -9.04535164151873 -8.90638194765363 -8.58055530275617 -8.72558532442365 -8.55690145492554 -9.51278924942017 -10.2029622622899 -10.5131355694362 -10.0307375362941 -9.73062522070748 -9.94308383124215 -9.65606083188738 -9.67984070096697 -9.75333499908447 -9.81997258322579
-2.76504216875349 -3.22748475415366 -3.44982632568904 -3.22354900836945 -3.10545883859907 -3.84879716805049 -4.0981913294111 -4.71747367722647 -5.19783568382263 -5.62079310417175 -5.7003219468253 -5.84670785495213 -6.7668080329895 -7.4457654271807 -7.58358001708984 -8.0859659739903 -8.36606638772147 -8.71988051278251 -8.92055225372314 -9.15093817029681 -9.29943704605103 -9.683762550354 -9.98065948486328 -9.94327136448451 -9.60131113869803 -9.46963691711426 -9.61510556084769 -9.76571696145194 -9.71290002550398 -10.3337971823556 -10.4152657645089 -10.4544486318316 -10.3843634469169 -10.0592970166888 -10.0822302273342 -9.87773432050433 -9.62866803577968 -8.53502954755511 -8.22996282577515 -8.62603882380894 -9.93640041351318 -10.0204764774867 -9.6559807913644 -9.68462869099208 -9.84571095875331 -9.52665669577462 -9.28017466408866 -9.22854948043823
-2.3666741507394 -2.39176838738578 -2.75483570780073 -3.07338544300624 -3.83841056483132 -4.34217696530478 -5.17933464050293 -5.55592131614685 -5.90376142093113 -6.33657016072954 -6.16994990621294 -5.69647281510489 -6.42013852936881 -7.253518308912 -7.84689828327724 -8.0734213420323 -8.22794396536691 -8.43789543424334 -8.68556118011475 -8.96636962890625 -9.22241333552769 -9.51312092372349 -9.67925664356777 -9.40767819540841 -8.9366717338562 -9.08052144731794 -9.42894302095686 -9.85107912336077 -10.3949292727879 -10.6256365776062 -10.1997728347778 -10.0127653394427 -10.011098248618 -10.1050567626953 -10.2807292938232 -10.2964016369411 -9.80007450921195 -9.07346146447318 -7.93884815488543 -8.90309211186 -9.96562208448138 -9.98529468263899 -9.68611008780343 -9.76978288378034 -9.65082386561802 -9.26351915087019 -9.31221471514021 -9.05519594464983
-2.34767120225089 -2.27793406588691 -2.54533972058977 -3.09004712104797 -3.54831453732082 -4.12112854208265 -4.15153414862497 -4.45036847250802 -4.76054412978036 -4.9414894921439 -5.42357805797032 -6.26166609355382 -6.84261175564357 -7.46069989885603 -7.84164530890329 -8.23401955195836 -8.01839372089931 -8.26791041237967 -8.96085575648716 -9.2589442389352 -9.31567546299526 -9.17219311850412 -8.89099638802665 -8.67951386315482 -8.75717421940395 -8.94169167109898 -9.40849488122123 -10.1152982030596 -10.3923874582563 -10.0683333533151 -9.88942207608904 -9.78479719161987 -9.98011875152588 -9.99138818468366 -10.1569429125105 -10.0813548905509 -9.71948133196149 -8.88503646850586 -7.85516262054443 -8.78243139811925 -9.38170092446463 -9.97811303819929 -9.9785247530256 -9.78693675994873 -9.92050797598703 -9.7695244380406 -9.63225480488368 -9.3789849281311
-2.52764771665846 -2.71619210924421 -3.21040417466845 -4.11405186993735 -4.27699756622314 -4.42265125683376 -4.7643050977162 -5.28881594112941 -5.6710410799299 -5.89326643943787 -6.15492013522557 -6.52400244985308 -6.93137056486947 -7.10502461024693 -7.64039237158639 -7.94604628426688 -7.68655708857945 -8.14935384477888 -8.77557904379708 -8.92523261478969 -8.92036628723145 -8.81469399588449 -8.57187897818429 -8.45934949602399 -8.64624868120466 -8.73829051426479 -9.44347551890782 -9.91551753452846 -9.94698824201311 -9.44988720757621 -9.32135793140956 -9.65454271861485 -10.0771392413548 -10.0360054969788 -9.5737282208034 -9.15945093972342 -8.79260240282331 -8.35546800068447 -7.47833354132516 -8.25719955989293 -9.08006497791835 -9.498359475817 -9.72751113346645 -9.67323398590088 -9.79762077331543 -9.90010050364903 -9.77115208762033 -9.47534602028983
-2.69121277332306 -3.16156698976244 -3.40089733260018 -3.94765617166247 -4.71841512407575 -5.17317424501692 -5.42964734349932 -5.88269199643816 -6.33353822571891 -6.52447186197553 -6.46340523447309 -6.62462459291731 -6.91441529137748 -6.90134879520961 -6.90199651036944 -6.76807291167123 -7.10435349600656 -6.68510668618338 -6.99544497898647 -7.63837855202811 -8.28277145113264 -8.46633788517543 -8.49619007110596 -8.35232789175851 -8.48560891832624 -8.65774651936122 -9.29445600509644 -9.56145109449114 -9.50444637026106 -9.16115542820522 -9.28129359654018 -9.58714539664132 -9.76101691382272 -9.53776502609253 -9.16079875401088 -9.05583245413644 -9.04858016967773 -8.87047154562814 -8.21179069791521 -7.51939596448626 -8.67785821642194 -9.25460611070905 -9.54563999176025 -9.73153059823172 -9.75701917920794 -9.65239136559623 -9.58490610122681 -9.50484963825771
-2.7963764667511 -3.10529555593218 -3.32592284679413 -3.63381285326821 -4.45183280536107 -5.02426835468837 -5.36241810662406 -5.59945000920977 -5.69290726525443 -5.87853421483721 -5.650176184518 -5.64038944244385 -6.18292427062988 -6.8240932737078 -7.08711964743478 -7.67600454602923 -8.06974158968244 -7.97166919708252 -8.01702526637486 -8.21552426474435 -8.37031929833548 -8.28655317851475 -8.031929901668 -8.07902084078107 -7.97239766802107 -8.62577404294695 -8.96543645858765 -8.93652738843645 -9.05961840493338 -9.0364237512861 -9.2646575655256 -9.48489134652274 -9.50318057196481 -9.49895354679653 -9.4890125138419 -9.35678536551339 -9.18570143835885 -8.99918896811349 -8.32239055633545 -7.51644945144653 -8.3739367212568 -8.46399579729353 -8.90091187613351 -9.22925622122628 -9.48041800090245 -9.47953939437866 -9.27180344717843 -9.29721014840262
-2.0621354665075 -2.27497770956584 -2.57432791164943 -3.27620341096606 -3.66608391489301 -4.18631911277771 -4.42093501772199 -4.6263370173318 -5.47136361258371 -5.92402526310512 -6.58837560244969 -6.9824401310512 -7.11707592010498 -7.49342618669782 -7.82063354764666 -8.06555530003139 -8.27904837472098 -8.48168393543788 -8.4146055494036 -8.30124160221645 -8.38472414016724 -8.21933971132551 -8.02766942977905 -7.65428509031023 -7.93975748334612 -8.88580145154681 -9.08213124956403 -9.01617520196097 -8.82450478417533 -8.91569185256958 -9.03487873077393 -9.17349413463048 -9.39620079313006 -9.57271351133074 -9.34865467888968 -9.22573852539062 -9.11653682163784 -8.89933504377093 -8.29813323702131 -7.77636003494263 -7.77572972433908 -7.59624222346715 -7.77275494166783 -8.49898168018886 -8.82324491228376 -9.250686781747 -9.22898653575352 -9.03128555842808
-2.9308876310076 -2.66094487054007 -2.55613834517343 -2.96921491622925 -3.50976060117994 -4.08614536694118 -4.42281695774623 -5.84032004220145 -5.7838865007673 -5.63465932437352 -6.38771772384644 -6.63277629443577 -7.10183484213693 -7.38460751942226 -7.28623751231602 -7.63415329796927 -8.09178325108119 -8.17169884272984 -8.1510431425912 -8.02181598118373 -7.8202725819179 -7.78812680925642 -7.74055222102574 -7.57183497292655 -7.89854621887207 -8.68925762176514 -8.83025469098772 -8.74268000466483 -8.70539154325213 -8.76295961652483 -8.94681433268956 -9.00552572522845 -9.11779281071254 -9.15733064923968 -9.15858261925834 -9.14440584182739 -8.98622935158866 -8.45948130743844 -8.47273329326085 -8.8665566444397 -9.01866551807949 -8.42163215364729 -7.52802664893014 -7.42870739528111 -8.11292893545968 -8.90240614754813 -9.11245475496565 -9.13450356892177
