data/curr_env/bio6_avg_2010-2016.asc
NCOLS 664 
NROWS 380 
XLLCORNER 3.91666666666667 
YLLCORNER 55.3333333333333 
CELLSIZE 0.0416666666666667 
NODATA_value -9999 
[rows 42 to 62 of 380, columns 288 to 335 of 664]
-9999 -9999 -9999 -9999 -9999 -9999 -9999 -9999 -9999 -9999 -9999 -9999 -9999 -9999 -9999 -9999 -9999 -9999 -9999 -9999 -9999 -9999 -9999 -9999 -7.31169394084385 -7.44484199796404 -7.69915458134242 -7.70684269496373 -7.69255229404994 -7.99241427012852 -9.03546169825963 -9.07954631532941 -8.68100636346 -8.75577899387905 -8.85697535106114 -9.128281048366 -9.52984898430961 -10.0165596008301 -10.6358417783465 -10.8991238730294 -11.1006915228707 -11.0851163864136 -11.1181127003261 -11.0659666061401 -10.635014125279 -10.4841119221279 -10.6286390849522 -10.8245949063982
-9999 -9999 -9999 -9999 -9999 -9999 -9999 -9999 -9999 -9999 -9999 -9999 -9999 -9999 -9999 -9999 -9999 -9999 -9999 -9999 -9999 -9999 -9999 -6.50961003984724 -7.2139880997794 -7.22550923483712 -7.41655451910836 -8.25195837020874 -8.39668021883283 -8.92905466897147 -9.63954366956438 -10.0829223905291 -10.3267141750881 -10.4539205006191 -10.2456977707999 -9.90833221163068 -9.98010982785906 -10.3730299813407 -10.7208077566964 -11.124584879194 -11.207791192191 -11.2829968588693 -11.2393456867763 -11.0774086543492 -10.8264748709542 -10.7614000865391 -10.8706109183175 -10.8986793245588
-9999 -6.87626954487392 -7.17468254906791 -7.22230161939348 -7.1425164767674 -7.04670647212437 -9999 -9999 -9999 -9999 -9999 -9999 -9999 -9999 -9999 -9999 -9999 -9999 -9999 -9999 -9999 -9999 -9999 -7.29315492085048 -7.14405632019043 -7.67795058659145 -8.32327372687203 -8.70267833982195 -8.72870676858085 -9.15263107844761 -9.58232157570975 -9.93544060843331 -10.3372794560024 -10.6701236452375 -10.8823965617589 -11.0523832866124 -10.7229423522949 -10.688358443124 -10.5537738800049 -10.8386177335467 -11.1548903329032 -11.0060208184378 -11.0977217810495 -11.1397089276995 -11.1642213548933 -11.0958303724016 -10.8788679667882 -10.6196462086269
-7.00258214133126 -7.4449771472386 -7.55782529285976 -7.60795211791992 -7.51865059988839 -7.25623042242868 -6.91833318982806 -9999 -9999 -9999 -9999 -9999 -9999 -9999 -9999 -9999 -9999 -9999 -9999 -9999 -4.57721567153931 -4.71593260765076 -9999 -9999 -6.97494057246617 -7.54699087142944 -8.12521587099348 -8.28496885299683 -8.41002798080444 -8.8763484954834 -9.77638530731201 -10.5405306134905 -10.9747014726911 -11.1263269696917 -10.7853807721819 -10.8495777675084 -11.3680601119995 -10.9025427954538 -10.5181679044451 -10.8480788639614 -10.7865612847464 -10.766186441694 -10.8772404534476 -11.0100089481899 -11.1196819032942 -11.2296895980835 -11.1334111349923 -10.8511950629098
-7.70451314108712 -7.99786554064069 -7.89464596339634 -7.67542702811105 -7.36827114650181 -9999 -9999 -9999 -9999 -9999 -9999 -9999 -9999 -9999 -9999 -9999 -9999 -9999 -9999 -9999 -9999 -9999 -9999 -6.8334755897522 -7.4217164175851 -8.30207899638585 -8.69037226268223 -8.55939769744873 -9.10187101364136 -9.52996560505458 -10.2028397151402 -10.4862589154925 -10.5486852100917 -10.48040499006 -10.7098391396659 -10.4369871956961 -10.2795637675694 -10.06671163014 -10.1338598387582 -10.41015120915 -10.7064418792725 -10.8507323946272 -11.0681667327881 -11.153600692749 -11.1982116699219 -11.1991415023804 -11.1326438358852 -10.9451934269496
-7.82182591302054 -7.8233425957816 -7.68828793934413 -7.42866216387068 -7.13005202157157 -9999 -9999 -9999 -9999 -9999 -9999 -9999 -9999 -9999 -9999 -9999 -9999 -9999 -9999 -9999 -9999 -9999 -9999 -6.53252989905221 -7.08747032710484 -8.20304564067296 -8.57020848137992 -8.54453672681536 -9.06532723563058 -9.53801700047084 -9.79639891215733 -10.2874822616577 -10.8712303979056 -10.727214540754 -10.3386269978115 -10.1014683587211 -10.0582144601004 -9.23400803974697 -9.20027794156756 -10.0528334890093 -10.7299603053502 -10.996230670384 -11.1950716291155 -11.2024842670986 -11.3083799907139 -11.2441870825631 -11.3182807649885 -11.1628028324672
-7.53628104073661 -7.43567711966378 -7.28073515210833 -7.16475439071655 -6.88548360552107 -9999 -9999 -9999 -9999 -9999 -9999 -9999 -9999 -9999 -9999 -9999 -9999 -9999 -9999 -9999 -9999 -9999 -9999 -8.15301268441337 -7.93661710194179 -8.41260283333915 -8.50260169165475 -8.74924904959542 -9.58532094955444 -10.3740681239537 -10.4725298200335 -10.4561345236642 -10.318917955671 -10.3779243741717 -10.238379750933 -9.6231882912772 -8.5201986857823 -8.60244716916766 -8.91898148400443 -9.67551585606166 -10.2555197307042 -10.5528704779489 -10.6951191765921 -9999 -10.6131199428013 -10.2566618238177 -10.4935368129185 -11.1956499644688
-7.16969762529646 -7.03010634013585 -6.83900036130633 -9999 -9999 -9999 -9999 -9999 -9999 -9999 -9999 -9999 -9999 -9999 -9999 -9999 -9999 -9999 -9999 -9999 -7.31954710824149 -8.19091320037842 -8.6519410269601 -8.93472003936768 -8.67362090519496 -9.25231824602399 -9.00801529203143 -9.14828382219587 -9.66055229731968 -10.1522494043623 -10.0953753335135 -10.02592924663 -9.85507365635463 -9.89369079044887 -9999 -9999 -9999 -8.77088601248605 -9.15625653948103 -8.9101984841483 -9999 -9.05522496359689 -10.137654032026 -10.6738229479109 -11.1254313332694 -11.6634214946202 -12.3358398165022 -12.7596879686628
-6.74176331928798 -9999 -9999 -9999 -9999 -9999 -9999 -9999 -9999 -9999 -9999 -9999 -9999 -6.04439238139561 -5.8842557157789 -5.48194193840027 -9999 -9999 -9999 -9999 -7.24689490454538 -7.71050596237183 -8.56608145577567 -8.80731167112078 -8.7513393674578 -8.6729861668178 -8.48927600043161 -8.16723210471017 -8.44387912750244 -8.84324707303728 -8.71782752445766 -8.12429550715855 -9999 -9999 -9999 -9.04996061325073 -9.49785695757185 -10.142182963235 -9.96899775096348 -9.51845264434814 -9.9090872492109 -10.5113889149257 -11.0741667066302 -11.4988491875785 -12.0006004061018 -12.4090385437012 -12.8369056156703 -13.1527729034424
-9999 -9999 -9999 -9999 -9999 -9999 -9999 -9999 -9999 -9999 -6.06227254867554 -7.24753904342651 -9999 -6.60735716138567 -6.55972862243652 -6.26003234727042 -9999 -9999 -9999 -9999 -9999 -9999 -8.3177216393607 -7.75731808798654 -9999 -9999 -7.8546793120248 -8.26833595548357 -8.82530117034912 -8.98817471095494 -8.76801075254168 -8.32551922116961 -9999 -9999 -9.21220908846174 -9.76110853467669 -10.0413388524737 -9.97347886221749 -9.54937839508057 -10.4147585460118 -11.4846057891846 -12.0262196404593 -12.0815476008824 -12.2180185317993 -12.9084832327706 -12.8889410836356 -12.7545424870082 -12.8401445661272
-9999 -9999 -9999 -9999 -9999 -9999 -9999 -5.40919879504612 -6.88534307479858 -8.13043376377651 -8.29719168799264 -7.74379055840628 -6.67999250548227 -6.9222264289856 -7.0142559323992 -6.5071702344077 -6.55535643441336 -9999 -6.57339545658657 -6.92134373528617 -9999 -9999 -9999 -9999 -9999 -9999 -9999 -9999 -9999 -9999 -9999 -9999 -9999 -9999 -9.59056895119803 -9.76673289707729 -9999 -9.4033465385437 -9.58621406555176 -10.7698305674962 -11.9784097671509 -12.3865740639823 -12.3033094406128 -12.4171879632132 -12.7735087530954 -13.0179871150425 -13.5241795948574 -13.9595150266375
-9999 -9999 -9999 -9999 -9999 -9999 -9999 -9999 -6.22894593647548 -7.59651463372367 -8.00507974624634 -8.44797876902989 -8.84889432362148 -9.20923866544451 -9.26588371821812 -8.61170148849487 -7.38489491598947 -6.56971785000392 -6.85871488707406 -7.06837572370257 -9999 -9999 -9999 -9999 -9999 -9999 -9999 -9999 -8.14719261441912 -8.00126028060913 -8.19818428584508 -8.54689475468227 -8.85583332606724 -9.01607166017805 -8.73107140404838 -9999 -9999 -9.80107137135097 -11.1179941722325 -11.8632140840803 -12.1918506622314 -12.5340306418283 -12.5858331407819 -12.179115159171 -12.8168200084141 -13.2721759251186 -13.5646736962455 -13.8103144509452
-6.96234103611537 -9999 -9999 -5.00645099367414 -9999 -9999 -4.52703123433249 -5.95770100184849 -6.31760362216404 -6.80014630726406 -6.74917234693255 -8.81044346945626 -9.03829629080636 -9.23910794939314 -9.17912810189383 -8.58001749856131 -7.85047224589757 -7.12092685699463 -6.67709578786577 -6.68088388442993 -9999 -9999 -9999 -9999 -9999 -9999 -9999 -9999 -8.73670966284616 -9.16098887579782 -8.88502972466605 -9.38404662268502 -10.2193306514195 -10.7811666216169 -10.9419634682792 -10.461124420166 -10.5947559901646 -9.8436941419329 -10.2497752053397 -10.691230228969 -10.8488757269723 -11.3324736186436 -11.2598128999983 -11.5427642549787 -12.2638143811907 -12.5812511444092 -13.0137391771589 -13.3976851872035
-6.98261151994978 -6.04144580023629 -5.76278035981314 -9999 -6.68937758037022 -7.07882404327393 -7.66508190972464 -8.06136907849993 -7.75900868007115 -7.4690842628479 -7.65735973630633 -8.10109710693359 -8.60584102358137 -8.34941680090768 -9999 -6.77239353316171 -6.5998158454895 -9999 -6.49751758575439 -6.46779690470014 -9999 -9999 -9999 -9999 -9999 -8.12632615225656 -8.29645184108189 -8.4366170338222 -9999 -9.64027520588466 -10.5196129253932 -10.6178418568202 -10.9247330256871 -11.4491188866752 -11.9117909840175 -11.8605924333845 -11.0238492148263 -10.2834256035941 -11.1519850322178 -11.7587020056588 -12.3358229228428 -12.8682091576712 -12.5165947505406 -12.5786955697196 -12.6506264550345 -12.7001237869263 -13.0161856242589 -13.4673421042306
-7.25078126362392 -9999 -9999 -9999 -6.88830096381051 -7.51149048124041 -8.53106103624616 -8.84720291410174 -8.87766395296369 -8.83100155421666 -8.75539152962821 -8.75235264641898 -8.62931428636823 -8.62456103733608 -8.45085600444249 -7.02762685503278 -6.69915934971401 -9999 -9999 -9999 -9999 -9999 -9999 -9999 -9.36836317607335 -9.30613688060216 -9.52876799447196 -9.69311319078718 -9.93145840508597 -9.60008955001831 -9.93300587790353 -10.5534223828997 -10.8352776936122 -11.0459068843297 -11.13257925851 -11.7376585006714 -12.2784519195557 -12.0827075413295 -11.6405153274536 -12.3054246902466 -13.3532338823591 -13.3974825995309 -13.4852143696376 -13.1744362967355 -13.3456115722656 -13.1667409624372 -13.6181554794312 -14.2587131772723
-8.09466511862619 -7.82268592289516 -6.84570680345808 -6.67015620640346 -7.44444070543562 -7.82929331915719 -8.33646358762469 -8.64124148232596 -8.89964294433594 -9.22842918123518 -9.44292960848127 -9.37703670774187 -9.61859580448696 -9.55044051579067 -8.85257114682879 -8.14724336351667 -7.35440410886492 -9999 -9999 -9999 -9999 -9999 -8.86625364848546 -9.88633755275181 -9.47223043441772 -9.73309080941337 -10.5655283246722 -10.6168232645307 -9.53668996265956 -9.43151719229562 -9.23985113416399 -9999 -10.0949215207781 -10.8106746673584 -11.2922248840332 -11.9245689937047 -12.345484324864 -12.7618280138288 -13.0096005031041 -13.1356584003993 -13.1313792637416 -13.104135785784 -13.0996428898403 -13.0176055090768 -12.7951135635376 -13.0817738941738 -13.8340782438006 -14.4009413037981
-9.01455899647304 -7.77353416170393 -9999 -7.73681776864188 -8.93682725088937 -9.27391113553728 -9.24305323192051 -9.162545136043 -8.73788363592965 -9.32561942509242 -9.70249829973493 -9.6193767956325 -9.84882702146258 -9.59685965946742 -8.91396965299334 -8.22429009846279 -7.81218985148839 -6.35353769574847 -6.3060987336295 -9999 -9999 -7.63916437966483 -8.41829259055001 -9.65307262965611 -9.64523077011108 -9.19606215613229 -9.33464888163975 -9.32034465244838 -9.47712871006557 -10.0029603413173 -12.0930776596069 -11.8514494214739 -11.645943914141 -11.2984670911516 -11.5071808951242 -11.4658941541399 -11.2478219441005 -11.5268282209124 -12.3380351747785 -13.3553198405675 -13.9531767708915 -13.6396045684814 -13.852318082537 -13.8941747120449 -13.5964061192104 -13.691011428833 -14.1273318699428 -14.4567947387695
-8.0678197315761 -7.1417533329555 -7.83532980510167 -8.64462075914655 -9.59019681385585 -10.0817732810974 -10.1133496420724 -10.029497555324 -9.65276254926409 -9.43857295172555 -9.64152649470738 -10.0576227733067 -10.1148616245815 -9.52465827124459 -8.95468698229108 -8.56523288999285 -8.15352003914969 -8.2424874986921 -9999 -8.56225960595267 -8.94236843926566 -9.22289569037301 -9.29447187696185 -9.53085592814854 -9.46111733572824 -10.2863377843584 -10.4551500592913 -10.3072356496538 -10.2149729728699 -11.2753020695278 -12.2904000963484 -12.7363552365984 -12.8230702536447 -12.9642588751657 -12.8871616636004 -12.4609212875366 -12.1604627881731 -11.8096248081752 -11.8261342729841 -12.3072467531477 -12.912435395377 -13.381036894662 -13.6375642504011 -13.8098581859044 -14.3417735780988 -14.7564161845616 -15.0253451211112 -14.8954169409616
-8.8623982157026 -9.8165202822004 -9.40500743048532 -8.72575650896345 -9.63602917534964 -10.4226830346244 -10.3965749740601 -10.3241812161037 -10.6019269398281 -10.1046671186175 -9.79941163744245 -9.60272571018764 -9.5248966217041 -9.48731422424316 -9.39483301980155 -8.70411579949515 -8.51015629087176 -9.04845060620989 -9.16681330544608 -9.25188037327358 -9.67629684720721 -9.97272573198591 -10.8585189410618 -11.2197407313756 -11.2112481253488 -11.190756389073 -11.1234065464565 -11.5474853515625 -11.3178505216326 -10.9990723473685 -11.0728652136666 -11.3580878121512 -12.2192445482527 -13.1603364944458 -13.551714352199 -13.4310911723546 -13.9573264803205 -13.4104181017194 -12.934367452349 -13.1023163114275 -13.4714084352766 -13.3639289311 -13.3730208533151 -13.7426843643188 -14.2254273550851 -14.7846783229283 -14.9016442980085 -14.8728955132621
-10.0145559992109 -10.1279062543597 -9.99382788794381 -10.0351781163897 -10.0519567217146 -10.2070215770176 -10.2437444414411 -10.276004927499 -10.2506394386292 -10.3545056751796 -10.4377999986921 -10.3822375706264 -9.71524667739868 -9.04082713808332 -8.785836151668 -8.48665462221418 -9.05928243909563 -9.47972011566162 -9.83958598545619 -10.1451663970947 -10.3110180582319 -10.7109354564122 -11.369709287371 -11.6673405511039 -12.5752577100481 -12.2614601680211 -12.3133773803711 -12.5144374029977 -12.9977827072144 -12.7942709241595 -11.8547592163086 -11.4906766074044 -11.9102755955287 -12.4935561588832 -12.9814089366368 -13.0698328018188 -13.4639715467181 -13.5341092518398 -13.7242477961949 -13.7109575271606 -13.3353813716343 -13.5672337668283 -14.2082296098982 -14.7017959867205 -14.8285090582711 -14.7546544756208 -15.0013715199062 -15.4726596559797
-10.0244599751064 -10.4601255825588 -10.7860771587917 -9.99602835518973 -9.56026540483747 -9.83191510609218 -9.48854896000453 -9.19832611083984 -9.16435248511178 -9.1802009173802 -9.26184300013951 -9.2499133518764 -9.0358407156808 -8.69587550844465 -8.74395976747785 -8.8061238697597 -8.80336059842791 -9.30895709991455 -9.82512058530535 -9.97447681427002 -10.4567248480661 -11.0291445595878 -11.6214703151158 -12.0629403250558 -12.7472663606916 -12.3413075038365 -12.3902049745832 -12.2853886740548 -12.7805718013218 -12.7917558125087 -12.2446530205863 -11.8878368650164 -12.2761637823922 -12.6096337182181 -12.7236754553659 -12.8108602251325 -12.950044631958 -13.1235151290894 -12.97812802451 -12.6455610820225 -12.9736398969378 -13.4253961018154 -13.7188658033098 -14.0374791281564 -14.2624481746129 -14.5892023359026 -14.954813684736 -15.2267107282366
