data/curr_env/bio6_avg_2010-2016.asc
NCOLS 664 
NROWS 380 
XLLCORNER 3.91666666666667 
YLLCORNER 55.3333333333333 
CELLSIZE 0.0416666666666667 
NODATA_value -9999 
[rows 105 to 125 of 380, columns 192 to 239 of 664]
-9999 -9999 -9999 -9999 -9999 -9999 -9999 -9999 -9999 -9999 -9999 -9999 -9999 -9999 -9999 -9999 -9999 -9999 -9999 -9999 -9999 -9999 -2.20933132937976 -9999 -9999 -9999 -9999 -2.98561279688563 -3.09229760510581 -3.15755391120911 -9999 -9999 -4.14324845586504 -4.94958029474531 -5.07846335002354 -5.37443542480469 -5.18382869447981 -4.8830714906965 -5.08532183510917 -5.79396309171404 -6.43267951692854 -6.78117036819458 -7.32646601540702 -7.7230019569397 -7.40016712461199 -8.11869130815778 -8.78266062055315 -9.67095463616507
-9999 -9999 -9999 -9999 -9999 -9999 -9999 -9999 -9999 -9999 -9999 -9999 -9999 -9999 -9999 -9999 -9999 -9999 -9999 -9999 -9999 -9999 -9999 -9999 -9999 -9999 -9999 -9999 -9999 -3.19934953962054 -9999 -3.73061619486128 -4.24382218292781 -4.98293430464608 -5.15823670795986 -5.52401563099452 -5.5847727230617 -5.27271573884147 -5.14420890808105 -5.69497380937849 -6.49585321971348 -6.83555889129639 -6.54922873633249 -6.69643606458391 -6.87073632649013 -7.28003440584455 -7.54304654257638 -8.10663039343698
-9999 -9999 -9999 -9999 -9999 -9999 -9999 -9999 -9999 -9999 -9999 -9999 -9999 -9999 -9999 -9999 -9999 -9999 -9999 -9999 -9999 -9999 -9999 -9999 -3.2467633996691 -3.295840212277 -3.46770603316171 -4.02936773640769 -3.98071205615997 -9999 -3.93101954460144 -3.85601457527706 -4.25321211133684 -4.69248192650931 -5.05486869812012 -5.3710218838283 -5.47652564729963 -5.9173538684845 -6.77603946413313 -6.87819419588361 -7.51580538068499 -7.83555446352277 -7.11047499520438 -7.84632410321917 -8.73008183070591 -10.7836265563965 -11.4023143223354 -11.9044305256435
-9999 -9999 -9999 -9999 -9999 -9999 -9999 -9999 -9999 -9999 -9999 -9999 -9999 -9999 -9999 -2.44839293722595 -9999 -9999 -9999 -9999 -9999 -9999 -9999 -9999 -2.80782001359122 -3.44670076029641 -3.64231606892177 -3.6665027822767 -3.48762832369123 -9999 -4.17324670723506 -4.66712737083435 -5.1122259412493 -5.44492261750357 -5.37286124910627 -5.46846716744559 -6.79301861354283 -6.88234254292079 -6.36866324288504 -7.45327152524676 -7.97057792118617 -9.42036083766392 -10.1810006414141 -11.2044977460589 -11.9448559624808 -12.4563617706299 -12.7290103094918 -13.0336587088449
-9999 -9999 -9999 -9999 -9999 -9999 -9999 -9999 -9999 -9999 -9999 -9999 -9999 -9999 -9999 -9999 -3.49986115523747 -3.61412698881967 -3.65279761382512 -2.7530754506588 -2.60924028073038 -2.39629226390805 -3.5976299558367 -3.22039609295981 -3.20030511277063 -3.7444999388286 -3.78869472231184 -3.66860384600503 -3.46660811560495 -9999 -9999 -4.80252592904227 -5.86225152015686 -6.07015759604318 -6.41975157601493 -6.94020312173026 -7.25779724121094 -7.29151065008981 -7.09619658333915 -7.5516927582877 -8.25196620396205 -8.83148268290928 -8.67193419592721 -9.53067098345075 -10.600772857666 -11.9782394681658 -12.2322775976998 -12.1143157141549
-9999 -9999 -9999 -9999 -9999 -9999 -9999 -9999 -2.28573417663574 -9999 -9999 -9999 -9999 -9999 -9999 -3.21982147012438 -3.41652779919761 -3.71005957467215 -3.65755951404572 -9999 -9999 -3.51405947549003 -3.75734385422298 -3.26185286045074 -3.20802832501275 -3.76194197790963 -4.09942718914577 -3.69953141893659 -3.82511179787772 -9999 -4.13270110743386 -5.89737476621355 -6.51066732406616 -6.74063621248518 -6.70762171064104 -7.15931327002389 -6.94618313653128 -6.25820623125349 -6.9796256337847 -8.1045663016183 -8.6619941847665 -9.73631892885481 -10.1314390727452 -11.2517018999372 -11.8041184289115 -11.8715460641044 -11.0795452935355 -10.7641158785139
-9999 -9999 -9999 -9999 -9999 -9999 -9999 -9999 -9999 -9999 -9999 -9999 -9999 -9999 -9999 -9999 -3.28081340449197 -3.69894850254059 -9999 -9999 -9999 -3.75937751361302 -3.81381094455719 -3.7675952059882 -9999 -4.17438408306667 -4.3343859229769 -4.39533989770072 -4.72685350690569 -5.77724817820958 -5.38088049207415 -5.50522763388498 -5.74791424615043 -6.36496373585292 -7.14080136162894 -7.62985181808472 -8.09449768066406 -7.92771468843733 -8.22321775981358 -8.67472069604056 -8.71708086558751 -8.33160897663661 -8.91780110767909 -9.30758973530361 -9.83032138007028 -10.2597098350525 -9.07252706800188 -9.86077274594988
-9999 -9999 -2.6480952160699 -2.30523808939116 -2.46238098080669 -9999 -9999 -9999 -9999 -9999 -9999 -9999 -9999 -9999 -9999 -9999 -9999 -9999 -2.30994041051183 -9999 -9999 -9999 -3.66129555021014 -3.7723172392164 -3.67653601510184 -3.84504052570888 -9999 -4.08460078920637 -5.13735709871565 -5.85273245402745 -6.34258399690901 -6.02522904532296 -5.77635196277073 -6.38076141902379 -7.33850472314017 -8.03810473850795 -8.60484756742205 -8.28301954269409 -8.94861936569214 -10.0873626300267 -10.495819909232 -10.1911345209394 -9.71616315841675 -9.19147784369332 -9.07766675949097 -9.77415922709874 -8.76150873729161 -9.68371561595372
-9999 -9999 -9999 -9999 -9999 -9999 -9999 -9999 -9999 -9999 -9999 -9999 -9999 -9999 -9999 -9999 -9999 -9999 -9999 -9999 -9999 -3.89389147077288 -4.84174874850682 -4.49661231040955 -4.81135657855443 -4.3023635659899 -5.39257706914629 -5.99517127445766 -5.63062262535095 -6.13226451192583 -6.97552524294172 -6.92897694451468 -7.73688037054879 -8.10410588128226 -9.2449460710798 -9.2680720601763 -8.78376933506557 -8.16575268336705 -9.35973589760917 -10.4125761304583 -11.2208446775164 -11.3851135798863 -11.1579538072859 -10.2176511628287 -9.36558382851737 -9.13546596254621 -8.73734773908343 -8.88094391141619
-9999 -9999 -9999 -9999 -9999 -9999 -9999 -9999 -9999 -9999 -9999 -3.00442461456571 -9999 -2.45498024565833 -3.11597221238273 -3.21778071778161 -9999 -9999 -9999 -9999 -9999 -3.75562880720411 -4.23412472861154 -4.42815559250968 -4.74974373408726 -9999 -6.11854750769479 -6.18630565915789 -6.03000351360866 -6.473701272692 -7.43532391956874 -9.03008951459612 -8.73208400181362 -8.54930700574602 -8.0505302974156 -7.60375356674194 -8.05983400344849 -9.86219991956438 -9.48228018624442 -9.61778926849365 -9.83672680173601 -10.2642357008798 -10.0820303644453 -10.5535390036447 -10.6957867486136 -10.5059155055455 -10.4074724742344 -10.0153154645647
-9999 -9999 -9999 -9999 -9999 -9999 -9999 -9999 -9999 -3.95672621045794 -3.61327380793435 -2.47585321324212 -2.53684519124883 -9999 -3.19597217866353 -3.27948535340173 -3.15286324705396 -3.02881858178547 -2.86470238651548 -2.26378971338272 -1.80803989086832 -9999 -3.99448505469731 -3.84413613591875 -9999 -5.11700987815857 -5.99213698932103 -7.17559787205287 -7.56124877929688 -6.84761422021048 -7.64426551546369 -8.40491662706648 -8.88547379629953 -7.71565130778721 -7.54125738143921 -7.24229226793562 -7.64243820735386 -8.12036146436419 -8.82711063112531 -9.41843135016305 -9.08746576309204 -9.05935757500785 -9.69296373639788 -10.4368557248797 -10.6528463363647 -10.1300787244524 -10.4524538857596 -10.5936867850167
-9999 -9999 -9999 -9999 -9999 -9999 -9999 -9999 -9999 -9999 -9999 -9999 -9999 -2.64069457777909 -2.573114999703 -3.20910718611308 -2.72367069550923 -2.67037707780089 -9999 -9999 -4.66498269353594 -4.44447163173131 -9999 -9999 -9999 -9999 -5.58001232147217 -6.13509675434658 -6.06914949417114 -6.04347971507481 -7.37051786695208 -7.48602955681937 -7.15640204293387 -6.54399558476039 -6.99394396373204 -7.20368807656424 -6.50230053492955 -6.80322177069528 -7.38536936896188 -8.14078719275338 -8.97477626800537 -8.61105121885027 -8.8878972189767 -9.01217194965908 -8.996191910335 -9.03081383023943 -9.80314990452358 -9.7994864327567
-9999 -9999 -9999 -9999 -9999 -9999 -9999 -9999 -3.06430556944438 -9999 -9999 -9999 -9999 -9999 -9999 -9999 -9999 -9999 -9999 -4.63651697976249 -5.64121120316642 -6.08732393809727 -6.03124223436628 -5.24669248717172 -9999 -5.26975120816912 -6.22671123913356 -6.29618338176182 -5.94035141808646 -5.73780764852251 -6.31253501347133 -7.35642794200352 -8.40496785300119 -8.55405426025391 -8.54442603247506 -8.8113694190979 -8.80231305531093 -8.310875415802 -7.68362855911255 -7.31828594207764 -7.80088056836809 -8.44617319107056 -8.53952148982457 -8.11684914997646 -8.31907326834542 -8.76458787918091 -9.28070340837751 -8.81642941066197
-9999 -9999 -9999 -9999 -9999 -9999 -2.66929321416787 -2.72468506651265 -3.10451884354864 -9999 -9999 -9999 -9999 -9999 -9999 -3.99516364506313 -4.01360615662166 -9999 -9999 -4.12179073265621 -5.07279593603952 -5.73269074303763 -5.49517025266375 -5.25350042751857 -4.67754469599043 -5.37825574193682 -5.76099051748003 -5.66586814607893 -6.4564950125558 -7.30662325450352 -7.86609629222325 -7.8244263785226 -7.40879385811942 -7.48101677213396 -7.3002530506679 -7.5836649622236 -7.61627612795149 -8.57796130861555 -7.9711469241551 -7.25857646124704 -7.31995514460972 -7.70347704206194 -8.81969731194632 -9.45732341493879 -8.99771445138114 -8.33358137948172 -9.3061934198652 -9.51192120143345
-9999 -9999 -9999 -9999 -9999 -9999 -9999 -9999 -9999 -3.38293152196067 -3.51994831221444 -3.72533234528133 -3.78581844057356 -4.14868557453156 -4.51393348830087 -4.60775303840637 -4.57061999184745 -4.43110622678484 -3.95873517649514 -4.45207844461714 -4.4961656161717 -9999 -4.65511417388916 -5.60372103963579 -5.43797557694571 -5.24603680201939 -5.69597022874015 -6.42381981440953 -6.99743563788278 -6.91569212504796 -6.83019351959229 -7.29194790976388 -7.79527166911534 -7.95945521763393 -7.90175090517317 -8.18233224323818 -8.06234237125942 -8.35035235541207 -8.40762921742031 -8.53307860238212 -7.7660961151123 -8.055846623012 -8.92233426230294 -9.5218402998788 -8.75953360966274 -9.59562478746687 -10.6660970960345 -11.4127123696463
-9999 -9999 -2.00120790515627 -9999 -9999 -9999 -9999 -9999 -3.58263397216797 -3.64642420836857 -3.86520268235888 -3.8240327835083 -3.73989588873727 -4.42147331578391 -4.91019368171692 -4.89593744277954 -4.80067753791809 -4.52873522894723 -4.39364579745701 -4.72427082061768 -4.76851511001587 -4.50753484453474 -4.95148655346462 -5.83591440745762 -6.88661214283534 -7.17035463878087 -6.96727936608451 -6.81924029758998 -7.39669043677194 -7.60295799800328 -7.99829081126622 -8.56276641573225 -8.80625288827079 -9.12532234191895 -9.67410612106323 -9.79831824983869 -9.74538782664708 -9.83131442751203 -9.11038391930716 -8.38621507372175 -9.06604651042393 -9.72230645588466 -10.2345185961042 -10.1708222797939 -9.43724271229335 -9.35802561896188 -10.1331748962402 -10.6989672524588
-9999 -9999 -9999 -2.41122769777264 -9999 -9999 -9999 -9999 -3.54044147048678 -9999 -4.08455429758344 -4.38351249694824 -4.8633610861642 -5.10259447778974 -5.57588202612741 -5.62655064037868 -5.46315125056675 -5.16624505179269 -9999 -4.98646330833435 -6.20114704540798 -6.54767795971462 -6.71228728975569 -7.14669288907732 -8.03709827150617 -8.16864660808018 -7.76019498280117 -7.26945747647967 -7.3141484941755 -7.91369676589966 -8.38410227639335 -8.79450763974871 -9.75191790716989 -10.2894752366202 -10.4733185086932 -10.0085904257638 -9.49643325805664 -9.10827711650303 -8.83040584836687 -9.20824909210205 -9.9969494002206 -10.493935585022 -10.8983500344413 -10.625050680978 -9.79317140579224 -9.66328355244228 -10.8962534495762 -11.5806515557425
-9999 -9999 -3.00562098622322 -2.743296242186 -9999 -9999 -2.63470986059734 -2.77311765083245 -9999 -9999 -4.35053079468863 -5.37429070472717 -6.15146684646606 -6.01228679929461 -5.68914212499346 -5.51218744686672 -5.59309039797102 -9999 -4.85619463239397 -5.49488953181675 -5.92715917314802 -6.19711824825832 -6.56423119136265 -6.77108553477696 -6.94313975742885 -7.04095908573696 -7.20405571801322 -7.54547895703997 -8.19267170769828 -8.78272138323103 -9.27162790298462 -9.86282055718558 -10.130153792245 -9.75134222848075 -8.97710241590227 -8.79086208343506 -8.93090759004865 -9.56523895263672 -9.41557059969221 -9.39390182495117 -10.1785186358861 -10.6637073244367 -10.9951813561576 -10.7495126724243 -10.2681805746896 -9.9408985546657 -10.6656168528966 -11.4817638397217
-9999 -2.90237843564578 -3.07458575708526 -9999 -9999 -3.36263643843787 -3.55627238750458 -3.82133684839521 -4.00945808206286 -4.36836802959442 -4.74456865446908 -5.12650769097464 -5.69260426930019 -5.84697917529515 -5.39183044433594 -5.17953876086644 -5.30415197781154 -5.17034019742693 -4.67980650493077 -6.77799129486084 -6.80393035071237 -6.76463712964739 -6.59333467483521 -6.38929738317217 -6.42632453782218 -7.19297061647688 -8.12723595755441 -8.85121529442923 -9.35233790533883 -9.5437457220895 -10.0254395348685 -9.64770473752703 -8.87467568261283 -8.80063785825457 -9.4894574710301 -9.78741979598999 -9.27566759926932 -9.57077257973807 -9.90130656106131 -9.98212575912476 -9.83551686150687 -10.558050428118 -10.9800127574376 -11.2968319484166 -10.9231898444039 -10.3939426967076 -10.595552444458 -11.6383051191057
-9999 -9999 -9999 -9999 -9999 -3.05278028760638 -3.53735865865435 -3.97812764985221 -4.26420434883663 -4.56762169088636 -4.76717759881701 -5.23312013489859 -9999 -5.58643358094352 -5.70880467551095 -5.8506041594914 -6.49259420803615 -7.49096005303519 -6.62134054728917 -6.62005822999137 -6.27551436424255 -6.22236909185137 -6.26995917728969 -6.26264725412641 -7.13612563269479 -7.97770411627633 -8.98932790756226 -9.54323707308088 -9.73828942435128 -9.34648472922189 -8.68325090408325 -8.575446333204 -9.05634049006871 -9.43393366677421 -9.16638381140573 -8.99369185311454 -9.31814186913627 -10.5265923908779 -11.4813281467983 -11.4886357443673 -10.2936579840524 -11.1021078654698 -11.4334154129028 -11.2978658676147 -10.8810561043876 -10.7327003479004 -11.4369162150792 -12.0759884970529
-9999 -9999 -9999 -9999 -3.61264150483268 -3.82863845143999 -3.93034984384264 -4.07333091327122 -4.29214790889195 -4.21267380033221 -4.7388128893716 -5.68039202690125 -5.79361636298043 -5.91160236086164 -6.75292178562709 -7.18966981342861 -6.65413202558245 -6.83116579055786 -6.99370970044817 -7.2096289907183 -7.68944529124669 -7.7122232573373 -7.44977678571429 -7.21278285980225 -7.28161137444632 -7.93129471370152 -8.22676651818412 -8.41390827723912 -8.42753771373204 -8.11314528329032 -8.52049125943865 -8.89975902012416 -9.38600492477417 -9.48665748323713 -9.38902480261666 -9.0571061543056 -9.4086161340986 -10.7406974520002 -11.3944926943098 -11.9248601368495 -11.7563699994768 -11.783308165414 -11.7616750172206 -11.3783284596034 -11.1572080339704 -11.3577438082014 -11.7788511003767 -11.9251007352557
