data/curr_env/bio6_avg_2010-2016.asc
NCOLS 664 
NROWS 380 
XLLCORNER 3.91666666666667 
YLLCORNER 55.3333333333333 
CELLSIZE 0.0416666666666667 
NODATA_value -9999 
[rows 147 to 167 of 380, columns 192 to 239 of 664]
-7.13418252127511 -7.0223811013358 -6.81286532538278 -7.28963477270944 -7.30069051470075 -7.59346042360578 -6.8662302834647 -8.31271423612322 -8.43355853216989 -8.00190496444702 -8.72339412144252 -9.55916908809117 -8.91551603589739 -8.45871945789882 -8.25163752692086 -8.612555708204 -9.52718775612967 -9.0435346194676 -8.81416668210711 -9.35565635136196 -9.65607738494873 -10.036002431597 -10.5387847082955 -11.4524236406599 -11.754634312221 -11.8168449401855 -12.2910551343645 -12.1926948002407 -12.033191544669 -11.4925445829119 -11.5107552664621 -11.4821087973458 -11.4282881872995 -12.0024352754865 -12.4542972019741 -13.2010160173689 -13.3865923200335 -13.0813109534127 -13.0411725725446 -13.4307490757533 -13.6283249173846 -13.7870438439505 -13.7337627410889 -13.6256245204381 -13.5564507075718 -13.943384715489 -14.37546144213 -14.5549667903355
-6.89565099988665 -6.97886494227818 -7.06207936150687 -6.99615062986101 -7.16400800432478 -7.07115071160453 -6.77779367991856 -8.03815065111433 -8.79587044034685 -8.65038102013724 -9.27860586983817 -9.64968769890922 -9.40191282544817 -9.21642330714634 -9.81036240713937 -10.6088733673096 -10.6125268254961 -10.3784656524658 -10.3169760022845 -10.4966297149658 -11.0846962247576 -11.3508904320853 -11.5102274758475 -11.491849899292 -11.8009008680071 -11.3019522258214 -11.1995750154768 -11.979483468192 -11.8039631162371 -11.3410145895822 -11.2946376800537 -11.3459742409842 -12.0513785226004 -12.5754214695522 -12.8817505155291 -13.1172218322754 -13.5818364279611 -13.341879435948 -13.0796364375523 -13.3111079079764 -13.6140078135899 -13.7209085736956 -13.714665549142 -13.9055656705584 -14.1022314344134 -14.3840912410191 -14.6002363477434 -14.740382194519
-6.68242062841143 -6.8784920828683 -6.73704351697649 -7.19839600154332 -7.41744225365775 -7.21912704195295 -6.89335686819894 -6.98130164827619 -7.26103973388672 -7.25028576169695 -7.65438897269113 -8.54249211720058 -9.15173803056989 -9.95869854518345 -10.0416586739676 -10.5783333778381 -11.0115792410714 -11.1699684688023 -11.45807157244 -11.6187462125506 -11.4676006862095 -11.4257779802595 -11.6805272783552 -11.8095620019095 -11.4145966938564 -11.2767739977155 -10.9166660308838 -11.0399867466518 -11.0804496492658 -11.2494844709124 -11.3613763536726 -11.7315540313721 -12.1441831588745 -12.730122429984 -13.1212032863072 -13.0122848238264 -13.2067947387695 -13.1744471958705 -13.2626717431205 -13.3891818182809 -13.6774054936 -14.0056299482073 -14.2001398631505 -14.327220916748 -14.5200121743338 -14.513940674918 -14.5598689488002 -14.6743691308158
-7.18373019354684 -7.50897605078561 -7.78165081569127 -7.7560396875654 -7.62414305550711 -7.92881747654506 -7.78549201147897 -8.02845246451242 -8.4839232308524 -8.3719048500061 -8.0496005330767 -7.87586770738874 -8.40956354141235 -9.02040236336844 -9.31181219645909 -9.98093625477382 -10.4066321509225 -10.6677567618234 -11.30888066973 -11.572290965489 -11.3642195292882 -11.0252373559134 -10.7868270874023 -11.3792740958078 -11.6860066822597 -11.5424532209124 -11.4943283626011 -10.9096324103219 -11.587221963065 -11.4025254930769 -11.6361154828753 -12.152562550136 -12.6244170325143 -13.0831079483032 -13.0183707645961 -13.062776020595 -13.2231817245483 -13.1755869729178 -13.2228493009295 -13.3643978663853 -13.5773745945522 -13.7577800750732 -13.9558999197824 -14.147162437439 -14.2572208132063 -14.3266466685704 -14.4360728945051 -14.4357843399048
-7.28805535180228 -7.33803156444005 -7.39886481421334 -7.4882698059082 -7.74910293306623 -8.01965073176793 -8.05648422241211 -8.76588862282889 -9.70623547690255 -9.40952389580863 -8.85966941288539 -8.21495771408081 -8.70510305677142 -9.76496267318726 -10.3733943530491 -10.5755397251674 -10.9268279756818 -11.0684018816267 -11.1814046587263 -11.6692642484392 -11.6808383124215 -11.3824112755912 -10.8176983424595 -11.1141285215105 -11.4745589665004 -11.1578463145665 -11.0508475984846 -11.0341352735247 -11.2557085582188 -11.8092816216605 -12.169711794172 -12.5301422391619 -12.7520790100098 -12.7778085981097 -12.8823953356062 -12.887553351266 -13.0115687506539 -12.6515832628523 -12.7361703600202 -13.259042603629 -13.8002004623413 -14.0527876445225 -14.1476598467146 -14.1299606050764 -14.2321439470564 -14.3273529325213 -14.3739906038557 -14.614342553275
-7.10666656494141 -7.40480177743094 -7.7212221963065 -7.98392868041992 -7.98206356593541 -8.35962704249791 -8.98861885070801 -9.13361086164202 -9.39540474755423 -9.26599979400635 -8.61030919211251 -8.88090487888881 -9.54064273834229 -9.81866659436907 -10.4012618746076 -10.8650000435965 -10.9835951668876 -10.8010474613735 -11.209356716701 -10.9776667186192 -11.3808851242065 -11.4418702806745 -11.1977128982544 -10.6506979806083 -10.6562544958932 -11.0915249415806 -11.2525104795183 -11.0649242401123 -11.5041949408395 -11.9897514070783 -12.42330796378 -12.6494359970093 -12.9288845062256 -12.8959376471383 -12.6378487178258 -12.5986160550799 -12.7633840015956 -12.6012947899955 -12.5083480562483 -12.4514019829886 -12.5921696254185 -13.1289373125349 -13.7068481445312 -14.1996160234724 -14.5636389596122 -14.5932024547032 -14.6101946149554 -14.7289006369455
-7.14870629991804 -7.40528549466814 -7.77900784356253 -8.12758704594203 -8.80359499795096 -9.21788910457066 -9.75332525798253 -9.52304751532418 -8.96743134089879 -8.5870475769043 -8.72209256035941 -9.23999473026821 -10.2081827436175 -10.9049419675555 -11.3062723704747 -10.8441746575492 -10.5780765669686 -10.443407535553 -10.4024522645133 -10.7369256700788 -10.6660754340036 -10.6447582244873 -10.5085844312395 -10.5678386688232 -10.6859500067575 -10.8480611528669 -11.2124582018171 -11.4882841110229 -12.1789673396519 -12.7405072620937 -12.6500468935285 -12.6544442858015 -12.6148317881993 -12.6386380876814 -11.9858728136335 -11.5571076529367 -11.7843423570905 -12.5767196927752 -12.7210975374494 -12.364903994969 -12.2743192400251 -12.5216723850795 -13.0323223386492 -13.8429858343942 -14.3214191709246 -14.4921944481986 -14.6138266154698 -14.582315989903
-7.61867155347552 -8.40779263632638 -9.13634218488421 -9.33746324266706 -9.25515576771327 -9.08256258283343 -9.19854061944144 -9.22823320116315 -9.0040385382516 -8.55452878134591 -8.60501888820103 -9.31436606815883 -10.3934274400984 -10.9622032982962 -11.2144079208374 -10.9226119177682 -10.5896735872541 -10.4115920066833 -10.2397965022496 -10.3205721718924 -10.2434186254229 -10.1769076074873 -10.348110812051 -10.5227425439017 -10.8133742468698 -11.0262913022723 -11.2363516943795 -11.4881260735648 -11.9033291680472 -12.2939608437674 -12.3840206691197 -11.7072238922119 -11.5160512924194 -11.3053603853498 -11.5415262494768 -11.4971211297171 -11.2704300199236 -11.4980242592948 -12.2216186523438 -12.6932135990688 -12.9790936878749 -13.0569740022932 -12.8354251044137 -13.4190199715751 -14.0080644062587 -14.3505585534232 -14.4336241313389 -14.3744036810739
-8.34913376399449 -8.86946507862636 -9.33493941170829 -9.51698500769479 -9.63560220173427 -9.17821938650949 -8.93569319588797 -9.03488179615566 -9.25036995751517 -8.83358642033168 -8.89508819580078 -9.58516148158482 -10.1649492808751 -10.4795942987714 -10.3330960273743 -10.364312512534 -10.3258141108922 -10.3244592121669 -10.1093897819519 -10.1143199375698 -10.3192010607038 -10.5320328303746 -11.0911496026175 -11.4096957615444 -11.6345269339425 -11.7993579592024 -11.8493319920131 -11.7684493746076 -11.7001379558018 -11.739826474871 -11.7932296480451 -11.7197749274118 -11.7656856264387 -11.7509613037109 -12.1082375390189 -12.2432272774833 -12.182217325483 -12.0457792282104 -12.1053404126848 -12.3374729156494 -12.7570348467146 -13.360024860927 -13.6224431991577 -13.5648622512817 -13.8184317180089 -14.1157229287284 -14.2107291902815 -14.2285921914237
-8.60016741071429 -9.18199505124773 -9.29810816901071 -8.86050701141357 -8.74176284245082 -8.72930465425764 -8.89456047330584 -9.0049592426845 -8.91384431294033 -8.74178661618914 -9.05715772083827 -9.91881445475987 -10.6398996625628 -10.4146990094866 -10.1723561286926 -10.0700129781451 -9.77452666418893 -9.93389790398734 -10.3081260408674 -10.5412111282349 -10.8201263972691 -11.0957292829241 -11.2547603334699 -11.4560766220093 -11.4848224094936 -12.012996673584 -12.3205987385341 -12.3493446622576 -12.4363753455026 -12.3119783401489 -12.3372948510306 -12.6266114371164 -12.9781773430961 -13.0542770113264 -13.1406626020159 -13.198476927621 -13.1042906897409 -13.150105203901 -13.395347731454 -13.4645903451102 -13.415547643389 -13.3796472549438 -13.3094611849104 -13.2964180537633 -13.3722273962838 -13.4883163997105 -13.5141203744071 -13.8776379993984
-8.84263018199376 -8.97395331518991 -8.72470508302961 -8.76688575744629 -8.70963791438511 -8.91696126120431 -8.92142765862601 -8.57389375141689 -8.712746824537 -9.10084411076137 -9.34151295253209 -9.92389583587646 -10.1257072176252 -9.88180439812797 -9.7356162071228 -9.78428445543562 -10.2695246423994 -11.0370503834316 -11.6091480255127 -11.9178161621094 -11.4010519300188 -11.475996698652 -11.9429422106062 -11.991601399013 -12.0699751717704 -12.1460632596697 -12.5621513639178 -12.9108107430594 -12.9640411649432 -12.9881294795445 -13.065931728908 -13.2083053588867 -13.3838112694877 -13.3890203748431 -13.358801977975 -13.3514400209699 -13.4075070789882 -13.4698595319475 -13.5939262935093 -13.6379931313651 -13.7037740434919 -13.6489838191441 -13.5610508237566 -13.6199749537877 -13.6905944006784 -13.6551950999669 -13.4100822721209 -13.1245931897845
-8.4393778528486 -8.53734043666295 -8.81815985270909 -8.71897894995553 -8.45237023489816 -8.37890379769462 -8.45115150724139 -8.82168551853725 -9.01164988109044 -9.47990185873849 -9.30929640361241 -9.57412004470825 -9.7560864176069 -9.67176689420428 -9.89316190992083 -10.1756996427264 -10.3553798539298 -10.6190601076399 -10.7638842718942 -11.1927071980068 -11.4728339059012 -11.3162651062012 -11.5556952612741 -11.8636974607195 -12.2791282108852 -12.3397015162877 -12.5831320626395 -12.759133883885 -12.8528506415231 -13.0357095173427 -13.2299969536918 -13.2077132633754 -13.0568744114467 -13.1831933430263 -13.2300844192505 -13.3346895490374 -13.4667235783168 -13.472471509661 -13.595933505467 -13.7942529405866 -13.8148583003453 -13.836606161935 -13.8132115772792 -13.9258165359497 -14.0135331835066 -13.9946459361485 -14.0197591781616 -13.7883005142212
-7.77784040996007 -7.79215560640608 -7.90247140611921 -7.93450137547084 -8.04081637518746 -8.57570341655186 -9.09916162490845 -9.52262026923043 -9.64940956660679 -9.50981644221715 -9.29193728310721 -9.29577275684902 -9.59732219151088 -10.2965863772801 -10.525564466204 -10.8231143951416 -11.0418059485299 -10.6964988708496 -10.8140483583723 -11.0853125708444 -11.276616368975 -11.7102466310774 -12.071877343314 -12.4563650403704 -12.7545663288661 -12.8670537131173 -12.902398790632 -13.0057431629726 -13.0205163955688 -12.9975752149309 -12.8500627790179 -12.7985500608172 -12.8293658665248 -12.8259378160749 -13.0882241385324 -13.4625102451869 -13.6470824650356 -13.7002263750349 -13.5002267020089 -13.6356558118548 -13.6379421779088 -13.5202290671212 -13.4070862361363 -13.5230869565691 -13.4770432880947 -13.6260963167463 -13.6797211510795 -13.730489049639
-7.67858832223075 -7.85097129004342 -7.78106866564069 -8.32316568919591 -8.51726293563843 -8.25364548819406 -8.46145718438285 -8.79384027208601 -9.1305980682373 -8.97573123659406 -9.81972115380423 -10.4957111903599 -10.3408439499991 -10.258548940931 -10.2888244901385 -10.5179571424212 -10.6676618031093 -10.7356518336705 -10.905355998448 -11.0613461903163 -11.1518276759556 -11.4796577181135 -11.7297733851842 -11.9421746390206 -12.1242904663086 -12.1864065442766 -12.3462369101388 -12.5877806799752 -12.6584681102208 -12.6897266932896 -12.6238426480974 -12.6836727687291 -12.815571648734 -12.8389680044992 -12.7875066484724 -12.8440457752773 -13.0285844802856 -13.0536948612758 -13.1513772691999 -13.5050586972918 -13.8101692199707 -13.8941365650722 -13.899818284171 -13.8117862428938 -13.694837978908 -13.7158327102661 -13.5528267451695 -13.4458205359323
-7.85133634294782 -8.08235836029053 -8.15223721095494 -8.3518305506025 -8.65085240772792 -8.99444539206369 -9.29518154689244 -9.48334646224976 -9.53064387185233 -9.0290743964059 -9.56293344497681 -10.5567926679339 -10.630651473999 -10.6170823233468 -10.6555129459926 -10.9699433190482 -11.0592314856393 -11.1365188871111 -11.3566635676793 -11.5419517244611 -11.7230384009225 -11.793068749564 -11.8830984660557 -12.1605566569737 -12.5454436710903 -12.7406161172049 -12.9980748040336 -13.2303901399885 -13.3421343394688 -13.2367350714547 -13.2250509262085 -13.2653665542603 -13.5160624640329 -13.6097113745553 -13.2570746285575 -13.0558661052159 -12.8946580886841 -12.9688783373152 -13.1116699491228 -13.2516043526786 -13.3635388783046 -13.381187575204 -13.3119791575841 -13.5027708326067 -13.6800624302455 -13.7621401378087 -13.9202171053205 -13.9354373386928
-8.37951299122402 -8.92345932551793 -9.2954055922372 -9.30963775089809 -9.69815594809396 -10.1489597048078 -10.5351913315909 -10.7534234183175 -10.6649750300816 -9.86070346832275 -9.66557461874826 -9.92130265917097 -10.1936020169939 -10.4036163602557 -10.60963003976 -10.7893581390381 -11.0759434018816 -11.4682431902204 -11.6068282808576 -11.7699846540179 -12.0073926108224 -12.0881934847151 -11.8718513761248 -12.0617949622018 -12.2100249699184 -12.4793976375035 -12.6973412377494 -12.8809991564069 -12.8835142680577 -13.1951729910714 -13.2582588195801 -13.3236315590995 -13.5479827608381 -13.7318845476423 -13.5803574153355 -13.2682586397443 -13.2361600058419 -13.3629185812814 -13.3565341404506 -13.438149860927 -13.6369082587106 -13.7168102264404 -13.7018538883754 -13.8200413840158 -13.9521438053676 -14.0701616832188 -14.3333226612636 -14.5199116298131
-8.66483231953212 -9.22170325687953 -9.61686018535069 -9.78687415804182 -9.7163166318621 -9.9863303729466 -10.360344341823 -10.4966438157218 -10.4233063970293 -10.1151892798288 -10.3603049005781 -10.6852410180228 -10.9542666843959 -10.9970066887992 -10.7254614148821 -10.967629977635 -11.1337983267648 -11.2508245195661 -11.3564220155988 -11.3483047485352 -11.36146068573 -11.599889755249 -11.939461844308 -12.1178914478847 -12.2186064038958 -12.3084643227713 -12.6131786618914 -13.0544654301235 -13.3254656110491 -13.4147526877267 -13.5057529721941 -13.6030394690377 -13.6861885615758 -13.6769138063703 -13.5830683026995 -13.3760792868478 -13.2570901598249 -13.2769590105329 -13.3311132703509 -13.4926956721715 -13.5422784260341 -13.8701462064471 -13.9437292643956 -13.9938832691738 -14.1282251902989 -14.3227552686419 -14.4241417476109 -14.5261002949306
-9.14500883647374 -9.18166174207415 -9.42288603101458 -9.7606816973005 -10.068762915475 -10.335130078452 -10.4592113494873 -10.4610069138663 -10.4142092977251 -10.0703424045018 -10.2126656941005 -10.5548940386091 -10.7075031825474 -10.7178261620658 -10.6955781664167 -10.7721875054496 -10.9350827080863 -11.2134056091309 -11.5443008967808 -12.0026241030012 -12.2446714128767 -12.1367292404175 -12.1407867159162 -12.2602732522147 -12.1637595040458 -12.0375304903303 -12.3633027757917 -12.7153600965227 -12.8725603648594 -13.1509039742606 -13.4486758368356 -13.5533048084804 -13.5575369426182 -13.3973726545061 -13.4303503036499 -13.4736144202096 -13.5848785127912 -13.5618564060756 -13.6159770148141 -13.4935268674578 -13.3887909480504 -13.8189116886684 -13.9913188389369 -14.0928682599749 -14.2117351804461 -14.3227766581944 -14.4052472795759 -14.5751461301531
-8.93661430903843 -9.35990592411586 -9.85462611062186 -10.173346383231 -10.3514953340803 -10.2656440734863 -9.97293567657471 -9.63622733524867 -9.28625501905169 -9.21730463845389 -9.44778272083827 -9.86683232443673 -10.1338817732675 -10.2346460478646 -10.3674097061157 -10.6881738390241 -11.0912231717791 -11.460558618818 -11.583608354841 -11.7055149078369 -11.7610257012503 -11.946711403983 -12.1066831861223 -12.2117973055158 -12.2637686048235 -12.3928831645421 -12.5928546360561 -12.869969367981 -13.0642264229911 -12.9984837940761 -13.1144557680402 -13.3789987564087 -13.4540286745344 -13.6155448641096 -13.5707758494786 -13.7637206486293 -13.639523097447 -13.5010397774833 -13.5945562635149 -13.7092157091413 -13.2050177710397 -13.1042487280709 -13.4554790769305 -14.0027103424072 -14.2095309666225 -14.3462272371565 -14.3246379579817 -14.3944775717599
-8.40792601449149 -8.37264605930873 -8.10822309766497 -8.03122881480626 -8.05994858060564 -8.18466854095459 -8.40138850893293 -8.66953693117414 -8.76548079081944 -8.97550548825945 -9.36724465233939 -9.86184086118426 -10.3610083716256 -10.7624615260533 -11.097057887486 -11.3459399087088 -11.5171074186053 -11.692275592259 -11.8405861173357 -11.8631823403495 -11.8745361055647 -11.8797916684832 -11.9981891087123 -12.1314442498343 -12.1389849526542 -12.4905251094273 -12.8374948501587 -13.1536068235125 -13.405718939645 -13.2498310634068 -13.4253719874791 -13.5883411679949 -13.6668115343366 -13.4779267992292 -13.3233274732317 -13.3287284033639 -13.3364152908325 -13.3646730695452 -13.4632165091378 -13.4863319396973 -13.466589655195 -13.3188472475324 -13.3493908473424 -13.4965057373047 -13.525007384164 -13.7583228519985 -13.9476386478969 -14.2169545037406
-7.10980217797416 -7.07531111580985 -7.04653426579067 -7.21032919202532 -7.53583799089704 -7.94934688295637 -8.61828442982265 -9.14093589782715 -9.41643708092826 -9.70631081717355 -10.1110420908247 -10.7523448126657 -11.1765044076102 -11.3446645736694 -11.36109488351 -11.3683438982282 -11.4573074068342 -11.6639845711844 -11.7729479925973 -12.0350537981306 -12.3069182804653 -12.6113974707467 -12.6033052716936 -12.6026415143694 -12.7471207209996 -12.5630286080497 -12.9440789903913 -13.3662722451346 -13.4798943655831 -13.3306595938546 -13.4094243730818 -13.4864748546055 -13.4118867601667 -13.3199466977801 -13.3377204622541 -13.4600658416748 -13.5401251656669 -13.4178992680141 -13.4036727632795 -13.3814465659005 -13.2712206159319 -13.2392797470093 -13.2644820894514 -13.3839699881417 -13.5118789672852 -13.288206917899 -13.5799638203212 -13.873435156686
