data/curr_env/bio8_avg_2010-2016.asc
NCOLS 664 
NROWS 380 
XLLCORNER 3.91666666666667 
YLLCORNER 55.3333333333333 
CELLSIZE 0.0416666666666667 
NODATA_value -9999 
[rows 66 to 87 of 380, columns 343 to 391 of 664]
3.9223370211465 4.21538356372288 4.55288216045925 4.16114262172154 4.05873642648969 3.7135682787214 3.63316236223493 3.93180366924831 4.37511157989502 4.85365775653294 5.61229928902217 6.07732159750802 6.87529633087771 8.74284027303968 8.70614506517138 8.69992632525308 8.70732631002154 8.72815498283931 8.7263172013419 8.7141934462956 8.52406968389239 8.42956505502973 10.4464217594692 9.82689503261021 8.47400093078613 8.57699012756348 8.52766500200544 8.06500652858189 7.87863349914551 7.72921310152326 8.08341176169259 8.45520230701992 8.75523737498692 8.97960635593959 9.18842744827271 9.70343896320888 10.2664125987462 10.4319083350045 10.6781391416277 10.6087478910174 10.6181182861328 10.6810125623431 10.6354306084769 10.6226109095982 10.517219543457 9.94257354736328 10.2938653400966 10.2999026434762 10.2547018868583
3.91223634992327 4.22760445731027 3.16343341554914 3.58394949776786 4.15427487237113 4.16355282919748 4.3874021598271 4.14048940794809 4.28919584410531 4.78591156005859 5.07772667067392 5.17716060365949 7.98222981180464 8.80697046007429 8.78671584810529 8.77817572866167 8.75649264880589 8.82652371270316 8.76103070804051 8.73106190136501 8.79023589406695 10.8255206516811 10.8218547276088 10.7708549499512 10.6474744251796 10.4323859895979 10.3340663909912 10.3076513835362 10.2252362115043 10.0412026814052 9.96864087241037 10.0611886978149 10.0726887839181 10.3961144856044 10.5212237494332 10.4778567722866 10.5210603986468 10.7014698301043 10.7301312855312 10.2945611817496 10.0600190843855 10.4215722084045 10.8338270187378 10.8991550718035 10.7941028050014 10.7113364083426 10.6461885997227 10.5372314453125 10.4732265472412
4.05137729644775 4.17007037571498 4.29322273390634 4.29875608852931 4.14457532337734 4.06325173377991 4.26640391349792 4.70508030482701 5.10747085298811 5.65976629938398 6.04958506992885 8.02978430475507 8.3144451209477 8.28691043172564 8.21709632873535 7.9693774495806 7.85908712659563 9.73089000156948 9.44917924063546 7.36535889761789 9.18956661224365 9.40156997953143 10.0378589630127 10.504148210798 10.5794846670968 10.5437818254743 10.5491343906948 10.5258203233991 10.5637441362653 10.6550016403198 10.7809258869716 10.737802369254 10.5542978559222 10.7187935965402 10.6116702216012 10.2065601348877 10.4655178615025 10.9041709899902 11.0217430932181 11.2201726096017 11.2662209102086 11.2384601320539 11.2153652736119 11.2472235815866 11.1267960412162 11.0570347649711 10.8764166150774 10.8353222438267 10.6899419512068
4.53947053636823 4.7259852205004 4.75739298548017 4.71746747834342 4.86306616238185 5.12142665045602 5.4855009828295 5.8685280425208 6.13593622616359 6.71698686054775 6.05467925752912 5.55843196596418 5.95475632803781 5.61694533484323 5.88500022888184 6.44400780541556 5.76739590508597 5.67249829428537 6.28379126957485 6.05851282392229 8.28251675197056 8.80790431158883 9.34691047668457 9.74486930029733 9.21249893733433 8.69477067674909 9.1619165965489 9.96494143349784 10.3221570423671 10.3448009490967 10.6050643920898 10.8892320905413 10.8607328959874 10.8008056368147 10.7004970823015 10.7748556137085 10.2082174846104 10.5517294747489 10.3612080982753 10.5996471132551 10.8786059788295 10.8103268487113 10.9247140884399 11.003291947501 11.1078698294503 11.1835904802595 11.2016921724592 11.0827463694981 10.8004669461932
4.4664535352162 4.66819853442056 4.9129387480872 5.59475546223777 5.55747733797346 5.59810415336064 5.51015961170197 5.35688134602138 5.28074642590114 6.24981314795358 5.51028953279768 5.60777282714844 5.02411297389439 4.50565705980573 4.63735730307443 5.21658168520246 5.80532986777169 5.80274432046073 8.14642368044172 8.83860172544207 8.78155633381435 9.05741780144828 9.05632679803031 8.84799814224243 8.26814542497907 8.19601603916713 8.64199066162109 8.95977517536708 8.9341310773577 9.10039179665702 9.57217618397304 10.4192746026175 10.6434328896659 10.6601623807635 10.5158442088536 10.7660022463117 10.8082554680961 10.8386083330427 10.8427746636527 10.8807505198887 10.9503451756069 10.9309873580933 10.9389636175973 10.9886531829834 10.9773906980242 11.1228903361729 11.0936280659267 11.1697942188808 10.9963414328439
4.25560014588492 4.39909672737122 4.39019141878401 4.2115718296596 4.49961880275181 4.9429989201682 6.12028367178781 5.89838491167341 6.15836341040475 5.65449265071324 6.44352660860334 5.55812379292079 6.029944896698 6.13333102634975 5.69464404242379 5.70252813611712 6.04212672369821 8.63770546231951 9.63169963019235 9.29540770394462 7.68717663628714 8.20337520326887 8.20966897691999 7.81015307562692 8.0657799584525 8.20830965042114 8.46507556097848 8.74917466299874 8.72641699654715 8.69927801404681 9.18823419298444 9.73690509796143 10.0455754825047 10.0086269378662 10.2014880861555 10.2374923569815 9.76292453493391 10.4337802614485 10.6234876087734 10.5649093219212 10.4443307604109 10.6388952391488 11.1062085287912 11.1313077381679 11.1200256347656 10.8236013139997 10.8192719050816 10.9635137830462 11.2054704938616
4.37429703984942 3.55554897444589 4.89091341836112 5.52576657703945 6.11395335197449 6.13309230123247 5.47546931675502 5.12268883841378 4.61517293112619 3.95662682397025 4.05395105906895 4.37281615393502 5.16930001122611 6.06452866962978 6.79573965072632 6.89095067977905 8.95868819100516 8.66592713764736 8.24335595539638 8.85173777171544 9.36964314324515 8.97618934086391 8.91186768668038 9.16764068603516 8.82893800735474 7.74831765038626 7.86835077830723 8.004859992436 8.37013094765799 8.66530697686332 8.76410205023629 9.09042058672224 9.39893000466483 9.94762938363212 10.2151864596776 10.3216958045959 10.3903954369681 10.5532609394618 10.6673389843532 10.6993220193045 10.6680671146938 10.3444316046579 10.5289860452924 10.7623973573957 11.1510418483189 11.142407144819 10.7141535622733 10.4148526872907 10.6366942269461
4.86511407579694 5.69415293421064 5.94194855008806 5.44631562914167 4.92011117935181 4.47219252586365 4.80579771314348 6.03425979614258 5.24881192616054 4.38470152446202 3.46925783157349 3.43971187727792 4.28343752452305 6.74783366067069 4.87797846112932 4.64527811322893 6.70623643057687 7.41900546210153 8.27320330483573 8.20187738963536 8.1600364957537 8.87452752249581 8.82016175133841 8.75446258272443 9.03266790934971 9.38508755820138 9.89286381857736 9.38187830788749 8.70517873764038 8.53543138504028 8.97416012627738 8.97907938276018 9.07495110375541 9.17929901395525 9.35964686529977 9.7277090890067 10.1094856262207 10.4849318095616 10.4570846557617 10.460844380515 10.7190420968192 10.5471102169582 10.4020359856742 10.4703900473458 10.7856969152178 11.2574990136283 11.2561780384609 10.9117148263114 10.8038230623518
5.60469286782401 5.23205552782331 4.3977895464216 4.07530117034912 3.9186224256243 3.55889599663871 4.75012213843209 6.9492529460362 5.66845124108451 4.48012692587716 4.35723141261509 4.38757371902466 4.63905899865287 4.77111482620239 7.01594727379935 7.25329467228481 5.1865177835737 7.59046520505633 7.84276485443115 7.89073331015451 8.24184049878802 8.51518739972796 9.25655112947736 9.35452175140381 9.14858818054199 9.05785717282976 9.32671070098877 9.8251827103751 10.0470833778381 10.0670795440674 9.94650404793876 9.87116697856358 9.72592469624111 9.56011118207659 9.13496426173619 9.58981711523873 10.1660990715027 10.4724121774946 10.6962804794312 10.585577079228 10.5681118283953 10.7143607139587 10.6315618923732 10.3783824784415 10.2976789474487 10.8358287811279 11.1393461227417 11.1357202529907 10.78580897195
4.8916050365993 3.85795790808541 3.2655429158892 4.20227071217128 4.07204610960824 3.87182184628078 4.57887390681675 5.28636257989066 6.03785072054182 7.0575522014073 7.27101421356201 7.18019049508231 7.02165242603847 6.34736027036394 5.85236079352243 7.06978879656111 7.52019017083304 7.8985915184021 8.16204077856881 8.41710880824498 8.86789124352591 8.87996591840472 9.215797492436 9.35639115742275 9.42425898143223 8.99986525944301 9.03617600032261 8.92829649788993 9.07860728672573 9.28348936353411 9.73132433210101 9.82639694213867 9.87470783506121 10.1862569536482 10.2301866667611 10.2915451186044 10.4523319516863 10.5832260676793 10.7751791817801 10.8397995403835 10.9225145067487 10.9090396336147 10.6845166342599 10.4896131243025 10.5960424968175 10.7371109553746 10.6810850415911 10.9428686414446 11.204080581665
5.09756483350481 5.20062228611537 4.73962579454694 4.83694410324097 3.69526655333383 3.26654120853969 4.21095888955252 4.52613830566406 4.99925300053188 5.29335853031703 5.57793998718262 6.20614065442766 6.83681774139404 9.73832375662667 9.84235082353864 9.18704455239432 8.73450027193342 8.58271796362741 8.28150701522827 8.12324823651995 8.16775165285383 8.49263606752668 8.65485341208322 9.2958790915353 9.56671728406634 9.14082554408482 9.21345104490008 9.40217229298183 9.56689276014056 9.50304256166731 9.72166783469064 9.7182936668396 9.54225274494716 9.81078318187169 10.1275990349906 10.394129548754 10.4974219458444 10.428348336901 10.690173625946 10.8011647633144 11.0592865262713 10.886670930045 10.8440429142543 11.0034363610404 11.0140577043806 10.977917262486 10.9599669320243 10.8011593137469 11.1719711848668
5.08161994389125 6.36052431379046 5.73028012684413 4.92786087308611 4.56844575064523 4.75579241343907 4.2508533341544 3.75905731746129 5.20678618976048 3.67497416904994 5.82768630981445 5.26171009881156 5.56083985737392 7.38109036854335 7.53836209433419 8.78268160138811 10.0860488074166 10.6812252317156 10.126973424639 8.65334578922817 8.00908940179007 8.67078876495361 8.86958462851388 9.03476081575666 9.35269948414394 9.2074933052063 8.85386902945382 9.1994594846453 9.11632149560111 9.281357220241 9.50134536198207 9.67619064876011 9.52436903544835 9.72530950818743 10.0092978477478 10.1985237939017 10.3783215114049 10.4676157406398 10.312310900007 10.5380538531712 10.5586545126779 10.6683975628444 11.0436795098441 11.090566771371 11.1649781635829 11.1571991784232 11.1477057593209 11.1078315462385 11.1420526504517
5.8402464730399 6.37956963266645 6.65864852496556 5.48439393724714 5.67638662883214 4.9337101663862 3.85970033918108 3.32854764802115 3.94720431736537 6.58135066713606 5.37245852606637 7.07957376752581 7.75206640788487 7.97004720142909 7.89627810886928 8.15231854575021 8.50143602916173 10.333256312779 10.895010811942 10.3612420218331 9.72347279957363 9.50322716576713 9.60068007877895 10.0494982855661 10.0864914485386 9.88122204371861 9.78609657287598 9.65316145760672 9.7336973462786 9.58738626752581 9.54692738396781 9.61742053713117 9.78572334562029 9.92697899682181 10.0549008505685 10.3887364523751 10.3595066751753 10.4876674243382 10.5049245016915 10.5682767459324 10.8130927767072 10.7244371686663 10.5056663921901 10.7859829493931 10.9547560555594 11.052100454058 11.0341117041452 10.9725988933018 10.8802285875593
6.149158511843 6.66461491584778 7.11692176546369 6.00894314902169 5.24877350670951 5.73653936386108 5.7120988709586 7.58053765978132 7.74350139072963 8.53160755974906 9.24352380207607 9.65315450940813 9.93040330069406 10.0201469148908 9.93095643179757 9.99624129704067 10.3465741021293 10.5364302226475 10.8920962469918 10.9084287370954 10.7584758486067 10.8619515555246 10.8640933718 10.8642358779907 10.8733303887503 10.903201511928 10.7968957083566 10.8579243251256 10.8928571428571 10.7093200683594 10.6700567517962 10.3821747643607 10.6501128332955 10.6426645006452 10.6413119179862 10.7144353049142 10.6001300811768 10.1519098963056 10.1529663630894 10.3185945919582 10.497746195112 10.4471840177264 10.2244306973049 10.285582610539 10.7160576411656 10.8403348922729 10.7146572385515 10.7341899871826 10.8874526705061
6.71264730181013 6.85766015733991 6.58367129734584 6.2013966356005 7.12788813454764 6.8665337903159 6.06597484861101 5.71541588647025 7.71366814204625 7.42072193963187 7.86720452989851 8.8934965133667 9.15435968126569 8.30691358021327 8.13972929545811 8.4155923298427 8.86764580862863 9.15474721363613 9.23756272452218 9.20256839479719 9.65405075890677 9.98267555236816 10.054062298366 10.0694495609828 9.9604902948652 10.0730479104178 9.87664699554443 10.4432517460414 10.5911596843175 10.6488770076207 10.4442821230207 10.773645401001 10.7969820840018 10.7098413876125 10.9813692910331 11.0481338500977 10.8951150349208 11.0248866762434 11.0010498591832 10.9255932399205 10.8304226739066 10.5779579026358 10.5353858811515 10.6250034059797 10.8474546160017 10.9649508340018 10.7613816261292 10.8167998450143 11.0035340445382
6.22113684245518 7.33203864097595 7.07918279511588 7.18571809359959 6.87925750868661 7.11481428146362 7.80805090495518 7.55955464499337 9.40069239480155 9.58031259264265 9.33221864700317 8.72079127175467 8.18698276792254 8.06701353618077 8.16393082482474 8.2727530343192 8.47395631245204 9.07001624788557 9.55217177527291 9.70861278261457 9.81010123661586 9.75187621797834 9.73250763756888 9.79428243637085 10.0253899438041 9.91595676967076 9.96045848301479 10.0908835956029 10.0584167752947 10.3152980804443 10.3006567273821 10.0045398303441 9.70207268851144 9.51036773409162 9.78351988111224 10.2027673721313 10.4675386292594 10.6255375317165 10.7189552443368 11.0805159977504 11.0546591622489 11.0426119395665 11.0019934517997 10.9828032084874 11.0862800053188 11.1364231109619 11.1801854542324 11.1812810897827 11.1846625464303
7.26988843509129 7.65215618269784 7.29919263294765 7.00670555659703 7.2480286530086 7.08959994997297 9.40992804936 10.3962158475603 10.1714564732143 10.0424109867641 10.2124136516026 9.73403494698661 9.42879915237427 9.21592228753226 9.50788082395281 9.61469636644636 9.60903624125889 9.53594705036708 9.18733392442976 9.28853048597063 9.53325114931379 9.80959047589983 10.0322155271258 10.0533170700073 10.094799041748 10.2575184958322 10.3242360523769 10.3490487507411 10.1318619591849 9.97667489733015 10.0543449946812 10.0314435958862 9.82458516529628 9.87751402173724 9.72358594621931 9.38280098778861 9.42515850067139 10.0195206233433 10.3444583756583 10.6067302567618 10.9102122443063 10.7459388460432 10.8570673806327 11.1065350941249 11.1967702593122 11.2524333681379 11.2411440440587 11.2235697337559 11.3073279517038
6.32526384081159 6.24213062013899 6.24575866971697 5.87756443023682 6.01022781644549 7.96164648873465 7.70946550369263 8.81766550881522 9.86415127345494 10.0929227556501 10.5897897992815 10.1558941432408 9.47352273123605 9.49535465240479 9.6746267591204 9.85085160391671 9.73174272264753 9.52911049979074 9.45438255582537 9.4174644606454 9.32759387152536 9.6794377054487 9.91499560219901 10.0409349714007 10.0146830422538 10.2008829116821 10.406581061227 10.4185645239694 10.5163583755493 10.4968182700021 10.4881350653512 10.4702144350324 10.4277215685163 10.4303725106376 10.4614037105015 10.3014827455793 9.93921375274658 9.86514895302909 10.2128513199942 10.5355062484741 10.8320350646973 10.9012335368565 10.8734798431396 10.9512500762939 11.1262584413801 11.1415525163923 11.1597035271781 11.2096642085484 11.2630534853254
6.36074594088963 7.12719416618347 6.98671245574951 6.28470696721758 8.40363577433995 7.90231922694615 6.73814569200788 7.18492426191057 8.41865573610578 8.94029133660453 9.7843085697719 10.5968016215733 10.6482469013759 10.5121195656913 10.2540392194475 10.4417682375227 10.4247352055141 10.1468454088484 9.9834315436227 9.83782727377755 9.69231789452689 9.93966606685093 10.0316807883126 10.1349338803973 10.0935200282506 10.1887234279088 10.5243543897356 10.6256044932774 10.7057112285069 10.7796276637486 10.8407823017665 10.8105085917882 10.8096632276263 10.7591987337385 10.6970202582223 10.4764607293265 10.2273638589042 10.3304916790554 10.7465794427054 10.8132182529994 10.8852861949376 11.0287821633475 11.0762781415667 11.0327268327985 10.9951754978725 10.915719304766 10.833882195609 11.0349018914359 11.1884935923985
5.87357364382063 7.66775267464774 8.45425292423793 10.4050786154611 7.69951496805464 7.78461102076939 8.15482589176723 7.78265946252005 7.78801686423165 8.0878507069179 8.8824462890625 10.272089276995 10.6966849735805 10.4026948383876 10.480975832258 10.4275422777448 10.7453468867711 10.7581995555333 10.6885757446289 10.6287614277431 10.5624707085746 10.2592276164464 10.0823658534459 9.93912288120815 9.91292776380267 10.1240882873535 10.1935565131051 10.2896915163313 10.4851597377232 10.4837709154402 10.5662867682321 10.8802318572998 11.065509387425 11.0804064614432 10.9806365966797 10.8361052104405 10.1869426454817 10.5602996008737 10.8304741723197 11.0381723131452 11.1285374505179 11.1818549292428 11.1564103535243 11.1298230034964 11.0913306644985 11.0453146525792 10.928441456386 11.1450922829764 11.2070762089321
5.05897065571376 6.07972996575492 6.79509455817086 8.33598320824759 10.096586227417 10.4672843388149 9.97979177747454 10.034108706883 10.0788071496146 9.67293357849121 9.79982239859445 9.7714729309082 9.81150436401367 9.9136506489345 10.1911502565656 10.3872213363647 10.4683397838048 10.9030772617885 10.788290977478 10.6562666211809 10.3973851885114 10.392694064549 10.4114321299962 10.2635028021676 10.1698594774519 10.1529764447893 10.2247588293893 10.363016809736 10.6414653233119 10.7566761289324 10.8157915387835 10.9211924416678 11.036022731236 11.0818996429443 11.0845391409738 11.1097496577672 11.1713409423828 11.1698014395578 11.1604640143258 11.1952213559832 11.2292175292969 11.2748321805682 11.2820659364973 11.2310139792306 11.2147237232753 11.2458622796195 11.2750012534005 11.2692826134818 11.1323255811419
8.16885949884142 6.93113446235657 6.72458059447152 8.95130825042725 9.7276326588222 11.0119571685791 11.4727578844343 11.3742249352591 11.29416847229 11.2480170386178 11.2876747676304 11.2053319386074 11.1507042476109 11.2058447429112 11.0604675837925 10.8802329472133 10.9573322023664 11.063097681318 11.0926731654576 11.0791055134365 10.9837281363351 10.9925415856498 10.9153550011771 10.810930115836 10.6640291213989 10.5359597887312 10.4952938897269 10.5587230409895 10.8748190743583 10.8914860316685 10.8533912386213 10.648344039917 10.2514548982893 10.5155831745693 10.6431104115077 11.0180606842041 11.0583468845912 11.1149223872593 11.1754059110369 11.2420797348022 11.2688489641462 11.2329519816807 11.3021023614066 11.3300146375384 11.2334500721523 11.279933656965 11.1036562238421 11.0866075243269 11.2263370241438
