data/curr_env/bio8_avg_2010-2016.asc
NCOLS 664 
NROWS 380 
XLLCORNER 3.91666666666667 
YLLCORNER 55.3333333333333 
CELLSIZE 0.0416666666666667 
NODATA_value -9999 
[rows 242 to 263 of 380, columns 147 to 195 of 664]
11.3117739813668 10.9058858326503 11.1447602680751 11.2857288633074 11.4376505443028 11.7196366446359 12.5322587149484 13.1615472521101 13.4420746394566 14.5394586835589 13.9642711366926 13.4280364172799 13.0214202063424 13.1028101784842 12.9365243911743 12.8589047023228 12.4930949892317 12.5327969959804 12.5302960532052 12.3658903666905 12.2387225287301 12.078983443124 11.9337204524449 11.9294098445347 11.8995755059378 11.8797411237444 11.8021924155099 11.5862629754203 11.6774766104562 11.8085602351597 12.8506566456386 13.5118955884661 13.1070397240775 12.3186754499163 11.9289647511074 12.2093488148281 12.8505901609148 12.9465936933245 12.8470728737967 12.473933492388 11.8466988972255 11.744227545602 11.6804248264858 11.58157484872 11.2801525933402 11.4910165241786 11.8174990245274 11.807982308524 11.6472270148141
12.1355973652431 10.9679720742362 10.8133942740304 11.1124352046422 11.4644293103899 11.6424782616752 11.5230591637748 11.8254493985857 12.636125428336 13.8669922692435 14.5107157570975 14.2445346287319 13.7905439649309 13.4225536073957 13.4809440885271 13.6644359316145 13.4623396737235 13.062134878976 13.0102981839861 12.7946522576468 12.6631020137242 12.6551703044346 12.448572567531 12.2563550131662 11.9634710039411 11.820396559579 11.452465057373 11.4675807952881 11.3515543256487 11.6334851128714 11.9739453451974 12.9511676515852 13.285316331046 12.6620148250035 12.5312850134713 12.917126246861 12.5929679870605 12.2731906345912 12.3027463640485 12.493445123945 12.7222388131278 12.4363128117153 11.9601437704904 11.8431171689715 11.7803767068045 11.8055406297956 11.8369903564453 12.0214877809797 12.0190327508109
12.7341822215489 12.4538677760533 11.7655521120344 11.4659042358398 11.6594937188285 11.7715105329241 11.9802404131208 12.2116370882307 12.4575098582676 12.7857638767787 13.262875011989 13.8637951442174 14.1399468013218 14.2493528638567 14.0698898860386 13.3403478349958 13.230249949864 13.5398533684867 12.7402057647705 12.3837957382202 12.3199570519584 12.4812620707921 12.5722812925066 12.4692046301705 12.1206046513149 11.8956234795707 11.7986421585083 11.6895655223301 11.5091559546334 11.5446010317121 11.8608538763864 12.1984401430402 12.8075793130057 13.2249731336321 13.3774147033691 12.9464280264718 12.6360120773315 12.3344541277204 12.2325145176479 12.5907656805856 12.6457785197667 12.5616362435477 12.2785291671753 11.5867552076067 11.6191719600133 11.8430167606899 11.9769575936454 12.1407070159912 12.1936949321202
12.4262913295201 12.965286391122 12.3079962049212 12.3301341193063 12.3746531350272 12.1865426472255 12.0085645403181 11.9941106523786 11.7454658235822 11.8870115280151 12.2653195517404 12.8120080402919 13.3836492810931 13.8343030384609 14.3091799872262 14.276438168117 13.9450702667236 13.8072863987514 13.3656365530831 13.1925577436175 13.2838607515608 13.0207821982247 13.2839896338327 12.9560540063041 12.2526900427682 12.2090400968279 11.9181519917079 11.5405980518886 11.7136146000453 11.9281930923462 12.0009049006871 12.0240928104946 12.4009952545166 12.8227887834821 13.384115764073 13.4372528621129 12.9561993735177 12.7974315370832 12.8676161084856 13.034943989345 12.7866518838065 12.6446734837123 12.7152953829084 12.5682983398438 12.2094909123012 11.8073504311698 11.6854960577829 11.9257362910679 12.24931035723
12.8167815889631 12.2498486382621 12.0278688158308 12.1076977593558 12.5078129087176 12.5904325757708 12.7725082124983 12.5969649723598 12.7085644858224 12.5537835529872 12.3699546541486 12.6437447411673 12.9823920386178 13.4235153198242 14.18101978302 14.4938554763794 14.2956326348441 14.1086214610509 14.2721144812448 14.3749392373221 14.4870973314558 14.3857310158866 13.6112221309117 13.2109038489205 12.8483945301601 12.7543621063232 12.2423291887556 12.3190580095564 12.4995970044817 12.7237851279122 12.8800988878523 12.9240319388253 12.9350577763149 13.1593664714268 13.4512938090733 13.730840410505 13.7514341899327 13.5413615362985 13.4917655672346 13.4285503114973 13.2527632032122 12.9653306688581 12.6080617904663 12.533650125776 12.7002859115601 12.6687315532139 12.3642247063773 12.3501935686384 12.377211025783
13.5476522445679 12.4824107033866 12.385264805385 12.5348805018834 12.6746869768415 12.4969882965088 12.4592131205967 12.3562000819615 12.5380439758301 12.7489359719413 12.861446925572 12.968910081046 12.9569444656372 13.223074231829 13.4901564461844 14.2962252753122 14.4797489983695 14.2929138456072 14.1556414195469 14.1318920680455 14.3956666673933 14.7708702087402 14.3476927621024 14.1510866710118 14.1525757653373 14.0271122796195 13.732886995588 13.5703758512224 13.5004367828369 13.4782344273158 13.5134833199637 13.3960312434605 13.3621777125767 13.3092769895281 13.2167570931571 13.3556654793876 13.7764784949166 13.5715774808611 13.4063911437988 13.6208233152117 13.3903982979911 12.9307493482317 12.5760662896293 12.5285258974348 12.4956526075091 12.7126840863909 12.8567630222866 12.7527469907488 12.5103494099208
13.5925233023507 14.067068372454 13.5788514273507 13.6258730207171 13.5155606951032 12.5790680476597 12.5092515945435 12.4808639798846 12.3877145222255 12.6285648345947 12.9694152559553 13.1424557822091 13.3228299277169 13.5116807392665 13.8312079565866 14.54173714774 14.4866127286639 14.0000227519444 14.0527864183698 14.0378927503313 14.1327130453927 14.448676109314 14.7118776866368 14.5101265226092 14.5995183672224 14.7245294025966 14.4453501020159 14.2757892608643 14.1186098371233 14.0551597050258 14.0039153780256 13.9119095121111 13.7890464237758 13.4764254433768 13.3133632114955 13.3341094425746 13.5512366976057 13.7812222072056 13.7681591851371 13.8010962350028 13.5920336587088 13.2286442347935 12.6251185280936 12.7670215879168 12.4750197274344 12.28473172869 12.5781585148403 12.9842515672956 13.0216783796038
12.2128223691668 12.5121066229684 13.0049148287092 13.5320081710815 14.4037681307111 13.3951481410435 13.0334809167045 13.0381946563721 12.8027181625366 12.7341936656407 12.8335742950439 13.0365735462734 13.1766206196376 13.8070486613682 13.97623865945 14.0277259009225 14.5266186850412 14.4172552653721 14.4984154020037 14.6057026726859 14.548330443246 14.5344818660191 14.7014910834176 14.7424043927874 14.7925564902169 14.6335657664708 14.5032412665231 14.5438690185547 14.4698302405221 14.1651396070208 14.0696810313634 13.9075623920986 13.7304915019444 13.4780507768903 13.4162544522967 13.4968393870762 13.4041863850185 13.1134376525879 13.1233560017177 13.5056550162179 13.7694781167167 13.6229196275984 13.4175037656512 13.2922778810774 13.1160049438477 12.8330654416765 12.495078086853 12.6353759765625 12.7030081067766
11.970892906189 12.2060124533517 12.5203693934849 12.7421553475516 13.8907030650548 14.3079654148647 13.7966094698225 13.4039196286883 12.8895160130092 12.4816833223615 12.3918511526925 12.6617330823626 13.2338220051357 13.8029700687953 13.5879274095808 13.529837335859 13.7846047537667 14.2368549619402 14.5644093922206 14.7676951544625 14.90224811009 14.5988382611956 14.5002870559692 14.740497316633 14.6980413709368 14.4512034824916 14.321699823652 14.2923859187535 14.3062154224941 14.322885785784 14.0452557972499 13.6063872746059 13.2758994783674 13.1765039988926 13.0666672842843 12.990544455392 12.6283268247332 12.7043951579503 12.7143674577985 12.7344356264387 13.481360571725 13.760445867266 13.8286433901106 13.7813170296805 13.647324017116 13.1414263589042 13.1241002764021 12.8669640677316 12.7543999808175
11.9425439834595 12.2063089098249 12.6582644326346 13.0714577266148 12.7396037237985 13.3576158796038 14.545494215829 14.1680394581386 13.4242037364415 12.9667483738491 12.8551985876901 12.3485058375767 13.0949558530535 13.4871203558786 13.3455697468349 13.2904960087367 13.5603743961879 14.0252496174404 14.4644739968436 14.410727092198 14.5774176461356 14.6977468218122 14.8217897415161 14.7460235868182 14.6627337591989 14.5252528871809 14.2321536200387 14.0680065155029 14.0630024501256 14.1867053168161 14.1909253256662 13.399298122951 13.1850655419486 12.935594694955 12.8025053569249 12.4742724554879 12.2168025970459 12.2708554949079 12.3928130013602 12.3315334320068 13.0563483919416 13.5499846594674 13.9147281646729 13.9010908944266 13.9207859039307 13.908482006618 13.835225377764 13.68339742933 13.6156646183559
12.1907668794904 12.4145107269287 12.926825932094 13.5999984741211 12.9885042735509 12.7865995679583 14.0125698362078 14.4864450182234 13.4243200847081 13.2704804284232 13.1215940202985 13.0166120529175 13.2220108849662 13.2433144705636 13.2790941510882 13.5479219981602 13.843605858939 13.9807676587786 13.896548816136 14.0526158469064 14.305349622454 14.3376068387713 14.2863403047834 14.2867882592337 14.3839025497437 14.5070169993809 14.1802268709455 13.9317226409912 14.0432182039533 14.078143801008 14.1504993438721 13.4210850851876 13.312837600708 13.056971686227 12.6566290174212 12.3074294498989 12.1228010995047 12.0239824567522 12.1845926557268 12.4070118495396 12.4158123561314 13.1869520459856 13.7463366644723 13.9020068304879 13.9796770640782 13.7195375987462 13.5281600952148 13.8511635916574 13.9308339527675
12.0144177845546 12.4737600599016 12.4667213984898 13.320729800633 13.7790243966239 13.9372024536133 14.3364073889596 14.1420886175973 13.201865196228 12.922212600708 12.9041799817766 12.6863367898124 13.1056374141148 13.3258897236415 13.4072093963623 13.3767303739275 13.5935846056257 13.3849148069109 13.0811004638672 12.917476109096 12.7371857506888 12.6988954544067 11.8575572967529 11.919266973223 12.204030581883 13.0660878590175 14.1800498962402 14.1552500043597 14.1165459496634 14.1137770244053 13.44065788814 12.8057287761143 12.9594673429217 13.1405382156372 13.0239909035819 12.5642048971994 12.2324192864554 11.9773953301566 12.0936096736363 12.3562999452863 12.6896565301078 13.0130623408726 13.1847066879272 13.5078751700265 13.8382817677089 14.0269739968436 14.0663328170776 14.1141680308751 13.9433366230556
12.9348309380668 13.3161520276751 13.004997253418 13.0021276473999 12.8942106791905 13.8467574800764 14.5889113289969 13.3727799824306 13.2642669677734 12.9408973966326 12.5091465541295 12.3944433757237 12.7272635868617 12.9097986221313 13.3234142575945 13.0350597926549 12.9256578172956 12.8087754930769 12.8437464577811 12.6705271857125 11.899784224374 12.1842793055943 12.0502984183175 11.9230173655919 11.7608876909528 12.1829481124878 12.86767578125 14.1804030282157 14.2182728903634 13.3152129309518 12.5978882653373 12.5355164664132 12.7508587156023 12.9303913116455 13.2094478607178 13.0502188546317 12.6880371911185 12.499093736921 12.5371980667114 12.1387307303292 12.4134063720703 12.8055535725185 13.0587915693011 13.044791494097 13.4225059236799 13.8313631330218 14.1109820774623 14.1933631896973 14.0751726967948
14.4564819335938 14.0614963259016 13.8635586329869 14.0400969641549 13.8069207327706 14.1621224539621 14.3431301116943 14.1889949526106 14.1613359451294 13.4105341775077 13.1403030667986 13.1483587537493 12.5595564161028 12.575516973223 13.0040483474731 12.4875319344657 12.3789209638323 12.2885409763881 12.2532501220703 12.5559592928205 12.7733351843698 12.6150917325701 12.5275222233364 12.6697484425136 12.5690785816738 12.6334280286516 13.243396622794 14.2387935093471 14.076571737017 13.1445531845093 12.6905475343977 13.036255972726 13.1911073412214 12.8268157414028 13.1285240990775 13.0908039637974 12.9973692212786 13.3313636779785 13.1544051851545 12.7468760354178 12.5927743911743 12.4767112731934 12.6269715172904 13.0744699750628 13.5545395442418 13.921085357666 14.0643930435181 14.2361764907837 14.2019609723772
14.0806094578334 13.5374127796718 13.2506912776402 13.5392090933664 13.5896306719099 13.4556777136666 12.9824912207467 13.0743525368827 14.647928237915 14.6203609194074 14.0566986628941 11.2838440622602 10.6059373319149 10.1695542910269 12.4750010626657 10.5356454082898 10.3137386419943 10.2387100591191 12.2405633926392 12.3432959147862 12.1023144040789 12.5580948420933 12.7647540228707 13.3760588509696 13.2512690680368 12.7928594861712 13.5234982626779 14.2462320327759 13.943155833653 12.9997032710484 13.1277777808053 13.2299479075841 13.6088792255947 13.3891443525042 13.3116953713553 13.1817699159895 13.0256538391113 13.56468132564 13.5226603916713 12.7571161815098 12.6811908994402 12.6829169137137 12.5691516058786 12.7396715709141 12.8710489273071 13.6982363292149 14.0285656792777 14.2924194335938 14.2309397288731
14.2020702362061 13.7064711706979 13.448205947876 13.0851781027658 13.5356746401106 13.4682803835188 13.4100430352347 13.5167579650879 14.6872831072126 14.6562554495675 14.3917606898717 12.049871138164 11.2779709185873 10.672832469855 10.12693193342 10.0987456334489 10.569321415254 10.7605233618191 10.7684652038983 10.9927504318101 10.9308155264173 12.6895344597953 12.9418903078352 13.6258656638009 13.7775547845023 13.1560057231358 12.9716002600534 13.9219555173601 14.0216451372419 13.3820913859776 12.9003417151315 12.8778299604143 13.3225569043841 13.7497589928763 14.015438079834 13.761593409947 13.6648915154593 13.9990464619228 13.9074873243059 13.1763087681362 13.0157973425729 12.9004556110927 12.6526645932879 12.8283019747053 13.1206062861851 13.7139583315168 14.0049294063023 14.2612334660121 14.2587761197771
14.1842926570347 13.2923868724278 13.644195829119 13.5315284729004 13.3173374448504 13.2862167358398 11.5387021388326 14.2775445665632 14.8509228570121 14.5300154004778 12.4258873973574 12.227070416723 12.0365534509931 11.0663959639413 10.3277396460596 10.1583216770419 10.4317612924746 10.1215748794909 10.3226391545364 10.533834704331 10.3917921355792 10.6657917414393 10.9392187680517 11.7646460703441 14.1019359316145 11.4350234780993 11.0313076206616 13.9760610035488 14.2054677690778 13.6340981892177 13.1218573706491 13.0117120742798 12.8550908224923 13.4422791344779 13.8205146789551 14.1338927405221 14.0827952793666 14.2814114434378 14.2977424349104 13.953787122454 13.4789754322597 13.1082801818848 12.9717016220093 12.884361403329 13.2737827301025 13.4577755246844 13.8204351152693 14.2216661998204 14.0210881914411
13.8089915684291 13.4032553264073 13.1501861299787 14.1134027753557 11.3776483365468 11.2593467831612 11.4133638995034 14.4178025381906 14.6020168576922 12.1576129027775 11.8470404999597 11.714372754097 12.209419625146 11.5428473097937 10.5454181603023 10.5285601786205 10.7737973247256 10.3735643838133 10.1072892280562 10.3215861916542 10.7572153891836 10.8809409822736 11.4683801446642 12.2172482694898 12.1371635368892 11.7790869133813 11.697664635522 11.9932897090912 12.3763437100819 14.0368678229196 13.7256597791399 13.4379761559623 13.3762919562204 13.1647033691406 12.8818762642997 13.3486685071673 13.9436514718192 14.3541578565325 14.4755213601249 14.5217421395438 13.8962485449655 13.1793429510934 12.9191196986607 12.936705998012 13.4414352689471 13.6902599334717 13.8446081706456 14.1657183510917 13.760733468192
13.1443568638393 13.8545045852661 14.1853190830776 14.2075621741159 13.5139003481184 11.6002878035818 11.6636444159916 14.6944507871355 12.329557793481 11.827597124236 11.6346838985171 11.5256758758 11.8801907471248 11.8626106807164 11.3089357955115 10.9776418890272 11.0018713133676 10.9070180909974 10.5347966381482 10.6592415741512 10.457305682557 10.3764176922185 10.933910369873 11.4014029843467 12.1133722577776 12.3296269008092 12.3144976752145 12.3505110059466 12.4191915988922 12.3321268388203 14.0177471978324 13.6238583156041 13.568635395595 13.4002699170794 13.289618900844 13.1472535814558 13.1437455586025 13.9005226407732 14.3448238372803 14.3987443106515 14.3038075310843 13.6899292809623 12.9208235059466 12.6422888892038 12.704421043396 12.8771253313337 13.8906860351562 14.1579613004412 14.1293314525059
13.5237223761422 13.819753919329 14.399785723005 14.2612457275391 11.6962823016303 11.5839905738831 11.5106867892402 12.181327683585 12.7246451718467 12.0489143814359 11.588327390807 11.2241203784943 11.0448662298066 11.2245648758752 11.5027392762048 9.4985664997782 9.52724025930677 11.0579008289746 9.67542793921062 11.3224213293621 11.3414912053517 11.5217993940626 11.7169642618724 11.660986168044 12.1185324362346 12.2919833660126 12.296091897147 12.2670756237847 12.299753682954 12.1368060963494 12.275556581361 11.9487831081663 13.5197414670672 13.5698372977121 13.9330763135638 13.7682196753366 13.5677442550659 13.5711738041469 14.1495552062988 14.2484133584159 14.1916521617344 14.0740397317069 13.7285270690918 13.5128241947719 13.3357881818499 13.1312284469604 13.8522872924805 14.2391560418265 14.1507863998413
14.1418766294207 14.2310637065342 14.3072985240391 14.5466760907854 14.404529435294 14.331366947719 12.3697592190334 12.5210289273943 12.3352769442967 11.5456195729119 10.580343399729 10.6268764223371 10.6268387777465 10.642610166754 9.85753694602421 11.5373913901193 9.75779041222164 9.31921926566533 9.39761683770588 9.49449107476643 9.81041256019047 11.594203216689 12.2039838688714 12.2295736585345 12.2171634946551 12.2109438351222 12.2539620910372 12.3498278345381 12.0877192871911 12.0261473996299 12.2976834092821 12.3530281952449 12.1050401415144 13.8189189093454 14.1554430552891 14.1659682137626 14.2259206771851 14.1916834967477 14.3022080830165 14.1007325308664 14.030971118382 14.215455191476 14.2204686573574 14.0567207336426 13.6329729897635 13.685891696385 13.8170960290091 14.1988720212664 14.0619817461286
13.7765350341797 14.2255778993879 14.4412864957537 14.6904247828892 14.9438479287284 15.0897331237793 12.6673154149737 11.8914793389184 10.7647854856082 10.7459971734456 10.6584472571101 10.7162299326488 10.8459174973624 9.53866288491658 11.268911583083 11.9073611668178 10.0228279658726 9.34977206162044 9.61309693540846 9.82537509713854 11.5395298344748 11.6576300859451 12.2501114436558 12.4070691381182 12.3408836466925 12.2767934458596 12.2981319938387 12.3721295935767 12.2579453161785 12.310625910759 12.3299812929971 12.4584800175258 12.4655497074127 12.4292861734118 14.3752918243408 14.3378306797573 14.3110362461635 14.2529088429042 14.2506861005511 14.0090348379953 13.6887164797102 13.4452228546143 13.7518866402762 13.8194075993129 13.9152138573783 13.717782156808 13.8772076198033 14.1638717651367 14.1706305912563
