data/curr_env/bio8_avg_2010-2016.asc
NCOLS 664 
NROWS 380 
XLLCORNER 3.91666666666667 
YLLCORNER 55.3333333333333 
CELLSIZE 0.0416666666666667 
NODATA_value -9999 
[rows 176 to 197 of 380, columns 294 to 342 of 664]
12.7547938483102 13.0110163007464 12.8753965922764 12.8782170159476 13.0294190815517 13.3764949526106 13.2713465009417 13.1279761450631 13.1959912436349 13.2097056252616 13.3661820547921 13.4001823152815 13.4810397284372 13.067663192749 12.8871028082711 13.3098276683262 13.5702667236328 13.4281350544521 13.2076219831194 13.0319659369332 13.1841194970267 13.3698923928397 13.5214563097273 13.4455221721104 13.1404482977731 12.7874591009957 12.52832535335 12.4220951625279 12.272150857108 12.2721657071795 12.3598131452288 12.572888646807 12.6103452954973 12.4545638220651 12.2299250194005 12.0998581477574 12.4510289600917 12.4920353208269 12.4661276681083 12.4652641841343 12.3219221660069 12.2275150844029 12.2820065362113 12.3150478090559 12.4216263634818 12.3669338226318 12.3099156788417 12.4314859935216 12.5876270021711
13.0847011293684 12.8266750063215 12.780526297433 12.7535884039743 13.0429359163557 13.3715703146798 13.4400457654681 13.25516973223 13.2060405186244 13.3222341537476 13.3559474945068 13.2983696801322 13.3542887823922 13.6158268792289 13.4405577523368 13.4783872876848 13.7282160350255 13.67375932421 13.3848261151995 13.5189411980765 13.6300082887922 13.5785034724644 13.584242275783 13.4388826915196 13.2508558545794 12.8993052073887 12.7961409432547 12.6952663149152 12.5870587485177 12.5784705025809 12.547406060355 12.5550082070487 12.5156574249268 12.459735597883 12.6539087295532 12.5118917737688 12.5928272519793 12.6650272096906 12.511691229684 12.6369934082031 12.4878809792655 12.5404446465628 12.3999602454049 12.4608098438808 12.4176592145647 12.0736033575875 12.3357058933803 12.1608428955078 12.3114674431937
13.0956682477679 13.0658446720668 12.6542406082153 12.6262850080218 12.8764241082328 13.3725590024676 13.0096551350185 13.0478894369943 13.0393623624529 13.0599772589547 13.4943272726876 13.440160887582 13.448776108878 13.5984389441354 13.6247901916504 13.6044024058751 13.8837285723005 13.9544835771833 13.6422860281808 13.6843738555908 13.8307343891689 13.5104549952916 13.5797100067139 13.4441022872925 13.3828757149833 13.0128071648734 12.8958460944039 12.7967045647757 12.7084200722831 12.7585165841239 12.7407082148961 12.7315676552909 12.6989019938878 12.7696647644043 12.6890948159354 12.8017632620675 12.8412880216326 12.8891940798078 12.9837299074445 12.8269309997559 12.7205647059849 12.7780076435634 12.7738315037319 12.6374652045114 12.6334445135934 12.3782562528338 12.2542337690081 12.2734105246408 12.4866830280849
12.9386434555054 13.064144543239 13.1015877042498 13.1465926851545 13.330272265843 13.3561263765608 13.0625600814819 13.1133743013654 13.3757649830409 13.494257245745 13.5526538576399 13.5341561181205 13.5600182669503 13.6187376294817 13.7079907826015 13.7262555531093 13.8661388669695 13.9217363085066 13.8978099822998 13.8431216648647 13.7943386350359 13.7651071548462 13.6399536132812 13.4415621076311 13.2164087295532 13.2450651441302 12.9580538613456 12.9801374162946 12.9458397456578 12.9929708753313 13.0101021357945 12.9439953395299 12.7925544466291 12.8167336327689 12.9190073013306 12.8814720426287 12.7820314679827 12.658114705767 12.9672618593488 12.9189958572388 12.8212060928345 12.7748447145735 12.7691499165126 12.6602172851562 12.4227781295776 12.5682566506522 12.5216098512922 12.3919001988002 12.4421471187047
12.8700949805123 13.0263486589704 13.1414111001151 13.1792815072196 13.3279585157122 13.2879750388009 13.4897913251604 13.3453362328666 13.4519104276385 13.4732076099941 13.6226004191807 13.6812310900007 13.613290650504 13.5797030585153 13.7541439873832 13.6941081455776 13.7562626429967 13.7264176777431 13.7460011073521 13.789723941258 13.8775010790144 13.815563746861 13.7157209941319 13.6170218331473 13.4189895902361 13.4040040969849 13.3128329685756 13.132046018328 13.137640271868 13.1879964556013 13.0967333657401 13.0807085037231 13.0516360146659 13.0452300480434 13.0158721378871 13.0232760565622 12.8484890801566 12.6657972335815 12.6880831037249 12.7731556211199 12.8915617806571 13.0021577562605 13.0079923357282 12.9541121891567 12.7558663231986 12.4021361214774 12.3445963178362 12.5506756646293 12.8071357182094
13.1995468139648 13.2889341626848 13.4648681368147 13.3018751144409 13.4705974033901 13.3013666697911 13.318516595023 13.4163341522217 13.5200554983956 13.5091109957014 13.3829351152693 13.3555765151978 13.353359903608 13.3694298607962 13.7699267523629 13.8496809005737 13.6275300979614 13.6801464898246 13.6176124300276 13.6640337535313 13.7082647596087 13.6542102268764 13.7581555502755 13.7555295399257 13.6165227890015 13.5717058181763 13.5149457114083 13.2017647879464 13.0459171022688 13.0277838025774 13.0593650000436 13.0909461975098 13.2401462282453 13.2985845293318 13.203403200422 13.0723176683698 13.067613192967 13.0250990731376 13.0295711244856 13.085410799299 13.1153456824166 13.1608042035784 13.2662628718785 13.1035310200283 12.7641925811768 12.6641991479056 12.6939202717372 12.5446887697492 12.8004098619734
13.0033791405814 12.9846623284476 13.3535157612392 13.1576618467058 13.2121881757464 13.2807152611869 13.557147026062 13.3250073024205 13.084098815918 13.3342514038086 13.3683978489467 13.5927342006138 13.3176418031965 13.4174070358276 13.7029179164342 13.9493175234113 13.6091455732073 13.508878162929 13.5278491973877 13.6031056812831 13.5324574879238 13.4595241546631 13.6484945842198 13.5963230133057 13.4420557022095 13.5213125773839 13.4672485079084 13.2426259177072 13.1381938116891 12.9883332933698 12.8909487043108 12.9466119493757 13.1314178194318 13.2962240491595 13.3749348776681 13.2798363821847 13.2443565641131 13.1785909107753 13.2777261734009 13.3828085490635 13.5160819462367 13.4440219061715 13.4592000416347 13.0569494792393 13.0015562602452 12.9068337849208 12.9079107557024 12.8467975343977 13.0576840809413
12.9761641366141 13.0340093885149 13.1576420920236 13.1635387965611 13.1019115447998 12.9130461556571 13.4521577017648 13.4977763039725 13.3130128043039 13.0116786956787 13.0629155295236 13.3377710069929 13.4649129595075 13.2649117878505 13.7514335087367 13.9868585041591 13.6093311309814 13.6397086552211 13.6755143574306 13.5997018814087 13.7019834518433 13.6848373413086 13.547976902553 13.2730208805629 13.1454936436244 13.1830137797764 13.2680277143206 13.1903442655291 13.1015183585031 13.1565964562552 13.0422468185425 13.0022781917027 12.9804988588606 13.1209114619664 13.2417038508824 13.2635449000767 13.2197659356253 13.334558895656 13.2942616598947 13.4254450116839 13.4081520353045 13.5278114591326 13.5150899887085 13.3707494735718 13.3202183587211 13.2231830869402 13.3321084976196 12.8655725206648 12.9046726226807
12.8534252984183 13.0312618528094 12.9027034214565 12.6471801485334 13.0068943841117 13.0614125388009 13.1016453334263 13.5521636690412 13.6232536860875 13.2564385277884 13.1843854359218 13.384713445391 13.6038985933576 13.6785120282854 13.7334725516183 14.1019736698696 14.0410713468279 13.858263696943 13.6482278278896 13.6164875030518 13.4735097885132 13.33824634552 13.1478399549212 12.6085762296404 12.8065508433751 13.0110013144357 12.9035690852574 12.8899676459176 12.8729377474104 12.9261940547398 12.8900213241577 12.9488011768886 12.906152180263 12.7009318215506 12.7839978081839 12.9832536152431 13.2159381593977 13.0648133414132 13.0903215408325 13.2185570853097 13.4202216012137 13.5152199608939 13.5554554803031 13.3006439208984 13.1962184906006 13.319722039359 13.3646544047764 13.1678720201765 13.1105177743094
12.4653532845633 12.5014653887068 12.9131717681885 12.8146860940116 12.965628351484 12.995427949088 13.1187516621181 13.3088372094291 13.7291127613613 13.5682462964739 13.3643317903791 13.3289883477347 13.4161220278059 13.505635534014 13.6412264960153 13.6776719774519 13.8367064339774 13.9817152023315 13.983710697719 13.685617855617 13.4891312462943 13.3117501395089 13.2337023871286 13.1321311678205 12.9652264458793 13.0635596684047 12.8092049189976 12.6405436652047 12.7517862319946 12.7735052108765 12.9317958014352 12.9799904142107 12.9248526436942 12.8106667654855 12.7401956830706 12.9200097492763 12.9990619931902 13.0510673522949 13.1506662368774 13.0485266276768 12.8901011603219 13.0882467542376 13.3163930347988 13.0683525630406 13.2026399884905 13.2379760742188 13.4015017918178 13.4878854751587 13.4997922352382
12.0385189056396 12.4713799612863 12.7822956357683 12.7278530938285 12.9639813559396 13.1100151879447 13.2169055938721 13.3346535818917 13.7067822047642 13.6833872113909 13.4183732441493 13.4251687186105 13.4724400384086 13.5216165270124 13.2600270680019 13.3607194083078 13.5664971215384 13.6463257925851 14.0814888817923 13.8864589418684 13.711895261492 13.5417306082589 13.4368986402239 13.2806388310024 13.2006639753069 13.2286897386823 13.1251272474016 12.9946423939296 12.9287298747471 13.024245262146 13.1463319233486 13.1594663347517 13.1176486696516 13.0796401160104 13.0146793637957 13.0640044893537 13.1689484460013 13.049701826913 13.0169165475028 13.2733535766602 13.1469330106463 13.2211788722447 13.1576783316476 13.2459581920079 12.9829661505563 12.8588959830148 12.992349760873 13.1150411878313 13.1556381498064
12.4559375217983 12.5113438197545 12.7543715068272 12.521495955331 12.6777629852295 12.8626019614083 13.0065836225237 13.1601843152727 13.2355940682547 13.749290057591 13.7346049717494 13.5591579164777 13.6376161575317 13.6349310193743 13.5460664204189 13.5482608250209 13.6713115147182 13.688362802778 13.9448674065726 14.0614174434117 14.0196114948818 13.7527578898839 13.7053330285209 13.3993362699236 13.3062928063529 13.3967726571219 13.2774301256452 12.9852181843349 12.8332921436855 13.086889403207 13.2574393408639 13.120751108442 12.9793014526367 12.9168989998954 12.869068145752 12.8012369700841 12.8325488226754 12.7656700951712 12.6241189411708 12.6136255264282 13.1112884793963 13.1394350869315 13.1989113943917 13.3876255580357 13.2909116744995 13.0495307104928 12.9936735970633 13.0196260724749 13.0604358400617
12.3102790287563 12.8171172823225 12.8748279299055 12.6420913423811 12.4780652182443 12.6030936922346 12.7673085076468 13.032000541687 13.2388823372977 13.4968122754778 13.7952180589948 13.8147671563285 13.6696489879063 13.7361500603812 13.8484866278512 13.7374202183315 13.7810209819249 13.5239549364362 13.4346032823835 13.5386796678816 13.7340898513794 13.7440716879708 13.7147193636213 13.9089871815273 13.9496352331979 13.6435215813773 13.5767805916922 13.5461748668126 13.4710926328387 13.3877247401646 13.3357853208269 13.4931795937674 13.5110491343907 12.9451097760882 12.8323134013585 12.9097076143537 12.8455776487078 12.9225909369332 12.8285593305315 12.9087206976754 12.8768607548305 13.0738837378366 13.0726208005633 13.0384055546352 13.0601900645665 13.0296889713832 12.9607120241438 13.0562113353184 13.3755197525024
12.5887417112078 12.8572718756539 12.9730948039464 13.0509722573417 12.925897870745 12.6711087908064 12.6135582242693 12.6384837286813 12.6704563413348 12.965382031032 13.1655453273228 13.4191371372768 13.6137770244053 13.8797497068133 13.8945258004325 13.9108660561698 13.5185401099069 13.7073561804635 13.4709352765765 13.413751738412 13.7037112372262 13.8003375189645 13.7243922097342 13.8932086399623 14.185263633728 13.7198899132865 13.369845526559 13.3388453892299 13.3422263009208 13.2677025113787 13.0881309509277 13.2938928604126 13.6906070709229 13.550082887922 13.2353690011161 13.261892591204 13.2697493689401 13.0892254965646 13.0089998245239 13.0095742089408 12.9654769897461 12.7490941456386 12.7109016690935 12.7425182887486 12.7987068721226 12.9235621861049 10.8338208198547 10.9022554670061 11.0628812994276
12.9410322734288 12.9662017822266 12.8669872283936 12.7469126837594 13.0351238250732 13.0538113457816 12.7628792354039 12.6141379220145 12.7372064590454 12.8173219135829 12.9748663221087 13.1454586301531 13.1973836081369 13.4267371041434 13.529079573495 13.8893628801618 13.8862172535488 13.790880884443 13.845449583871 13.8035420009068 13.4969678606306 13.7450603757586 13.8049622944423 13.7386744362967 14.2605758394514 13.9980015073504 13.6764204842704 13.7005938121251 13.4941955293928 13.1640829358782 13.196922983442 13.4716678346906 13.3808886664254 13.7859190532139 13.5992351259504 13.2773130961827 13.4486289705549 13.4448025567191 13.1655406951904 13.1974100385393 13.179089818682 12.9072454997471 12.7292105810983 10.4851348400116 10.6484783036368 10.7020128795079 10.8147847311837 10.8980332442692 10.9347103323255
13.262877873012 13.3442886897496 13.3654590334211 13.1457217080253 12.876270702907 13.2419620241438 13.2127960750035 12.619820867266 12.6314168657575 12.6876801082066 12.7919430051531 13.0008722032819 13.1654210771833 13.2319691521781 13.2492912837437 13.59576688494 13.8078618730818 13.8227183478219 13.6270033972604 13.9902414594378 14.0003362383161 13.9480499540057 14.0498587744577 13.8081442969186 14.0116675240653 14.2461433410645 14.0692667279925 13.8401810782296 13.8945236206055 13.8602944782802 14.0827322006226 14.0657414027623 13.8877032143729 14.034998348781 13.9564839771816 13.3597331728254 13.5757853644235 13.6199320384434 13.5108969552176 13.4386788776943 13.3702705928258 13.2349094663348 12.9687867845808 9.9544152872903 10.6622542313167 10.8125257492065 10.3430506501879 7.9896993466786 7.92468692575182
13.5536760602679 13.6503757749285 13.6606926236834 13.7439596993583 13.3650365556989 13.3663031714303 13.4701415470668 12.6097685950143 12.664676121303 12.5040532520839 12.7136865343366 12.6851436070033 12.7543152400425 13.133011000497 13.2375981467111 13.4961716788156 13.6078872680664 13.769032069615 13.7090341023036 13.8038925443377 13.846371105739 13.5585630961827 13.4412318638393 13.3900909423828 13.332759312221 13.5310468673706 14.0255418504987 14.167101587568 14.2218986238752 14.1786966323853 14.0700656345912 13.9629580633981 13.7732801437378 13.8748395102365 14.0861131123134 14.0205105372838 14.1042214802333 14.1172655650548 13.8206345694406 13.3203288487026 13.4227845328195 13.253620828901 13.2536956242153 10.0908326762063 7.88763787916728 8.07185331412724 8.12244919368199 8.15409278869629 8.11859342881611
13.0536169324602 13.0145579746791 13.0175448826381 13.6100070135934 13.9154210771833 13.6228351593018 13.7660590580532 12.8863928658622 12.8129352842058 12.688144002642 12.8730485098703 12.6791291918073 12.8605431147984 12.9232906614031 13.1937144143241 13.3128611700875 13.5065799440656 13.2074409212385 13.3650642122541 13.5324968610491 13.6574534007481 13.4060287475586 13.30879511152 13.1066087995257 13.245375088283 13.3830932889666 13.5145790917533 13.7027841295515 13.8929890223912 13.7668128694807 13.5050182342529 13.6589371817453 13.7499046325684 13.6523947034563 13.8533620834351 13.5050020217896 13.7025626046317 14.1656466892787 14.0853245598929 13.6133114950997 13.8375836781093 13.5145228249686 10.5292462962014 7.39354166814259 7.51337272780282 7.49110843454088 7.4655111517225 7.55753285544259 7.80298311795507
13.2114624295916 12.9846448898315 13.0899215425764 13.3671970367432 13.5867580686297 13.6776527677264 13.5955944061279 13.7129651478359 13.3045313698905 13.1735685893467 13.2894582748413 13.3152100699289 13.221442086356 13.3122369221279 13.2948782784598 13.2811700275966 13.3465099334717 13.3618501935686 13.3648089000157 13.5000534057617 13.5686313084194 13.3426377432687 13.1806440353394 13.1570318767003 13.0963716506958 13.2402827399118 13.2500925064087 13.2211328233991 13.3480787277222 13.808262688773 13.5293991906302 13.6332972390311 13.9388138907296 13.9531886237008 13.9779887880598 13.9839703696115 13.8088077817644 14.2605036326817 14.241804259164 14.1156278337751 13.6844788960048 8.42571907384055 7.5937739099775 8.46086768167359 8.54239434855325 7.81152378235544 7.73286917805672 7.8418333360127 8.01079758363111
13.3276891708374 13.3713981083461 13.3402024677822 13.3369584764753 13.3152379989624 13.4057083129883 13.356273651123 13.406172479902 13.6604516165597 13.6070879527501 13.7667256764003 13.7730046680995 13.4300659724644 13.0124552590506 12.793096951076 12.9752886635917 12.9099640165057 12.9514019829886 13.0933153969901 13.3305621828352 13.5207617623465 13.5142938068935 13.2886840275356 13.1065015792847 13.016701562064 13.0045197350638 13.1536053248814 13.0654824120658 13.1642165865217 13.6464742933001 13.7837799617222 13.5735618046352 13.8968672071184 13.5658473968506 13.7121546609061 14.0356043406895 14.1875298363822 14.0469799041748 14.3755622591291 14.2557084219796 13.2718887329102 7.88802569253104 7.93059933185577 8.16336343118123 8.11727026211364 8.11203443684748 8.16613177901932 7.7010121175221 7.75462900102139
13.3901228223528 13.2182891028268 13.0323886871338 13.1187199183873 13.1134324754987 13.1289065224784 12.8667620250157 12.9571887425014 13.1419965199062 13.2585182189941 13.3533966881888 14.0065148217337 13.3514518737793 12.841288294111 12.743083681379 12.8592191423689 12.9246879305158 12.8121915544782 12.92344052451 13.0762137004307 13.18222454616 13.1502358572824 13.2675800323486 13.4396869114467 13.1906501225063 12.8869472231184 12.8282616479056 12.8657358714512 13.1231159482683 13.2518288748605 12.6457718440465 13.3258518491473 13.4140082768032 13.6896880013602 13.1700138364519 13.3087387084961 14.0867519378662 14.2974560601371 14.4139187676566 13.7707693917411 11.5387714079448 8.39600339398852 8.12571030322995 8.34341688879899 8.35655270091125 8.15492586578642 8.20339462586812 7.77045252280576 7.66341104677745
13.1733247212001 12.9636680058071 12.6916221891131 12.981814793178 12.9216270446777 12.9606767381941 12.7200845990862 12.8005861554827 13.0478264944894 13.1313655035836 13.4218309947423 13.820505959647 13.7336946214948 13.1530737195696 12.9980234418597 12.8531145368304 12.9051584516253 12.6260580335345 12.7668041501726 12.7885318483625 12.7745453970773 12.8150350025722 12.945143699646 13.0366809027536 13.1952659061977 13.1868031365531 12.9113937105451 12.8230375562395 12.3335515430995 12.3080684116908 12.3677665165492 12.4294654301235 11.8062419210161 12.0775431224278 12.3844637189593 13.0524497713361 12.3839229856219 13.3677519389561 13.7674828938075 11.7291196414403 8.75536376237869 8.76973538313593 8.23791677611215 8.42509000854833 8.35697752024446 8.6098173388413 7.87881932088307 7.72798830483641 7.76877649767058
