data/curr_env/bio8_avg_2010-2016.asc
NCOLS 664 
NROWS 380 
XLLCORNER 3.91666666666667 
YLLCORNER 55.3333333333333 
CELLSIZE 0.0416666666666667 
NODATA_value -9999 
[rows 308 to 329 of 380, columns 196 to 244 of 664]
11.0700205734798 11.1069858414786 11.0436652047294 11.0687257562365 11.1247277941023 11.9283727237156 12.0058376107897 11.7322555269514 11.4508635657174 13.1316517421177 13.2562069211687 13.4753332138062 13.4743645531791 13.7767762456621 13.8198347091675 13.8213695117405 13.8087714059012 13.7841366359166 13.7454060826983 13.8094378880092 13.8722313472203 13.9195962633405 13.9285802159991 13.9347069604056 13.9055005482265 13.8849603789193 13.8411827768598 13.7568336214338 13.6672348976135 13.4793402126857 13.3205883843558 13.2605032239641 13.0680675506592 13.1378670419965 13.2772853715079 13.317179952349 13.1509795188904 12.87373147692 12.8468643597194 13.1381872722081 13.1494896071298 13.3556274005345 13.5296705790928 13.5452371324812 13.549184526716 13.5520848546709 13.5742229052952 15.2059328896659 15.194048336574
11.2244808333261 11.2473356723785 11.1446346214839 11.6907654149192 11.7954946245466 11.908122914178 11.9346559728895 11.8534751619611 11.7317232745034 13.3450495856149 13.4740959576198 13.4625955309187 13.6473608016968 13.7084180286952 13.7562373025077 13.7880566460746 13.7687047549656 13.6998004232134 13.7578491483416 13.8454214504787 13.9027080535889 13.919994694846 13.9067096029009 13.8962819916861 13.8577589307513 13.8134263583592 13.7495703016009 13.6772375106812 13.5614873341152 13.3474627222334 13.2521993773324 13.2774129595075 13.2818640981402 13.1437364986965 13.1698114531381 13.1410292897906 13.0870095661708 12.8924181801932 13.0084932872227 13.1614252499172 13.1571027210781 13.3405727658953 13.406900201525 13.4573228018624 13.4607932908194 13.4730250494821 13.5017335074289 13.5205369676862 13.4762924739293
11.1999077796936 11.2518429074969 11.290283203125 11.7116713183267 11.7131991045816 11.720794916153 11.7336280686515 11.7141761439187 11.6885335445404 11.6618433339255 13.4477617400033 13.4666978291103 13.5171570777893 13.6653208732605 13.7206288746425 13.7669858932495 13.7343016351972 13.7206732204982 13.7903784343175 13.8230357851301 13.8535024097988 13.8601598739624 13.8714840752738 13.8618556431362 13.8089892523629 13.7234562465123 13.5950654574803 13.4813419750759 13.3848041806902 13.2538328170776 13.1738139561244 13.1993186133248 13.0311429841178 12.871239389692 12.8176224572318 12.804956640516 12.8687676702227 12.9774356569563 13.0460084506444 12.8799147605896 12.8238548551287 13.0856394086565 13.3229475702558 13.3634936468942 13.37080178942 13.4052529335022 13.3999896730695 13.4149172646659 13.368796484811
11.4514492579869 11.5153304508754 11.4608308587755 11.9924838542938 11.7948796067919 11.7008640425546 11.6454201766423 11.642548254558 11.7876790251051 11.6649938651494 11.6531688826425 11.8107278347015 11.7839665753501 13.4768565722874 13.5620239802769 13.7752047266279 13.7728018760681 13.6424741063799 13.6464631216867 13.782280921936 13.7916633061 13.8100927216666 13.7975700242179 13.7767612593515 13.7292861257281 13.6048586027963 13.4566214425223 13.3830509185791 13.2523275102888 13.1497840200152 13.1033363342285 12.9075057847159 12.6638456753322 12.3918048313686 12.3952879224505 12.679247379303 12.6843494006566 12.8544988632202 12.9496005603245 12.7051790101188 12.5307940755572 12.8975892066956 13.2468601635524 13.262321472168 13.3326403754098 13.3771499906267 13.3577545029776 13.2888352530343 13.1650586809431
11.5912766797202 11.4625473022461 11.3902934619359 11.4426116943359 11.8550268241337 11.8314065252032 11.8119772502354 11.8622617721558 11.7833087784903 11.7783553940909 11.8159734862191 11.8518771444048 11.8564479010446 11.8410181658609 11.8630170140948 13.5509901046753 13.6162390708923 13.6521949768066 13.6507221630641 13.6174399512155 13.730299949646 13.5763043676104 13.52597454616 13.4545018332345 13.3801718439375 13.2406044006348 13.1680842808315 13.2659025873457 13.1879463195801 12.9483221599034 13.0154298373631 12.7277747562953 12.6320727212088 12.5985608782087 12.6134306362697 12.6112522397723 12.5390736716134 12.793276309967 12.80576474326 12.5644434520176 12.6828760419573 12.8704910959516 13.0999157769339 13.0989595821926 13.1606697354998 13.1394280024937 13.1557097434998 13.0648483548846 12.8612254687718
11.562151329858 11.6868110043662 11.4500417028155 11.9612639631544 11.8927575179509 11.7974214894431 11.8810381548745 11.7980831691197 11.6656047276088 11.7887456757682 11.8934096949441 11.8505502087729 11.7968336854662 11.7986407961164 11.8025431292398 11.8801600592477 13.5989459582738 13.6287731443133 13.5966002600534 13.5695702689035 13.5437784194946 13.497700554984 13.4415276391166 13.3340217726571 13.255372932979 13.115199974605 13.0689316477094 13.055616242545 12.9189912251064 12.8362943104335 12.7502638953073 12.6354718889509 12.5896325792585 12.5711263247899 12.5916676521301 12.5720184871129 12.5756076404027 12.6843397276742 12.663737978254 12.6667551994324 12.7190537452698 12.8365364074707 12.9190665653774 12.943311555045 13.0053653717041 12.8152298246111 12.6398549761091 12.6089568138123 12.7630111149379
11.3656931604658 11.705265385764 11.6045524392809 12.0414160319737 11.9530594689505 11.8471508366721 11.7656233991895 11.6497152192252 11.6653302056449 12.0126596518925 12.0575128964015 11.9404615334102 11.7600766590663 11.7631202765873 11.8370216573988 11.9060653618404 11.9447871276311 11.9646155834198 11.9267297131675 13.5698909078326 13.5624467304775 13.5008115768433 13.4447003773281 13.4026845523289 13.2579067093985 13.0595100266593 13.0433988571167 13.1417021070208 13.0040408543178 12.7794093404497 12.7021939413888 12.633645602635 12.5940497943333 12.5722629683358 12.5550479888916 12.5444998059954 12.5740461349487 12.5936881474086 12.5736161640712 12.6098299707685 12.6501832008362 12.7401049477713 12.8066934176854 12.7167109080723 12.6760614258902 12.52445936203 12.4952387128557 12.6238273211888 12.7314633641924
11.3899966989245 11.7861009665898 11.6505859238761 11.5646907942636 11.9577424185617 11.7973563671112 11.6897321428571 11.6304887703487 11.831150497709 12.0964782578605 11.9304733276367 11.7246584211077 11.7214148725782 11.8616006374359 11.9154043197632 11.3835579667773 11.9635104451861 11.403153521674 11.9068230560848 11.8286695480347 11.7488022191184 11.7012199333736 11.6309713636126 13.2101088932582 13.1670121465411 13.0036287988935 12.9664372035435 12.8445781299046 12.8099726268223 12.7482387678964 12.6929815837315 12.6709620612008 12.6158956800188 12.5766380173819 12.5618569510324 12.5613617215838 12.5487708364214 12.530561038426 12.4973039627075 12.514808518546 12.5692173412868 12.5943403925214 12.6393683297294 12.3857293128967 12.3619954926627 12.3509281022208 12.5594793047224 12.6356497492109 12.7378210340227
11.7022044999259 11.8154125554221 11.7019535814013 11.6001136302948 11.8870923859732 11.1887145723615 11.7273649828775 11.8158346925463 11.9783039093018 11.7470592090062 11.6812430449894 11.2433686937605 11.9764676434653 11.9724610192435 11.3231721264975 11.3028211593628 11.212392772947 11.2382691587721 11.1851933002472 11.0992597171238 11.6615033149719 11.6067018508911 11.5402809892382 11.536146061761 11.4341060093471 12.9873677662441 12.997666154589 12.8681543895176 12.7969395773751 12.7457353046962 12.6864353588649 12.6506595611572 12.5719319071089 12.5440606389727 12.5699994223458 12.5125092778887 12.4434954098293 12.4364816120693 12.4083251271929 12.4694064685277 12.5211091041565 12.5668612888881 12.4444239480155 12.3361763954163 12.2657384531839 12.3912055832999 12.5908628191267 12.6782348496573 12.8783681052072
11.8054604530334 11.7071052278791 11.6122732162476 11.42925122806 11.3699413708278 11.3332008634295 11.918616601399 12.091751234872 12.1891718932561 12.1476400920323 12.1469651630947 12.1402899878366 11.4199242932456 11.261088677815 11.1896817002978 11.1270368780409 11.0683347497668 11.0423376560211 11.0765307630811 11.0823427609035 11.0658698422568 10.9334917068481 11.5177812916892 11.4783309527806 11.2901186261858 11.3230496474675 11.2656950950623 12.8099208559309 12.7020016397749 12.6552316801889 12.5992229325431 12.5816908563886 12.51968227114 12.5599594797407 12.4509032794407 12.3332759993417 12.4150772094727 12.4508783476693 12.3702981131417 12.4111469813756 12.363762310573 12.4830018452236 12.5877648762294 12.5176710401263 12.475672858102 12.537768977029 12.6396754128592 12.7751051357814 12.9548209054129
11.6682403428214 11.5613691806793 11.5128787585667 11.4223887239184 11.4096740995135 11.4398782934461 12.1988209315709 12.2698587690081 12.1761471884591 12.1055239268712 11.4897788252149 11.5140553542546 11.1576261520386 11.0346535955157 10.8698103087289 10.6931595121111 10.8310382706778 10.8505961894989 11.0232973779951 11.0171921593802 11.056127343859 10.7976953983307 10.878862449101 10.631372996739 11.1792742865426 11.2284141608647 11.1097442763192 11.0901219844818 12.6746830259051 12.6514894621713 12.618581703731 12.5501500538417 12.6469565800258 12.5368109430586 12.3828554834638 12.3468045507159 12.3890397208078 12.4454655647278 12.3333195277623 12.3209830692836 12.4677492550441 12.5162848745074 12.6503445761544 12.570499079568 12.4477016585214 12.594904082162 12.6759161949158 12.7455947058541 12.9349874087742
11.5327341556549 11.4214423383985 11.4020557062966 11.4690501689911 11.4752164908818 11.5668409211295 11.6894181115287 11.6596140180315 12.161098071507 11.9243888173785 11.3952810423715 11.3627790042332 11.1771659851074 10.8182479994638 10.7942242622375 10.7400393486023 10.7776467459542 10.875045469829 10.8938421521868 10.9840688705444 10.9682002748762 10.791950736727 10.9583263397217 10.6477250031063 11.1825252260481 11.2844449451991 11.0652219908578 11.1736181804112 11.1648822852543 12.7946044376918 12.7427973066057 12.6500378336225 12.8197543280465 12.4287094388689 12.3209976128169 12.3565239906311 12.2373829909733 12.3519571168082 12.2114829676492 12.2137709004538 12.4240215165274 12.4905208178929 12.5747331210545 12.5979940550668 12.5286833218166 12.6025151525225 12.6867282049997 12.7228458268302 12.8905823571341
11.6049423558371 11.6353257724217 11.6098039490836 11.5873306138175 11.5894253253937 11.6275182792119 11.5440870693752 12.1175977161952 11.3857011454446 11.2568413530077 11.2811247280666 11.0965508052281 11.0577862603324 11.0466412816729 10.9269245011466 10.8705409594945 10.8731122016907 10.6831137452807 10.7158392497471 10.7113263266427 10.6919567584991 10.9417295455933 11.0135038920811 10.8014103344509 10.7434123584202 10.7190331050328 11.1409855570112 11.1955904620034 11.1666778836932 11.0007242815835 11.0938180174146 12.8021163259234 12.7744577271598 12.3676557881492 12.2446636131832 12.274623632431 12.2609648704529 12.2364485263824 12.1909804684775 12.1672258717673 12.4095320701599 12.4499938828605 12.609883921487 12.5830124446324 12.46337890625 12.6015554155622 12.6954447882516 12.7241922787258 12.7844636780875
11.6946744237627 11.6867322921753 11.5833621706281 11.7980868475778 11.7813489096505 11.5992428234645 11.4400895323072 11.4045548439026 11.2534970896585 11.2592961106982 11.1829998152597 10.8778809138707 10.9886195319039 11.0808729103633 10.9716243062701 10.9268519537789 10.928672518049 10.8478490965707 10.4562170846122 10.5432509013585 8.70231562852859 11.060553244182 10.5338245800563 10.377576146807 10.6306528704507 10.3793528079987 10.1839147635869 10.5610385281699 11.0416160311018 10.8328139100756 11.00601206507 11.3936863967351 11.0085985660553 10.7006534848894 12.1635676111494 12.1063427243914 12.1941651616778 12.2024645124163 12.2536207607814 12.2316334928785 12.4550430434091 12.5570865358625 12.6344635827201 12.5926976885114 12.5728368077959 12.5835468428476 12.6451142174857 12.7306818280901 12.8385352407183
11.9209386280605 11.7445945739746 11.5624412127904 11.5138116564069 11.5531832831247 11.5056990895953 11.4673582145146 11.3247312818255 11.1424853461129 11.3366204670497 11.3247553961618 10.998617546899 11.0414125578744 10.904208115169 10.9812955515725 10.8442877360753 10.6975861958095 10.9912833826883 10.7376241002764 8.7287198134831 8.31220464780927 11.0786153929574 10.7036148480007 10.2979083061218 10.387165750776 10.2585177080972 10.3413280078343 10.4139468669891 11.0194890839713 10.9918951307024 11.2343969004495 11.463470016207 11.0689239501953 10.7199015617371 10.631736431803 10.5115713051387 10.5629301752363 12.1559092657907 12.1790864808219 12.2173114504133 12.3494542326246 12.5254205976214 12.6540533474513 12.5282096862793 12.5128419058664 12.5004271098546 12.5582021304539 12.6259778567723 12.7159442220415
11.6928774969918 11.6020550727844 11.5999940122877 11.5642186573574 11.486738886152 11.4176494734628 11.3776073796409 11.2250891413007 11.1277137483869 11.1656297274998 11.0816793441772 11.3301593916757 11.162688595908 11.1197895322527 11.0426048210689 10.9592295033591 11.0922305583954 11.1748457295554 11.0162497929164 11.1776958193098 10.9923734664917 10.8590068135943 10.8240177631378 10.5249399117061 10.452716078077 10.5551586832319 10.4877921513149 10.5245204653059 11.2082448346274 11.4472056456975 11.4657342433929 11.4017865317208 11.1142200061253 10.920558316367 10.7385155814035 10.6628534453256 10.7044297967638 10.5536249024527 10.5708202975137 10.5971586533955 12.3204811641148 12.5699479239328 12.6057955878122 12.4748807634626 12.3900615828378 12.4191472870963 12.4455665860857 12.5371285847255 12.6372615950448
11.8657692500523 11.7489440100534 11.6455473218645 11.5542455400739 11.3912472043719 11.3057899475098 11.325475863048 11.3183044706072 11.3141801016671 11.3440424374172 11.3901232651302 11.2419995580401 10.965859413147 11.0002107960837 10.9423718111856 10.880152293614 10.9847485678537 10.9209615162441 11.0119234834399 11.151346887861 11.1049112592425 11.0142852919442 10.695485489709 10.59873349326 10.6568377699171 10.7411332130432 10.6712385926928 10.6968671594347 11.3529375280653 11.4020419461387 11.3186700684684 11.4213416235788 11.2842778818948 11.0474050045013 10.8960560049329 10.8431829043797 10.7462150028774 10.598484652383 10.6164691448212 10.6969293185643 10.8848295892988 12.5948565346854 12.5637284006391 12.5342191968645 12.4013768945421 12.3825348445347 12.4108357088906 12.5137075696673 12.5502934455872
11.9089463097709 11.8174517495292 11.6926235471453 11.5170337813241 11.4856598717826 11.4193592071533 11.313351052148 11.3011476993561 11.4031347887857 11.372264793941 11.2534740652357 11.0615717342922 11.0637490749359 10.9872602394649 11.1408422674452 11.1279698099409 11.1846955163138 11.2285421916417 11.2052461419787 11.2144263812474 11.2059877940587 10.9212788173131 10.7285692691803 10.5543362753732 10.7162935733795 10.7447272028242 10.7642079080854 10.7450226375035 10.6923968451364 10.6509974343436 11.2648376396724 11.138441153935 11.067282472338 11.0889187880925 11.160549061639 11.0079885550908 10.9182854379926 10.8530585765839 10.8463079588754 10.9857478482383 11.0223838601794 12.6183362688337 10.9069999967303 10.9193084921156 10.8218068054744 10.7425910745348 10.8171852997371 10.8508267062051 10.8718015807016
11.9507904052734 11.7615787642343 11.6511290413993 11.5166793550764 11.2698033196586 11.2107589926038 11.2992385114942 11.3687654222761 11.5643880707877 11.4231534004211 11.302775485175 11.2123977456774 11.1680202484131 11.2173567158835 11.2054553372519 11.1334589890071 11.1996511050633 11.1246037142617 11.0276516846248 11.0006996563503 10.9914619922638 10.9508908476148 10.7650814396994 10.6866056919098 10.7516536712646 10.7260349818638 10.6932734421321 10.7670830317906 10.7293385096959 10.663277557918 11.2631004197257 11.1233938080924 11.2417274202619 11.2221466132573 11.1945655345917 11.147461278098 11.1728325571333 11.1051567622593 11.1331948212215 11.1013282367161 10.9969856398446 10.9676907403128 10.8957288265228 10.8971006189074 10.7889485018594 10.7861293384007 10.8352158750807 10.845253944397 10.9088159969875
12.0742532185146 11.9254199436733 11.71649149486 11.555554662432 11.4981046404157 11.5245923314776 11.3770305088588 11.57447883061 11.6231649262565 11.3351846763066 11.3264422757285 11.2668432167598 11.1755291393825 11.2166920389448 11.3211874280657 11.3161594867706 11.0468574932643 10.8721389770508 10.8301824501583 10.7618447371892 10.7359832695552 10.7418361731938 10.7473081520626 10.8303989342281 10.8535848685673 10.7987717219761 10.7640527997698 10.7048579624721 10.5839945588793 10.625748021262 10.6938821928842 11.2161559717996 11.1705676487514 11.2544221537454 11.1648684569768 11.1903620106833 11.2856654439654 11.2321112496512 11.2196053436824 11.0866228171757 10.972539969853 11.0185941287449 10.8919817038945 10.7725119590759 10.7783754553114 10.8219536713191 10.7946747030531 10.911109992436 11.0011640616826
12.0933199610029 12.0094108581543 11.8793108803885 11.8041634559631 11.888179574694 11.7964058603559 11.7404417310442 11.6287636756897 11.3907038484301 11.361978326525 11.4252518245152 11.2700502191271 11.3461811542511 11.426979133061 11.411110333034 11.1762891837529 10.9592076710292 10.8089127881186 10.7297607489995 10.6759422506605 10.6759333951133 10.6775434357779 10.7503917217255 10.7481921400343 10.848183631897 10.769793680736 10.7552132947104 10.5793948173523 10.5793172291347 10.6371706894466 10.7134052685329 11.2125369821276 11.0663053648812 11.0077879428864 10.997175352914 11.0727528844561 11.3210694108691 11.3330661228725 11.2680159636906 11.0778224468231 11.0479989392417 10.9041640758514 10.7888053144727 10.8134471688952 10.8305647713797 10.796825340816 10.8667052132743 10.9131557941437 11.0701785428183
12.1281313214983 11.9474504334586 11.9785878998893 11.8984868185861 11.7265105247498 11.6112288747515 11.4685194832938 11.3110478946141 11.2911951882499 11.3175337314606 11.4878714425223 11.4339237553733 11.3944520950317 11.3130756105695 11.2658900533404 10.9937519005367 10.8083185468401 10.6950194495065 10.6245773860386 10.578230210713 10.6221692562103 10.7111559935978 10.7002375466483 10.7463668755123 10.8452576909746 10.7773870740618 10.7460878917149 10.681645495551 10.6272109917232 10.6698318208967 10.5848331110818 10.5637394019536 10.4717886788504 10.4359329087394 10.3620772021157 11.0198932034629 11.1960656983512 11.3534497874124 11.2269025189536 11.0840696607317 11.0070767402649 10.8504009587424 10.849248783929 10.8740012305123 10.9573254585266 10.8794115270887 10.9375926085881 10.9518695218222 11.1127168791635
