data/fut_env/bio15_avg_2040-2060.asc
NCOLS 664 
NROWS 380 
XLLCORNER 3.91666666666664 
YLLCORNER 55.3333333333333 
CELLSIZE 0.0416666666666667 
NODATA_value -3.4e+38 
[rows 184 to 206 of 380, columns 156 to 207 of 664]
-3.4e+38 -3.4e+38 -3.4e+38 -3.4e+38 -3.4e+38 -3.4e+38 -3.4e+38 -3.4e+38 27.2000007629395 27.7000007629395 27.7000007629395 28.2000007629395 27.7999992370605 27.3999996185303 27.1000003814697 27 26.7999992370605 26.2000007629395 26 25.1000003814697 25 24.7000007629395 24.7999992370605 25 25 24.7999992370605 24.5 24.2999992370605 24.2999992370605 24.5 24.7999992370605 25.5 26.2000007629395 26.7999992370605 26.7999992370605 27.2000007629395 28.1000003814697 28 28 30 29.8999996185303 28.7999992370605 30 30.2000007629395 31.3999996185303 31.5 30.5 31 32.7999992370605 32.4000015258789 31.3999996185303 29.8999996185303
25.8999996185303 25.6000003814697 25.3999996185303 25.6000003814697 26 26.1000003814697 26.6000003814697 27 27.5 27.8999996185303 27.5 28.7999992370605 28.8999996185303 28.3999996185303 27.6000003814697 27.1000003814697 27 27.1000003814697 26.7000007629395 26.2000007629395 25.7999992370605 25.7000007629395 25.3999996185303 25.2999992370605 25 24.7999992370605 24.5 24.8999996185303 25.2000007629395 25.1000003814697 25.3999996185303 25.7999992370605 27.2000007629395 27 27.2999992370605 27.7000007629395 28.5 29.2000007629395 29 29.5 28.8999996185303 30.2999992370605 31.5 30.3999996185303 30.6000003814697 30.2999992370605 30.6000003814697 32 31.7000007629395 31 32 31.6000003814697
25.1000003814697 25.3999996185303 25.1000003814697 25 25.7000007629395 25.7000007629395 25.8999996185303 26.3999996185303 27.3999996185303 27.7000007629395 28 28 28.6000003814697 28.6000003814697 28.2999992370605 28.2999992370605 27.7999992370605 27.1000003814697 26.8999996185303 26.5 26.5 25.8999996185303 25.2999992370605 25.3999996185303 24.8999996185303 24.5 24.2000007629395 24.6000003814697 24.2999992370605 25.5 26.1000003814697 26.8999996185303 27.1000003814697 26.8999996185303 27.5 27.8999996185303 28.3999996185303 28.6000003814697 29.1000003814697 29 29.5 30.3999996185303 31.2000007629395 32.5 32.7999992370605 32.9000015258789 33.4000015258789 32.5 32.2999992370605 32.0999984741211 32.2000007629395 32.7000007629395
25 24.7000007629395 25.2000007629395 25.2000007629395 25.6000003814697 25.7999992370605 25.7999992370605 26.2000007629395 27.2000007629395 27.2999992370605 27.7000007629395 27.5 27.2000007629395 27.6000003814697 27.8999996185303 28.5 28.3999996185303 27.2000007629395 26.2000007629395 25.7999992370605 26.2999992370605 26.7999992370605 26.2000007629395 25.1000003814697 24.5 25.2999992370605 24.8999996185303 24.2999992370605 24.8999996185303 26.2000007629395 27.5 27.3999996185303 27.3999996185303 27.5 27.8999996185303 27.7999992370605 28.7000007629395 29.7000007629395 30.3999996185303 30.7999992370605 31 31.2999992370605 31.8999996185303 32.5 33.2999992370605 33.2999992370605 33.5999984741211 33.5999984741211 33.5 33.0999984741211 33.2999992370605 33.0999984741211
25.6000003814697 25.5 25.1000003814697 25.2000007629395 25.3999996185303 25.8999996185303 26.2000007629395 27 27.3999996185303 28 28 26.8999996185303 26.2999992370605 26.2999992370605 27.2999992370605 28.7000007629395 28.7999992370605 27.7000007629395 28 26.2999992370605 26 26 25.2999992370605 24.7999992370605 24.6000003814697 24.6000003814697 25.1000003814697 24.7999992370605 26.1000003814697 26.8999996185303 26.7999992370605 27.3999996185303 27.5 28.1000003814697 28.7000007629395 28.6000003814697 28.7999992370605 28.7999992370605 29.6000003814697 30.8999996185303 31.8999996185303 32.7000007629395 33.0999984741211 33.4000015258789 33.5999984741211 33.7999992370605 33.2000007629395 33.5999984741211 34 33.9000015258789 33.2000007629395 33.2000007629395
26.2999992370605 25.7999992370605 26.3999996185303 26.3999996185303 26.7000007629395 27.1000003814697 27.3999996185303 27.2999992370605 28.6000003814697 28.5 28.2999992370605 28.6000003814697 28.8999996185303 30 31.7000007629395 32.0999984741211 31.1000003814697 30.3999996185303 29.6000003814697 27.7000007629395 26.3999996185303 25.7999992370605 24.8999996185303 25.2000007629395 25.2000007629395 24.8999996185303 25.2000007629395 25.3999996185303 25.7000007629395 25.8999996185303 25.8999996185303 25.8999996185303 26.7999992370605 28.2999992370605 28 28.3999996185303 27.3999996185303 27.1000003814697 29.2999992370605 29.8999996185303 31.2000007629395 32.7999992370605 33.7000007629395 34.0999984741211 34.4000015258789 34.7999992370605 34.7000007629395 34.5999984741211 34.0999984741211 34 32.7999992370605 32.7000007629395
26.1000003814697 25.8999996185303 26.6000003814697 26.5 26.7999992370605 27.1000003814697 27.2000007629395 27.2999992370605 28.2000007629395 29.2000007629395 30.2000007629395 31.5 33 32.9000015258789 33.4000015258789 33.4000015258789 33 29.3999996185303 28.7999992370605 27.7999992370605 26.5 25.7999992370605 25.2999992370605 25.2000007629395 25.3999996185303 25.8999996185303 25.1000003814697 25.5 25.3999996185303 25.6000003814697 25.3999996185303 25.2000007629395 25.6000003814697 26.6000003814697 26.5 26.8999996185303 27.2000007629395 27.7000007629395 29.2000007629395 30.7999992370605 31.2000007629395 31.2999992370605 31.3999996185303 31.2999992370605 29.2000007629395 28.2000007629395 29.2999992370605 32.7000007629395 34.0999984741211 33.5 34.2999992370605 34
26.1000003814697 25.7000007629395 25.8999996185303 25.5 26 26.8999996185303 26.3999996185303 26.2000007629395 26.3999996185303 28 29.2000007629395 30.1000003814697 32.2999992370605 31.8999996185303 33.0999984741211 33.2999992370605 33.5999984741211 32.0999984741211 31.7999992370605 29.2000007629395 28.3999996185303 27.8999996185303 26.7999992370605 26.2999992370605 26.2999992370605 26.7000007629395 26.2999992370605 25 24.7000007629395 25.1000003814697 25.2999992370605 25.3999996185303 25.7000007629395 26.1000003814697 26.3999996185303 26.5 27.1000003814697 28.3999996185303 28.6000003814697 29.7999992370605 30.7000007629395 28.7000007629395 28.2999992370605 28.3999996185303 28.7000007629395 28.1000003814697 30.2000007629395 31.8999996185303 29.6000003814697 29.8999996185303 30.2000007629395 31
26.6000003814697 26.2000007629395 25.7000007629395 26.2999992370605 26.6000003814697 27 27.1000003814697 26.7000007629395 26.8999996185303 27.7999992370605 28.8999996185303 30 31.2000007629395 32.4000015258789 31.7000007629395 30.2999992370605 29.7999992370605 28.8999996185303 28 29.2999992370605 28.3999996185303 28.1000003814697 26.7000007629395 26.7999992370605 26.3999996185303 25.8999996185303 25.7000007629395 25.2000007629395 25 25.1000003814697 25.6000003814697 25.7999992370605 26.1000003814697 25.8999996185303 26.3999996185303 26.5 27.3999996185303 28 28.5 28.7000007629395 29.7000007629395 28.6000003814697 29.1000003814697 29.3999996185303 29.8999996185303 30.2999992370605 30.7999992370605 31 28.3999996185303 27.8999996185303 27.7999992370605 28.7000007629395
27.3999996185303 27.8999996185303 28 28.2000007629395 28.2000007629395 28.5 28.5 27.8999996185303 28 28.1000003814697 28.7999992370605 30 30.8999996185303 30.6000003814697 30.7999992370605 30.7999992370605 29.6000003814697 27.6000003814697 26.7000007629395 28.6000003814697 30.1000003814697 29.8999996185303 29 28.1000003814697 26.2000007629395 25.2000007629395 25.5 25.3999996185303 26 27.1000003814697 27.7000007629395 27 26.1000003814697 25.5 25.7999992370605 26.6000003814697 27.5 28 28.7000007629395 28.1000003814697 27.8999996185303 28.7999992370605 29.6000003814697 28.7999992370605 28.7000007629395 29.6000003814697 29.1000003814697 30.7000007629395 30.5 29 28.5 28.7000007629395
27.5 27.8999996185303 28.2000007629395 28.2999992370605 28.7000007629395 28 29.1000003814697 29 29.5 29.7000007629395 29.5 30.2000007629395 29.6000003814697 29.2999992370605 29.5 29 27.2000007629395 26.5 27.1000003814697 28.5 28.6000003814697 28.2000007629395 27.8999996185303 28.3999996185303 29.2000007629395 27.2000007629395 27.7000007629395 28.1000003814697 28.1000003814697 27.3999996185303 27.6000003814697 27.3999996185303 25.7000007629395 25 25.5 25.8999996185303 26.1000003814697 26.7000007629395 28.2999992370605 28 27.2999992370605 27.2000007629395 28 28.5 28.5 28.7000007629395 28.5 29.7000007629395 30.7999992370605 29.3999996185303 27.8999996185303 28.7000007629395
29.8999996185303 30 29.3999996185303 29.6000003814697 29.3999996185303 29.3999996185303 29.5 29.2000007629395 29.5 30.6000003814697 31.3999996185303 31.1000003814697 29.3999996185303 28.6000003814697 28.7000007629395 29.2000007629395 28.7000007629395 27.7999992370605 27.7000007629395 27.2999992370605 27.1000003814697 27.1000003814697 26.7000007629395 27.2999992370605 27.5 26.6000003814697 26.5 26.3999996185303 27.5 27.7999992370605 27.3999996185303 25.3999996185303 25.3999996185303 24.7999992370605 25.2000007629395 25.8999996185303 26.2000007629395 26.6000003814697 27.5 26.7000007629395 26.7999992370605 26.3999996185303 26.2999992370605 27.6000003814697 28 27.7000007629395 29 30.1000003814697 29.2000007629395 29.1000003814697 29.1000003814697 28.3999996185303
31 31.6000003814697 32 32.5999984741211 32 32 33 32.5999984741211 31.7000007629395 33 33.9000015258789 33.7999992370605 32.5999984741211 31.1000003814697 30.1000003814697 29.8999996185303 30.2000007629395 28.2999992370605 27.6000003814697 27.2000007629395 27 26.6000003814697 26.7000007629395 26.7000007629395 26.2999992370605 25.7999992370605 25.7999992370605 25.7999992370605 25.6000003814697 25.7000007629395 25.8999996185303 25.6000003814697 25.1000003814697 25.1000003814697 25.1000003814697 25.3999996185303 26.2000007629395 26.7000007629395 27.1000003814697 27.2999992370605 27.1000003814697 26.6000003814697 26.5 26.8999996185303 27.3999996185303 28.2000007629395 29.2999992370605 29.6000003814697 29.1000003814697 29.2999992370605 28.8999996185303 29.1000003814697
32.5 33.5 33 32.7000007629395 34.2999992370605 34.4000015258789 34.7999992370605 34.5 34.2999992370605 33.9000015258789 33.2000007629395 32.5 31.7999992370605 32.2000007629395 32.5999984741211 32 31.1000003814697 30.2999992370605 30 29.6000003814697 29.5 29.1000003814697 27.5 26 25.7000007629395 25.8999996185303 26 26 25.8999996185303 25.5 25.5 24.8999996185303 25.1000003814697 25.2999992370605 24.6000003814697 24.7999992370605 25.2999992370605 26.1000003814697 26.3999996185303 26.3999996185303 26.5 26.8999996185303 27.1000003814697 27.2000007629395 27.1000003814697 27.8999996185303 28.2000007629395 28.3999996185303 29 29.5 28.8999996185303 29.7999992370605
33.9000015258789 34.5 34.2999992370605 33 32.7999992370605 34 35.5 35 33 32.5 32 31.2000007629395 30.5 30.6000003814697 31.7999992370605 31.7000007629395 31 31.7000007629395 30.3999996185303 29.7999992370605 27.8999996185303 27.7000007629395 27.2999992370605 26.8999996185303 27.1000003814697 26.3999996185303 26.2000007629395 26.2000007629395 26 25.7999992370605 25.2999992370605 24.8999996185303 24.6000003814697 24.7999992370605 25.3999996185303 25.5 25.1000003814697 25.6000003814697 25.7999992370605 25.7000007629395 26.1000003814697 26.8999996185303 27.1000003814697 27.5 27.7000007629395 27.7000007629395 28.2000007629395 27.2000007629395 27.2000007629395 27.7999992370605 29.3999996185303 29.7999992370605
35.0999984741211 36.2000007629395 36.2000007629395 34.7999992370605 32.5999984741211 33.2000007629395 34.7999992370605 33.7999992370605 35 33.0999984741211 31.6000003814697 31.6000003814697 31.7000007629395 32.4000015258789 32.2999992370605 31.1000003814697 31.2999992370605 31.7000007629395 31.7999992370605 29.7999992370605 29 27.7999992370605 27.7000007629395 27.1000003814697 27 26.8999996185303 26.6000003814697 26.1000003814697 25.7000007629395 25.2999992370605 25.2000007629395 25.2999992370605 25.3999996185303 24.8999996185303 25 24.6000003814697 25.2000007629395 25.8999996185303 26.2999992370605 26.8999996185303 26.6000003814697 26.8999996185303 27.2000007629395 27.6000003814697 28.3999996185303 28.2999992370605 28.7999992370605 28.8999996185303 29.1000003814697 29.5 29.8999996185303 30.6000003814697
36.5999984741211 37.4000015258789 37.5999984741211 36.9000015258789 36.4000015258789 34.5999984741211 34 33.4000015258789 33.7999992370605 33.9000015258789 33.7999992370605 33.2999992370605 33.2999992370605 32.9000015258789 32.2999992370605 30.7999992370605 30.7000007629395 31.2999992370605 31.8999996185303 30.2999992370605 29.7000007629395 30 29.7999992370605 28.6000003814697 27.5 27.3999996185303 27.2999992370605 26.7999992370605 26.8999996185303 26.2999992370605 26.3999996185303 26.2000007629395 25.2000007629395 25.3999996185303 25.2999992370605 25.7000007629395 25.7000007629395 25.7999992370605 26.5 26.7000007629395 26.7000007629395 26.6000003814697 26.6000003814697 27.2999992370605 27.3999996185303 27.7999992370605 28.6000003814697 28.7999992370605 28.8999996185303 29.3999996185303 29.5 29.8999996185303
37.5999984741211 35.9000015258789 35.7999992370605 36.4000015258789 36.9000015258789 36.7000007629395 34.5 34.0999984741211 34.4000015258789 33.7999992370605 34.2000007629395 33.7999992370605 33.5999984741211 32.2999992370605 33 32.7000007629395 32.2000007629395 32.4000015258789 32.2999992370605 30.5 30.1000003814697 30.2999992370605 30.3999996185303 28.3999996185303 27.3999996185303 27.2000007629395 26.8999996185303 26.5 26.7999992370605 26.3999996185303 26 25.8999996185303 25.8999996185303 25.7999992370605 26.1000003814697 26.1000003814697 25.5 26.1000003814697 26 26.1000003814697 26.8999996185303 27.1000003814697 26.8999996185303 26.7999992370605 27.3999996185303 27.5 28.7999992370605 29.5 29.5 29.2999992370605 28.7000007629395 29.2999992370605
38.0999984741211 38.0999984741211 36.2999992370605 35.7999992370605 35.9000015258789 37.7000007629395 36.2000007629395 34.2000007629395 33.5 34.2999992370605 34.5999984741211 33.7000007629395 34.5 34.4000015258789 34.0999984741211 33.5999984741211 33.5 34 32.4000015258789 31.2000007629395 30.7000007629395 31.3999996185303 30.2000007629395 28.5 28 27.3999996185303 27.5 27 26.8999996185303 26.5 26.2999992370605 26.2999992370605 25.7000007629395 26.5 27.2000007629395 27.3999996185303 26.7000007629395 26.7000007629395 27.2000007629395 27.2000007629395 27.3999996185303 27.3999996185303 28.2999992370605 28.7000007629395 29.2000007629395 29.7000007629395 29.7999992370605 29.3999996185303 29.8999996185303 31.6000003814697 31.2000007629395 30.6000003814697
35.9000015258789 36.0999984741211 38.2999992370605 37.7000007629395 37.7999992370605 35.7999992370605 36.0999984741211 36.9000015258789 35 35.7000007629395 35.2000007629395 35.5999984741211 35 33.9000015258789 33.2000007629395 32 32.2000007629395 34 33.0999984741211 32.2999992370605 31.7999992370605 32 31.7999992370605 31.2000007629395 30.1000003814697 29.2000007629395 28.6000003814697 29 28.7000007629395 27.3999996185303 27.7000007629395 28.2999992370605 28.3999996185303 27.6000003814697 28 27.6000003814697 27.3999996185303 27.1000003814697 27.2000007629395 28 28.1000003814697 28.2000007629395 28.2000007629395 28.3999996185303 28.3999996185303 29.3999996185303 30.5 31.7999992370605 31.2999992370605 30.6000003814697 31.7000007629395 32.5999984741211
37.2999992370605 36.5999984741211 36.7000007629395 38.7000007629395 39 37.5 37.2000007629395 36.4000015258789 36.2000007629395 36.7000007629395 35.7000007629395 35.7999992370605 34.7999992370605 33.0999984741211 32.7999992370605 34.2999992370605 35 34.2000007629395 33.2999992370605 33.7000007629395 33.9000015258789 33.2999992370605 34.0999984741211 34.4000015258789 32.5 30.2999992370605 29.7000007629395 29.5 29.3999996185303 29.7000007629395 29.7000007629395 29 28.6000003814697 28.8999996185303 28.2000007629395 27.5 26.5 27 27.7000007629395 27.6000003814697 28.2999992370605 28.3999996185303 28.2999992370605 28.1000003814697 28.5 29.1000003814697 30.1000003814697 32.7999992370605 32.9000015258789 31.8999996185303 32 32.2000007629395
41.0999984741211 40.4000015258789 37.9000015258789 40.0999984741211 41.2999992370605 39.7000007629395 38.5 37 36.7999992370605 38 39.5 39.4000015258789 37.7000007629395 35 35.0999984741211 36.5999984741211 38 35.9000015258789 35.4000015258789 35.7999992370605 37.0999984741211 38.4000015258789 38.2999992370605 34.5999984741211 33.2000007629395 31.7999992370605 31.3999996185303 31.6000003814697 30.6000003814697 30.2000007629395 30.5 30.2999992370605 29.3999996185303 29.7000007629395 28.2999992370605 28.1000003814697 27.5 27.7999992370605 28 27.1000003814697 27.7999992370605 29.7999992370605 28.8999996185303 28.7999992370605 28.6000003814697 28.7999992370605 29.3999996185303 32 34.2000007629395 35.9000015258789 35.2000007629395 34.4000015258789
46.9000015258789 44.4000015258789 41.9000015258789 42.2999992370605 41.2999992370605 40.2000007629395 39.2000007629395 37.5999984741211 37.7000007629395 37.5 38.9000015258789 39.7000007629395 39.7999992370605 39.5999984741211 40.0999984741211 39.9000015258789 39.2000007629395 36.5 37.9000015258789 38.5999984741211 39.5 41.5999984741211 39.5999984741211 39.7000007629395 36.7999992370605 33.9000015258789 33.0999984741211 32 30.8999996185303 31.2999992370605 29.7000007629395 29 29.5 30 30.1000003814697 29.2000007629395 26.7000007629395 26.2000007629395 26.7000007629395 27.3999996185303 27.6000003814697 27.7000007629395 28.7000007629395 29 29.6000003814697 30 29.2000007629395 31.3999996185303 35.2999992370605 37.4000015258789 36 36.7999992370605
