data/fut_env/bio15_avg_2040-2060.asc
NCOLS 664 
NROWS 380 
XLLCORNER 3.91666666666664 
YLLCORNER 55.3333333333333 
CELLSIZE 0.0416666666666667 
NODATA_value -3.4e+38 
[rows 207 to 229 of 380, columns 156 to 207 of 664]
46 44.2999992370605 40.7000007629395 39.2999992370605 38 38.7000007629395 39.5999984741211 41 41.0999984741211 38.7000007629395 39.0999984741211 37 37.2999992370605 40.2000007629395 41.2999992370605 41.9000015258789 41.7000007629395 40.5 40.5 41.2000007629395 43.2000007629395 39.5999984741211 36.2999992370605 35 37.5 38.2999992370605 36 34.5 31.7999992370605 31.5 31.3999996185303 30.7999992370605 30.6000003814697 29.8999996185303 30.6000003814697 31.5 29.7000007629395 27.5 26.5 26.6000003814697 27.7999992370605 27.7999992370605 27.7000007629395 28.6000003814697 29.7000007629395 31.1000003814697 32.5 34 35 36.2999992370605 37.2000007629395 37.2000007629395
45 44.9000015258789 45.5 45.9000015258789 41.4000015258789 40.4000015258789 41.7000007629395 42.5 44.7000007629395 43 40.7999992370605 38.7000007629395 40.5999984741211 42.4000015258789 41.9000015258789 41.0999984741211 41.5999984741211 43.7000007629395 42.9000015258789 41.2999992370605 42.2000007629395 40.0999984741211 37.5 35.2999992370605 33.4000015258789 34.5 34.0999984741211 34.0999984741211 35.0999984741211 35.0999984741211 34.2999992370605 34.5999984741211 33.7999992370605 33.7999992370605 33.5 33.0999984741211 32.2999992370605 30.2999992370605 29.1000003814697 28.2999992370605 28.2000007629395 27.8999996185303 29 29.6000003814697 29.2000007629395 28.8999996185303 29.7999992370605 32.2999992370605 35.5 37.2999992370605 37.5 37.7999992370605
53.2000007629395 50.0999984741211 48.7000007629395 48.7000007629395 47.2000007629395 46 44.7000007629395 45.7999992370605 46 43.7999992370605 42.2000007629395 44 45.4000015258789 44.7999992370605 44 44.5999984741211 45.4000015258789 43 36 32.5999984741211 32 36.7999992370605 38.7000007629395 40.5999984741211 37.5 35.5 36.5 35.4000015258789 34.9000015258789 34.5 32.7999992370605 33.2999992370605 34.4000015258789 34.0999984741211 34.0999984741211 33.7999992370605 33.2000007629395 31.8999996185303 30.8999996185303 30.3999996185303 30.2000007629395 30.2000007629395 30.7000007629395 31.1000003814697 31.2999992370605 31.2999992370605 30.7000007629395 31.3999996185303 32.4000015258789 33 34.2000007629395 38.2000007629395
55.9000015258789 54.4000015258789 49.5 50.2000007629395 51 50.5999984741211 49.2999992370605 47.5 45.7000007629395 44.5999984741211 47.2000007629395 47.5 47.5999984741211 46.7000007629395 45.5 44 44.4000015258789 42.7999992370605 40.2000007629395 36.7000007629395 34.4000015258789 33 35.9000015258789 36.4000015258789 40 36.0999984741211 35 36.5999984741211 33 33.7000007629395 33.5999984741211 32.9000015258789 33.2000007629395 33 33.2000007629395 34.2999992370605 34.7999992370605 33.7999992370605 33 32.0999984741211 30.7999992370605 30.7999992370605 30.8999996185303 30.3999996185303 32.0999984741211 32.5999984741211 33.7000007629395 33 33.7999992370605 35.5999984741211 35.7999992370605 37.7999992370605
55.9000015258789 55.7000007629395 53.2000007629395 52.9000015258789 51.5999984741211 52.5999984741211 49.9000015258789 47.5999984741211 45.5999984741211 47.9000015258789 48.4000015258789 48.7999992370605 47.7999992370605 45.7999992370605 42.5999984741211 41.0999984741211 40.4000015258789 41.5999984741211 42.2999992370605 41.2000007629395 38.7999992370605 37.0999984741211 37 36.0999984741211 38.7000007629395 40.5 38.0999984741211 38.0999984741211 35.7000007629395 34.2000007629395 34.5999984741211 36.0999984741211 32.5 30.1000003814697 30.7999992370605 33.0999984741211 34.9000015258789 34.4000015258789 32.7999992370605 32 31.7999992370605 32.2000007629395 32.5 33.0999984741211 33.2000007629395 33.5 34.2999992370605 34.7999992370605 34.9000015258789 36.5999984741211 37 38
49.9000015258789 54.2999992370605 52.2999992370605 51.9000015258789 52.0999984741211 51.0999984741211 51.7999992370605 50.9000015258789 49.5 49.5 49.7000007629395 47 47.0999984741211 42.4000015258789 40 39.5 38 37.7000007629395 39.2999992370605 42 43 40.7999992370605 40.5 37.5 37.5999984741211 37.9000015258789 36.5 38.5999984741211 38.2000007629395 37.7000007629395 36.5 37.2999992370605 33.9000015258789 31.7000007629395 32 34.2999992370605 36.2000007629395 33.7999992370605 32.5999984741211 32.5999984741211 33.2999992370605 33.9000015258789 33.5 32.7999992370605 33.7000007629395 33.5 34.4000015258789 35.7000007629395 36.4000015258789 36.5 37.4000015258789 38.0999984741211
54.0999984741211 55.7000007629395 53.0999984741211 49.0999984741211 52.5 53.4000015258789 52.5 52.0999984741211 50.7999992370605 51 49.5999984741211 46.7000007629395 46.2999992370605 45.2000007629395 40.4000015258789 40.0999984741211 38.2000007629395 37.9000015258789 37.7999992370605 37.7000007629395 40.0999984741211 39.5 40.2000007629395 42 38.5999984741211 35.2000007629395 31.8999996185303 34.5 36.4000015258789 34.5999984741211 35.4000015258789 38.2999992370605 37.2000007629395 33.9000015258789 33.4000015258789 35.7999992370605 36.4000015258789 32.9000015258789 31.5 29.8999996185303 31.1000003814697 32.0999984741211 31.6000003814697 31.8999996185303 33.4000015258789 33.2000007629395 34.0999984741211 34.5 35.2000007629395 36.5999984741211 35.7999992370605 35.2999992370605
54.0999984741211 53.5 53.5 52.9000015258789 53.5999984741211 53.7999992370605 53.0999984741211 51.7000007629395 50.2999992370605 48.4000015258789 45.7999992370605 44.0999984741211 46.0999984741211 45.4000015258789 40.4000015258789 42.5999984741211 40.7000007629395 40.0999984741211 38 37.7000007629395 36.2999992370605 34.7999992370605 37.5999984741211 42.7999992370605 38.5 39.0999984741211 33.0999984741211 33.0999984741211 33.7000007629395 34.0999984741211 35.5 37.4000015258789 38.7999992370605 37.0999984741211 36.4000015258789 37.2000007629395 36.2000007629395 33.7000007629395 31.3999996185303 29 28 29.6000003814697 28.7000007629395 29.7000007629395 30.3999996185303 31.3999996185303 34.2000007629395 31.3999996185303 31.8999996185303 32.4000015258789 34.9000015258789 34.9000015258789
55 54.0999984741211 53.4000015258789 54.2999992370605 53.2000007629395 47.7999992370605 39.5999984741211 46.7000007629395 48.7999992370605 47.7999992370605 45.5 45.4000015258789 45.7000007629395 48.2999992370605 45.0999984741211 39.2999992370605 41.5 42 40 37 36.7999992370605 36 36.5999984741211 40.7999992370605 41.5999984741211 41.7999992370605 41.7999992370605 40.0999984741211 37.2000007629395 35.5 35.2000007629395 38 38.5999984741211 38.2000007629395 37.5 37.0999984741211 36.2000007629395 33.2000007629395 30.5 30 29.5 29.8999996185303 30.1000003814697 29.2999992370605 30.2999992370605 30.5 32 34.5 33.5999984741211 35.5999984741211 33.7999992370605 35.4000015258789
51 54.2000007629395 54.5999984741211 53.2999992370605 52.9000015258789 47.7999992370605 41.4000015258789 44 50.2000007629395 47.7000007629395 45.5999984741211 47.4000015258789 47.7999992370605 50 47.7000007629395 41.2000007629395 36.5999984741211 37.7999992370605 41 40.5 39.9000015258789 40.9000015258789 38 41.2000007629395 41.7000007629395 35.7000007629395 36 40.5 41.5999984741211 41.2000007629395 40.0999984741211 39.5 38.7999992370605 38.4000015258789 37.4000015258789 37 36.0999984741211 34 30.2000007629395 28 29 29.2000007629395 29.6000003814697 30.2000007629395 31.7999992370605 29.7000007629395 30.7000007629395 32.7000007629395 35 38.0999984741211 39.7000007629395 39.7999992370605
53.5 54.5999984741211 54.7999992370605 54.0999984741211 52.7000007629395 51.9000015258789 50.5 48.7000007629395 48.2999992370605 49.7000007629395 47.4000015258789 45.7999992370605 44 45.4000015258789 48.7000007629395 43.7999992370605 40 40.7999992370605 41.2999992370605 40 37.7999992370605 37.2999992370605 40.9000015258789 44 44.5999984741211 40.9000015258789 37.2999992370605 37.2000007629395 41.9000015258789 42.5 41.5999984741211 40.5 39.7000007629395 39 38.2000007629395 35.4000015258789 32.5 32.5999984741211 33.2999992370605 29.7000007629395 29.8999996185303 28.7000007629395 28.7000007629395 29.8999996185303 32.9000015258789 32.5 30.8999996185303 31.3999996185303 30.7999992370605 33.7000007629395 36 37.2999992370605
49.7000007629395 49.5999984741211 51.2999992370605 50.2000007629395 50.9000015258789 50.5999984741211 50.9000015258789 51.2000007629395 47.5 47.7999992370605 49.5999984741211 49.4000015258789 44.7000007629395 43.7999992370605 47.5999984741211 47.9000015258789 43.5999984741211 42.0999984741211 41.2999992370605 40.4000015258789 39 38.7000007629395 40.9000015258789 41.9000015258789 44 44.5 42.5 40.7999992370605 39.5 41.4000015258789 41.7999992370605 40.5999984741211 40.4000015258789 38.7000007629395 39.0999984741211 37.2999992370605 34.2999992370605 33.0999984741211 33.7999992370605 35 35 32.5999984741211 33.5999984741211 33.2999992370605 35.0999984741211 38.9000015258789 36.0999984741211 33.5999984741211 32.9000015258789 35.0999984741211 39.5 41.5999984741211
44.4000015258789 46.7999992370605 49.2999992370605 48.4000015258789 48.9000015258789 48.5999984741211 49.0999984741211 50.2999992370605 49.5999984741211 50.2000007629395 49.4000015258789 49.9000015258789 48.2999992370605 44.2999992370605 43.5999984741211 48.9000015258789 47.0999984741211 45 43.0999984741211 40.0999984741211 39.9000015258789 39.4000015258789 39.4000015258789 38.7999992370605 39.7000007629395 42.9000015258789 45 43.4000015258789 42.0999984741211 42.2999992370605 41.9000015258789 41.2999992370605 40.2999992370605 37.4000015258789 37.5 39.9000015258789 38.2999992370605 36.7000007629395 34.7000007629395 36.5 37.4000015258789 35.2999992370605 35.2000007629395 37.5999984741211 37.7999992370605 38.4000015258789 40.7000007629395 40.2999992370605 37.9000015258789 36.7000007629395 37.2000007629395 38.7000007629395
40.7999992370605 42.4000015258789 41 41.9000015258789 44.5 44.2999992370605 44.0999984741211 45.9000015258789 46 47 48.9000015258789 49.9000015258789 49.2000007629395 47.9000015258789 43.2999992370605 47.5999984741211 48.5 45.5999984741211 43.2999992370605 40.2999992370605 39 39.9000015258789 41 40.7000007629395 39.2000007629395 40.2000007629395 43.5 43.7999992370605 42 39.2999992370605 39.7000007629395 41.0999984741211 41.0999984741211 39.7000007629395 39 40.2000007629395 39.2000007629395 39.2999992370605 38.5999984741211 38.9000015258789 39.2999992370605 38.2999992370605 40.0999984741211 41.4000015258789 42.5999984741211 41.2000007629395 39.4000015258789 40.5999984741211 40.9000015258789 43.5 43.7999992370605 42.9000015258789
43.0999984741211 42.5 40.2000007629395 39.5999984741211 42.4000015258789 44.0999984741211 42.2999992370605 42.0999984741211 43.7999992370605 45.2000007629395 48.2999992370605 50.0999984741211 48.2999992370605 48.9000015258789 48.7999992370605 48.5999984741211 47 43.9000015258789 42.2999992370605 40.5 40.2000007629395 40.2999992370605 40.9000015258789 40.7000007629395 41 39.5999984741211 39.5 43.7000007629395 42.7000007629395 41 38 40.2000007629395 41.0999984741211 39.9000015258789 40.0999984741211 40 39.7000007629395 40.0999984741211 37.5999984741211 36.5999984741211 40.0999984741211 40.2999992370605 40.2000007629395 42.9000015258789 44.5 44.0999984741211 43.7999992370605 43.7000007629395 43.5999984741211 42.7999992370605 43.4000015258789 43.5
45.7000007629395 44.0999984741211 43.7000007629395 42.9000015258789 43 43.2000007629395 43.7999992370605 44.9000015258789 45.4000015258789 47.4000015258789 49.7000007629395 48.5 47.2000007629395 46.2000007629395 46.7999992370605 48.7000007629395 48.2999992370605 45.2999992370605 43.5 43.0999984741211 42.7999992370605 43.2000007629395 44.5 40.2999992370605 40.9000015258789 36.5 31.6000003814697 38.0999984741211 41.5999984741211 42.5 41.5999984741211 42.2000007629395 41.0999984741211 38.5999984741211 39.2000007629395 39.5 40.4000015258789 40.4000015258789 39.7999992370605 39.2999992370605 39.5999984741211 41.5999984741211 42.7000007629395 43.9000015258789 44.2000007629395 43.7999992370605 43.2000007629395 42.7000007629395 42.9000015258789 42.9000015258789 43.2999992370605 43
48.0999984741211 46.2000007629395 44 44.5 44.7999992370605 45.0999984741211 45 45.2999992370605 43.5 45.9000015258789 48.7000007629395 48.7000007629395 47.4000015258789 46 46.0999984741211 46.5 48.5999984741211 46.7000007629395 44.5 42.7000007629395 42.5999984741211 42.5 44.2999992370605 39.9000015258789 35.0999984741211 32.5999984741211 35 38.7000007629395 38.9000015258789 38.7999992370605 41.5 42.0999984741211 41 39.7999992370605 39 38.7000007629395 39.4000015258789 39.7999992370605 39.5 39.7000007629395 39.7999992370605 40.0999984741211 43 44.2000007629395 44.7999992370605 43.0999984741211 41.9000015258789 40.7000007629395 40.5 39.2999992370605 39.7999992370605 40.0999984741211
47 47.9000015258789 47.0999984741211 47.2999992370605 47 46.5 46.0999984741211 46.9000015258789 46.7999992370605 48.4000015258789 48.2999992370605 46.2999992370605 45.5999984741211 44.0999984741211 45.2000007629395 45.5 47.5 47.5 43.9000015258789 42.9000015258789 41.0999984741211 41.7000007629395 44.0999984741211 43.4000015258789 41.7000007629395 40.2999992370605 39.7999992370605 40.2000007629395 40.2999992370605 40 41.9000015258789 40.0999984741211 40.0999984741211 40.0999984741211 39.4000015258789 42 40.2000007629395 36.5999984741211 36.9000015258789 39.2000007629395 38.5999984741211 38.5 39.5 40.5 42.5999984741211 41 39.4000015258789 38.5 38.0999984741211 36.7999992370605 36.5999984741211 35.7999992370605
46.5 47.2000007629395 47.5 46.9000015258789 46.5 46.5999984741211 48.2999992370605 46.2000007629395 45.5 48.0999984741211 46.2000007629395 44.5999984741211 44.0999984741211 43.2000007629395 43 44.4000015258789 45.7999992370605 48.2999992370605 46.4000015258789 43.4000015258789 44 43.5999984741211 43.7999992370605 44.2999992370605 44 43.0999984741211 42.7000007629395 42.5 42.5999984741211 43 41.5999984741211 40.0999984741211 37.7000007629395 35.4000015258789 32.9000015258789 35.5 40.7999992370605 35.7000007629395 31.7000007629395 32.7999992370605 36 38.5 38.4000015258789 38.5999984741211 38.2000007629395 38.0999984741211 37.7999992370605 36.2000007629395 35.0999984741211 34.4000015258789 34.0999984741211 34
41.2000007629395 43.7999992370605 45.7999992370605 44.0999984741211 45.2999992370605 46.2000007629395 46.5 46.5 46.2999992370605 46.9000015258789 45.2999992370605 44.7999992370605 44.7999992370605 43.4000015258789 42.2999992370605 43.0999984741211 44.2000007629395 45.5 48.0999984741211 45.5 43.0999984741211 43.2000007629395 43.7999992370605 43.4000015258789 41.7999992370605 41.7999992370605 41.0999984741211 41.2999992370605 41 41.2000007629395 42 41.2999992370605 39.2000007629395 37.4000015258789 34.4000015258789 34.7000007629395 40 41.2999992370605 35.5999984741211 33.4000015258789 31.7000007629395 33 35.5999984741211 37.2000007629395 36.2999992370605 36 35.5999984741211 34.5999984741211 33.4000015258789 31.8999996185303 31.5 31.8999996185303
39.0999984741211 39.4000015258789 42.5 44.5 44.2000007629395 44 44.5999984741211 44.4000015258789 45 45.2999992370605 46.4000015258789 46.7999992370605 43.7999992370605 45.0999984741211 44.7000007629395 44.0999984741211 44.0999984741211 44.7999992370605 47.5999984741211 47.0999984741211 43.9000015258789 40.0999984741211 38.7999992370605 40.5 40.7000007629395 39.2000007629395 38.9000015258789 41.0999984741211 40.5999984741211 39.7999992370605 40.5999984741211 41.7000007629395 39 35.5999984741211 32.0999984741211 32 35.4000015258789 42.0999984741211 37.7999992370605 35.5999984741211 33 32.5 32 32.0999984741211 32.9000015258789 32.7999992370605 33.2999992370605 31.8999996185303 31.2999992370605 30.6000003814697 30.6000003814697 30.3999996185303
39.4000015258789 40.0999984741211 40.2999992370605 42.2999992370605 41.5999984741211 41.5999984741211 42.7999992370605 42.9000015258789 43.7999992370605 43.9000015258789 45.5999984741211 45.4000015258789 43 44.2000007629395 45.0999984741211 44.7000007629395 44.0999984741211 44.4000015258789 46.4000015258789 45.0999984741211 44.0999984741211 43.0999984741211 40.0999984741211 39 38.5999984741211 37.5999984741211 37.9000015258789 40.2000007629395 40.5 38.5 38.2999992370605 38.4000015258789 38.5 39 38.4000015258789 33.9000015258789 32.2999992370605 35.7999992370605 42.2999992370605 36.7999992370605 35.0999984741211 33.2999992370605 32.5 30.2999992370605 30.3999996185303 30.7000007629395 31.1000003814697 29.8999996185303 30.2000007629395 29.5 29.1000003814697 28.6000003814697
39.2000007629395 38.9000015258789 40.5999984741211 42.0999984741211 42.5999984741211 38.7999992370605 37.9000015258789 40.2000007629395 40.7999992370605 42.2000007629395 43.2999992370605 44 44.5999984741211 44.7000007629395 45.2999992370605 43.9000015258789 43.2000007629395 42.2999992370605 43.4000015258789 43 39.7999992370605 41.5999984741211 40.5 37.7999992370605 36.2000007629395 36.4000015258789 35.9000015258789 36.2000007629395 39.7999992370605 38.5999984741211 39.2000007629395 38 34.5999984741211 32 34.2999992370605 37.9000015258789 36 33.9000015258789 41.5999984741211 37.2999992370605 34.2999992370605 32.4000015258789 31.2999992370605 30.5 30 30.7999992370605 30.6000003814697 29.2000007629395 29.3999996185303 29.5 28.7000007629395 27.8999996185303
