data/fut_env/bio19_avg_2040-2060.asc
NCOLS 664 
NROWS 380 
XLLCORNER 3.91666666666664 
YLLCORNER 55.3333333333333 
CELLSIZE 0.0416666666666667 
NODATA_value -3.4e+38 
[rows 111 to 147 of 380, columns 504 to 587 of 664]
134 133 133 133 132 132 132 131 130 130 130 128 128 125 125 123 123 120 119 118 117 116 116 116 116 116 116 116 116 115 113 113 113 113 113 113 112 112 110 110 109 108 108 106 106 106 105 105 105 104 103 101 101 99 99 99 100 100 100 101 100 101 102 104 106 106 106 103 101 104 101 102 103 106 106 106 106 109 109 109 109 110 110 113
137 137 135 135 134 133 132 131 130 130 130 130 127 127 125 123 123 121 120 119 119 118 117 116 116 116 116 116 116 116 116 115 115 113 113 113 113 112 110 110 109 108 107 106 106 105 105 104 104 104 104 103 101 101 100 99 99 99 100 100 101 102 104 106 104 106 108 106 106 106 103 103 106 108 108 109 108 108 109 110 111 113 113 112
138 138 138 137 136 134 134 132 131 130 131 130 130 128 128 125 123 123 121 121 121 121 119 119 119 119 119 118 118 117 117 117 116 114 113 113 113 112 111 110 110 108 107 107 107 105 105 105 106 104 103 103 103 101 101 100 100 100 100 101 102 104 105 106 107 108 107 107 106 109 106 106 106 107 107 108 109 109 110 111 112 113 113 113
140 139 137 137 136 137 136 136 133 132 131 131 130 130 130 128 128 127 127 127 127 124 123 123 123 122 121 121 120 120 120 117 117 117 114 113 113 111 110 110 110 108 107 107 107 106 106 106 105 105 106 105 103 103 101 100 100 100 101 104 104 104 106 107 109 109 109 107 107 108 108 108 109 110 110 110 110 110 111 113 113 113 113 113
142 141 137 137 138 137 137 137 136 133 132 133 131 131 131 132 131 130 130 130 130 128 127 126 126 126 126 126 123 122 121 121 120 118 117 117 114 113 112 111 110 110 110 108 107 105 106 106 106 106 105 103 102 100 101 103 104 104 102 103 105 105 106 107 109 109 110 109 108 108 108 108 109 110 110 111 111 113 114 113 115 116 116 116
142 141 140 140 141 138 137 136 136 135 135 133 134 134 133 133 133 132 132 132 131 130 128 128 129 128 127 126 126 125 125 125 125 121 119 118 118 117 114 114 114 114 114 113 110 108 106 106 105 105 106 104 102 101 103 104 104 104 104 104 104 104 106 108 109 109 110 110 109 110 109 110 109 110 111 113 114 114 115 116 116 118 117 118
142 142 140 142 141 139 138 137 136 136 134 134 135 135 134 133 133 132 131 131 131 131 130 129 129 129 129 129 129 128 127 127 127 125 122 121 119 118 117 115 115 112 112 111 109 109 108 106 106 106 106 105 105 104 103 103 103 103 104 106 108 109 109 109 110 110 111 111 111 109 109 109 111 111 112 114 115 116 116 118 118 118 118 118
144 144 140 140 140 139 139 138 137 135 137 137 138 135 135 134 133 133 132 131 131 132 132 132 132 132 132 133 133 133 130 130 128 126 125 121 121 118 118 117 115 113 112 112 110 109 108 108 107 106 105 105 107 105 105 105 105 104 104 105 107 109 110 110 111 111 111 111 110 110 111 111 111 113 114 116 117 118 120 121 121 120 120 122
142 143 140 139 139 140 139 139 137 137 137 137 136 135 135 135 134 133 133 133 133 133 132 132 132 133 133 133 133 133 133 131 129 127 125 124 121 121 118 117 116 115 115 113 111 110 111 109 108 108 108 107 107 105 105 106 108 107 107 106 106 108 110 111 110 110 111 111 111 111 111 111 114 114 116 119 120 121 122 122 125 125 126 128
140 140 140 140 140 139 139 139 138 138 139 137 137 137 137 136 136 136 136 136 136 136 135 136 135 136 136 136 136 135 133 132 129 127 125 125 121 120 118 117 116 116 114 114 113 113 113 111 110 110 109 108 109 109 107 107 107 107 109 109 109 109 110 111 112 111 112 114 114 114 113 114 116 116 118 120 121 122 124 125 129 129 128 126
140 140 139 139 139 139 138 138 138 139 139 139 138 137 139 138 139 139 139 138 138 138 137 137 136 136 136 136 137 136 134 133 131 128 125 123 122 121 118 118 118 115 114 114 114 113 113 113 110 110 110 110 110 109 110 109 109 109 109 110 110 111 111 112 112 111 114 114 117 118 118 119 119 119 120 121 124 126 128 130 131 129 129 127
139 140 140 140 140 140 140 139 138 139 139 139 139 139 140 140 140 141 139 139 139 139 139 139 138 137 136 136 136 136 133 131 131 128 125 123 122 121 121 118 118 117 116 115 114 114 113 113 113 110 110 110 110 110 110 111 110 110 110 112 112 112 111 113 114 114 114 114 116 117 119 119 120 121 123 126 128 129 133 132 132 132 131 130
138 139 140 141 141 141 141 140 140 140 140 139 139 140 141 140 140 141 141 139 139 139 139 139 139 138 138 136 136 136 133 131 130 128 126 126 122 121 120 118 118 117 116 116 115 115 113 113 112 112 112 112 112 110 111 112 112 111 111 112 112 113 113 114 114 114 114 117 118 120 121 121 122 124 127 128 131 131 135 135 134 132 132 130
136 138 139 139 140 141 141 141 141 141 140 141 141 141 142 140 140 140 141 141 141 141 140 139 139 138 137 137 136 134 133 132 130 128 126 124 123 121 120 118 118 117 117 117 116 115 115 115 114 113 112 112 112 112 112 111 111 112 112 112 112 114 114 114 114 116 116 116 119 121 121 123 127 127 130 131 136 138 138 137 135 135 133 132
133 135 137 138 141 141 141 141 141 140 141 141 141 142 141 141 140 141 143 142 141 141 141 140 140 140 138 138 137 136 135 133 130 128 126 125 125 121 121 120 119 118 117 116 115 115 115 115 115 115 114 112 112 112 112 112 113 112 112 114 115 114 114 115 116 116 118 119 122 122 123 127 128 130 131 135 136 138 138 138 136 136 135 133
131 134 137 138 138 139 139 139 139 140 141 141 141 141 141 141 142 142 142 142 141 141 142 142 142 142 140 140 138 136 135 132 130 130 127 127 125 125 122 120 120 119 118 118 117 118 115 115 116 116 115 114 114 113 112 113 114 113 115 115 115 115 116 116 116 119 121 122 125 124 126 127 129 130 132 134 136 137 137 138 137 136 135 135
130 133 136 136 137 138 139 140 140 139 139 141 141 141 141 142 142 142 141 142 141 142 143 143 142 142 141 139 137 136 135 133 132 130 128 127 126 125 122 121 121 121 119 119 118 118 117 117 117 117 115 115 115 115 115 115 115 115 115 115 115 115 116 118 119 119 119 125 128 129 129 129 131 132 133 136 137 137 138 138 138 138 137 135
126 129 131 132 136 137 138 138 138 138 139 141 141 142 142 142 142 141 141 141 142 143 143 143 143 142 140 140 138 136 135 134 132 131 129 128 126 125 124 121 121 120 119 119 119 118 118 118 118 117 117 115 115 115 115 115 115 115 115 115 115 116 119 119 121 122 122 127 129 130 131 131 133 136 136 136 137 137 140 139 138 138 136 137
124 125 128 130 132 134 134 134 137 137 138 140 141 140 142 142 141 142 141 141 144 144 143 143 143 143 141 140 137 136 135 134 132 131 128 128 128 126 124 123 122 121 119 119 119 119 119 119 117 117 117 117 116 116 115 115 115 115 116 116 116 118 121 124 127 127 127 127 127 128 130 134 135 136 140 140 142 143 143 143 141 140 138 137
119 123 125 127 129 130 131 134 134 137 137 139 140 141 142 143 142 142 141 141 143 142 143 143 143 143 141 140 137 136 136 134 133 131 130 128 128 126 124 123 122 122 122 121 121 121 121 121 120 117 117 117 117 117 116 116 116 116 116 117 118 119 120 124 127 127 127 127 127 130 131 134 134 137 137 139 139 140 142 143 143 140 139 138
117 119 121 124 126 127 130 131 134 135 137 137 139 141 141 141 140 140 141 141 141 141 143 143 143 142 140 140 138 135 135 134 132 131 130 128 127 125 124 123 122 122 121 121 122 121 121 121 121 120 117 117 117 117 116 116 116 116 117 118 123 127 127 124 122 124 125 127 129 131 133 133 135 139 139 140 140 140 140 141 141 139 139 137
114 116 120 122 124 127 128 130 117 134 137 137 138 140 140 140 139 139 139 140 140 140 140 143 142 142 139 137 137 135 134 133 131 131 129 128 127 125 125 123 122 122 122 122 123 121 121 121 121 120 117 117 117 119 117 117 117 117 118 119 122 124 124 124 124 124 127 128 132 136 135 134 135 137 137 140 141 140 142 140 141 140 140 137
116 117 112 121 124 109 112 113 114 117 134 137 139 140 140 140 139 139 138 138 138 138 140 140 140 140 138 137 134 134 133 132 131 130 128 128 127 125 125 124 124 122 123 123 123 122 122 121 121 121 119 117 117 117 117 117 118 119 119 119 119 123 122 124 126 126 127 128 130 133 133 134 134 137 137 138 140 140 140 142 141 140 140 139
-3.4e+38 -3.4e+38 -3.4e+38 -3.4e+38 124 109 111 112 114 115 118 137 137 138 139 138 136 136 136 135 135 136 137 137 137 137 134 134 134 132 131 130 130 130 128 127 125 125 125 123 123 123 123 123 122 122 122 121 120 120 120 119 119 119 119 119 118 119 119 121 121 124 125 126 124 127 130 131 130 132 133 133 134 135 138 140 141 140 141 141 142 142 140 140
-3.4e+38 -3.4e+38 -3.4e+38 -3.4e+38 -3.4e+38 -3.4e+38 -3.4e+38 120 123 114 114 116 135 137 137 136 135 134 134 132 132 133 131 131 132 131 132 131 131 130 130 129 128 127 127 127 125 124 124 124 124 124 123 123 122 122 122 120 120 121 120 120 120 120 120 120 120 121 121 119 122 123 123 124 126 126 127 130 130 131 133 133 133 135 138 141 141 141 142 141 142 142 140 140
-3.4e+38 -3.4e+38 -3.4e+38 -3.4e+38 -3.4e+38 -3.4e+38 -3.4e+38 -3.4e+38 112 112 113 130 132 134 134 133 133 132 132 130 129 128 128 128 128 128 130 129 129 129 129 128 128 128 128 126 124 124 124 125 124 123 123 123 123 123 123 122 121 121 121 121 121 120 120 121 121 120 120 119 120 122 123 124 124 127 127 130 130 132 132 133 134 135 138 141 141 141 141 143 142 142 142 139
-3.4e+38 105 105 -3.4e+38 -3.4e+38 -3.4e+38 -3.4e+38 -3.4e+38 -3.4e+38 129 127 128 129 130 130 130 130 129 128 126 125 124 124 123 125 125 127 128 128 127 127 127 128 128 128 124 124 124 125 125 124 123 123 124 123 123 122 122 121 121 121 121 121 121 121 120 121 121 121 121 122 122 124 125 127 127 130 130 130 131 131 134 134 135 138 141 141 141 142 142 143 143 142 141
-3.4e+38 104 105 -3.4e+38 -3.4e+38 -3.4e+38 -3.4e+38 -3.4e+38 109 108 125 125 127 127 127 127 127 126 125 123 122 119 119 119 122 123 125 125 126 126 126 126 127 128 128 125 124 124 124 124 124 123 122 122 122 121 121 122 122 121 121 121 121 120 120 120 120 120 121 122 123 123 124 127 127 129 130 130 130 130 132 136 135 138 138 138 141 141 142 142 142 142 141 141
-3.4e+38 -3.4e+38 -3.4e+38 -3.4e+38 -3.4e+38 -3.4e+38 -3.4e+38 -3.4e+38 107 122 123 124 124 124 125 125 123 123 122 119 118 116 116 116 118 119 120 122 123 123 123 124 124 124 124 124 125 125 125 124 123 122 122 122 122 122 121 121 121 121 121 121 121 120 120 120 120 120 121 122 123 123 124 125 127 127 130 130 131 134 134 135 137 137 138 138 142 142 142 142 142 141 140 139
-3.4e+38 -3.4e+38 -3.4e+38 -3.4e+38 -3.4e+38 -3.4e+38 -3.4e+38 105 119 119 119 121 122 122 122 122 121 120 118 117 116 114 113 116 116 117 119 120 123 123 122 123 123 123 123 123 123 123 122 122 122 122 122 122 122 121 121 121 121 121 120 120 120 120 120 121 121 121 120 123 123 123 123 125 126 127 130 132 132 132 133 135 137 138 138 139 141 141 142 141 142 142 142 140
-3.4e+38 -3.4e+38 -3.4e+38 -3.4e+38 -3.4e+38 -3.4e+38 106 105 121 117 117 119 119 120 120 120 120 119 117 115 115 115 115 115 116 116 118 119 120 123 123 123 123 124 124 124 124 124 123 122 122 122 122 122 120 121 120 120 120 120 119 119 119 119 119 119 120 121 120 122 122 122 124 124 127 129 131 132 132 132 133 135 135 136 137 137 138 138 141 142 141 141 140 141
-3.4e+38 -3.4e+38 -3.4e+38 -3.4e+38 -3.4e+38 -3.4e+38 -3.4e+38 -3.4e+38 116 115 115 115 116 117 117 116 116 116 115 115 115 113 114 114 115 115 117 118 119 121 123 124 124 124 123 124 124 124 124 123 123 122 122 121 120 120 119 119 118 119 120 120 118 118 118 118 119 120 120 120 122 123 124 124 125 130 129 129 132 132 135 135 135 135 137 139 138 141 142 142 142 140 139 138
-3.4e+38 -3.4e+38 -3.4e+38 -3.4e+38 -3.4e+38 -3.4e+38 -3.4e+38 -3.4e+38 115 112 113 113 115 115 115 115 114 113 114 113 113 112 112 112 114 115 115 116 119 119 120 120 122 123 124 124 124 125 125 123 123 123 122 120 120 119 119 118 118 117 117 117 118 117 117 117 117 117 119 120 121 122 123 124 124 126 129 130 131 131 132 134 134 134 135 138 139 139 139 140 139 139 138 137
-3.4e+38 -3.4e+38 -3.4e+38 -3.4e+38 100 100 -3.4e+38 112 110 110 110 112 113 113 113 113 113 112 112 112 112 112 112 112 112 113 115 116 116 117 119 120 121 122 124 124 125 125 123 122 122 121 120 120 120 120 119 118 118 117 117 117 117 117 117 117 117 117 120 120 123 123 124 124 125 127 127 127 128 131 134 135 142 139 135 135 136 135 139 139 137 137 137 137
-3.4e+38 -3.4e+38 -3.4e+38 -3.4e+38 -3.4e+38 97 109 108 -3.4e+38 109 110 110 110 111 112 112 112 110 110 111 111 110 110 110 112 112 113 114 116 116 117 117 118 121 121 122 122 123 122 122 121 120 120 120 120 119 119 118 118 117 117 117 117 116 115 116 116 117 119 120 121 123 124 125 127 132 132 131 130 136 138 139 143 139 138 136 138 139 139 138 137 137 137 135
105 106 106 106 -3.4e+38 -3.4e+38 -3.4e+38 -3.4e+38 -3.4e+38 110 110 110 108 110 108 108 108 108 108 108 108 108 108 108 110 112 112 113 113 116 116 117 117 118 119 120 122 122 122 122 121 120 120 120 120 119 118 118 117 116 116 114 114 114 114 116 116 116 118 119 120 120 123 125 127 128 129 130 132 136 136 141 141 139 139 138 138 138 138 137 137 137 135 133
105 106 105 106 -3.4e+38 -3.4e+38 -3.4e+38 -3.4e+38 -3.4e+38 -3.4e+38 -3.4e+38 108 105 105 105 105 105 107 107 108 108 108 108 108 109 109 112 112 112 113 115 117 117 118 118 120 120 120 119 119 119 120 120 120 118 118 118 117 115 115 114 114 114 112 112 112 115 116 116 118 119 120 122 123 125 127 128 130 132 134 139 143 141 140 140 140 139 139 138 137 137 137 136 136
