data/fut_env/bio19_avg_2040-2060.asc
NCOLS 664 
NROWS 380 
XLLCORNER 3.91666666666664 
YLLCORNER 55.3333333333333 
CELLSIZE 0.0416666666666667 
NODATA_value -3.4e+38 
[rows 185 to 221 of 380, columns 168 to 251 of 664]
202 216 232 250 258 261 265 274 281 282 284 284 283 284 280 276 271 266 260 255 253 252 245 240 236 231 228 221 227 208 191 195 193 191 185 171 170 169 166 167 175 176 177 176 175 171 171 176 183 173 173 191 181 161 152 148 145 145 143 144 144 144 144 144 144 143 140 137 136 132 129 128 125 122 116 115 114 115 114 114 112 112 112 112
218 222 228 231 243 253 259 263 266 269 272 273 275 280 280 280 281 267 255 249 246 244 239 234 231 227 222 224 217 208 199 182 174 170 165 166 164 163 160 160 163 166 166 166 165 163 159 156 157 153 150 151 153 150 146 144 143 143 139 139 141 141 141 140 141 140 139 133 131 127 124 122 120 118 117 114 111 111 111 110 110 108 109 110
235 235 233 229 236 248 259 258 257 259 263 270 275 269 271 279 271 257 251 248 247 240 239 237 225 217 210 210 207 201 192 183 170 164 161 159 156 156 154 154 156 158 161 161 159 159 157 156 154 154 159 161 149 139 139 137 137 138 137 136 133 135 138 138 136 137 134 131 129 126 122 119 115 114 112 111 110 108 108 108 105 105 105 105
245 243 234 220 221 235 234 249 254 261 264 273 277 280 268 265 257 254 252 248 245 236 232 229 226 224 218 206 199 191 184 174 168 162 161 155 152 149 149 150 152 155 156 153 154 154 154 159 157 152 145 143 141 137 133 132 133 132 129 129 131 133 133 132 132 131 128 127 124 120 118 117 115 112 109 108 107 105 104 105 103 103 103 102
207 200 190 189 205 209 221 236 246 249 258 259 260 263 261 259 259 259 256 252 244 238 235 231 236 235 218 212 201 190 180 173 167 161 157 152 149 147 148 148 149 149 150 148 148 148 151 148 150 150 151 150 154 147 136 133 135 132 132 137 137 138 138 137 131 131 129 125 121 118 116 114 111 109 106 106 105 104 103 102 99 99 97 98
177 178 178 184 189 214 219 228 240 243 250 255 252 249 254 255 257 256 255 256 252 243 241 237 235 229 220 205 199 196 192 190 207 214 192 161 156 154 148 149 147 150 151 153 153 153 161 151 137 138 138 135 132 130 128 128 128 127 128 132 136 135 132 134 134 133 127 129 130 126 121 114 109 107 105 103 102 101 100 99 98 97 94 94
182 188 182 184 180 190 195 213 219 225 233 236 239 235 241 254 264 263 254 250 245 245 246 240 231 223 218 208 201 213 217 211 206 213 182 169 187 178 175 169 193 181 178 178 169 148 140 155 167 159 134 127 126 126 126 128 134 145 144 133 133 132 132 132 134 135 130 127 130 130 126 121 112 111 108 103 99 99 97 97 95 94 91 91
189 184 191 203 204 210 217 207 214 219 224 230 235 240 241 251 252 249 242 239 239 241 239 237 230 222 218 213 205 207 201 197 192 186 178 173 193 203 211 188 196 186 182 169 165 150 137 134 135 135 134 131 129 130 131 135 140 142 144 142 141 142 140 142 142 143 147 153 148 135 124 120 117 110 106 105 102 97 96 93 93 91 90 88
190 192 191 192 203 214 216 207 202 204 209 214 227 240 233 239 234 228 226 232 239 241 238 229 225 220 213 213 211 204 196 198 199 189 190 174 171 182 190 182 179 176 179 179 157 147 139 133 132 132 132 136 137 143 157 167 159 147 145 145 145 145 143 144 145 143 145 148 149 147 130 118 115 111 106 103 100 97 94 93 92 90 88 87
195 195 193 200 210 220 212 205 206 209 213 209 205 216 212 213 214 221 220 224 234 242 241 234 229 222 212 209 213 216 212 206 197 195 191 177 172 180 196 192 190 191 186 182 169 150 147 139 142 137 137 147 165 165 178 173 159 150 145 142 142 142 142 144 146 145 144 144 154 148 142 131 122 110 106 102 100 98 95 92 91 89 88 87
189 194 195 192 196 205 211 218 215 211 216 213 216 225 221 221 213 213 216 230 229 235 235 230 226 219 212 216 216 230 244 228 216 201 180 174 179 181 179 192 208 193 177 165 158 153 164 155 168 170 177 149 165 178 172 164 153 148 144 145 145 147 146 142 146 150 151 147 160 166 160 148 126 114 111 105 100 96 94 92 91 89 89 88
165 175 179 182 185 193 204 206 205 210 212 221 228 232 226 224 223 224 221 225 228 232 232 227 224 217 210 205 207 207 214 218 219 196 180 180 182 179 179 174 171 171 164 162 168 184 188 179 180 177 189 173 159 148 153 147 149 155 144 148 145 148 147 141 143 150 157 160 154 160 152 137 124 115 111 109 106 103 96 91 89 89 87 88
169 164 164 167 172 177 178 185 186 189 199 214 222 227 224 228 232 229 224 227 223 222 225 226 220 218 222 220 206 199 196 195 205 202 194 198 190 177 180 170 165 161 158 157 174 186 178 184 178 175 164 162 148 138 134 135 139 139 138 136 137 138 138 141 138 141 157 163 154 145 137 129 123 119 113 109 105 102 102 99 94 87 87 87
183 178 166 168 171 169 174 177 188 196 196 202 205 214 222 225 232 228 225 228 225 225 218 216 219 220 225 227 211 200 201 189 184 184 183 207 210 195 177 168 160 157 152 142 160 174 163 150 149 145 145 137 133 131 125 124 126 127 128 126 126 126 129 134 133 127 133 135 136 134 130 125 121 116 114 109 107 104 101 98 98 89 87 87
170 162 163 174 170 163 164 168 173 178 184 191 195 205 211 218 220 219 216 218 219 220 220 217 216 219 235 227 214 211 207 195 189 188 176 176 174 171 166 160 160 157 151 140 132 132 140 136 131 130 130 126 121 119 121 119 117 117 115 113 115 117 117 119 119 113 115 118 120 117 118 118 114 109 105 106 104 104 101 97 92 90 90 87
165 167 169 178 173 163 158 171 170 162 164 173 183 188 195 201 202 207 214 216 215 213 214 211 212 214 225 220 210 217 221 204 198 196 181 175 177 175 170 168 160 149 140 137 132 128 126 123 120 119 118 118 115 116 118 117 117 111 111 112 110 109 109 110 107 106 105 102 105 104 104 104 106 106 102 100 100 103 101 99 94 90 91 89
160 166 155 156 158 152 154 170 172 159 161 172 178 190 199 208 204 201 206 208 209 203 203 203 207 205 202 203 197 198 209 203 193 193 181 173 167 170 179 175 162 159 159 151 144 139 138 135 136 137 129 126 121 118 115 115 116 116 117 119 116 112 112 109 103 102 102 102 97 89 94 93 96 97 97 97 96 95 96 96 92 93 93 90
146 145 153 158 154 143 153 164 166 151 160 171 169 177 185 189 192 197 197 196 198 195 194 194 195 195 192 192 188 188 179 174 170 167 165 169 167 152 151 154 151 150 153 152 149 149 150 144 138 137 137 134 132 129 125 124 122 123 131 133 125 126 121 116 109 107 109 104 94 91 93 88 90 91 91 94 94 95 92 91 92 94 96 91
144 157 159 166 163 146 153 153 153 150 148 150 157 162 168 169 172 178 178 178 180 184 183 186 190 192 190 187 181 180 182 183 182 174 167 153 156 157 148 143 140 134 133 132 133 133 134 134 134 130 127 127 128 129 129 130 131 128 131 128 125 123 123 121 116 109 105 102 98 96 93 90 88 88 90 92 94 93 91 92 92 99 94 91
143 160 161 146 135 144 147 141 142 142 134 133 146 160 163 165 168 164 167 173 175 173 177 184 188 186 184 183 177 176 177 177 177 173 164 148 144 148 148 145 140 137 138 140 137 129 126 126 121 123 124 121 120 120 125 132 135 143 150 141 134 127 123 127 122 119 117 111 107 103 100 98 95 93 90 89 92 93 94 95 93 93 92 91
124 141 139 125 121 134 134 133 126 118 118 132 137 145 149 151 156 160 164 166 165 167 175 179 190 182 182 188 180 169 170 171 171 170 170 150 139 133 133 138 136 148 157 150 158 154 137 125 122 118 122 131 128 123 117 117 119 121 125 125 126 124 121 120 121 115 114 111 108 105 106 116 123 116 116 100 90 96 99 95 100 95 91 92
117 116 110 108 117 131 122 120 114 106 111 109 125 137 145 150 156 153 166 172 170 163 160 168 194 203 206 194 181 182 172 166 163 158 163 152 134 126 130 123 124 127 132 131 134 131 139 142 135 120 119 126 119 122 120 112 116 119 110 107 107 106 106 109 108 110 110 107 105 102 100 109 126 126 131 122 96 93 102 110 105 96 94 98
129 111 105 103 104 110 112 106 101 118 131 138 124 122 129 137 153 153 154 158 158 163 157 153 164 182 196 208 187 178 181 172 164 153 143 136 134 130 124 120 117 115 115 119 131 131 140 135 133 123 118 118 116 114 111 112 112 108 106 105 103 99 99 102 100 98 103 104 109 109 106 100 122 127 130 124 116 99 95 110 106 100 97 98
108 100 102 109 106 98 101 110 107 113 123 137 143 134 140 140 133 134 138 139 141 141 146 146 153 159 166 172 175 175 166 163 167 171 161 145 131 124 121 121 119 116 110 109 113 121 126 126 125 120 120 117 114 110 103 111 122 118 106 100 109 102 95 99 103 102 99 91 96 100 96 97 115 125 118 119 112 111 102 97 97 95 94 94
92 94 97 94 92 103 137 163 169 134 119 108 122 134 125 129 136 138 149 146 140 143 143 143 145 149 155 155 157 157 155 153 150 150 156 152 145 142 134 120 110 109 108 106 105 106 109 114 113 111 111 110 102 102 110 106 102 102 97 92 90 89 86 93 98 99 99 93 88 87 86 92 117 134 141 128 114 109 106 106 100 100 98 94
85 86 91 98 96 101 112 129 145 159 137 134 112 129 136 128 148 141 139 143 142 146 143 137 138 141 145 149 155 152 155 155 145 140 137 140 135 128 125 118 112 108 108 112 115 113 110 108 105 108 108 106 108 107 113 113 114 117 115 107 103 95 86 86 85 85 87 87 90 97 93 88 90 107 121 128 117 116 112 109 102 101 101 98
82 92 103 111 114 105 101 106 118 125 128 139 120 112 121 119 132 138 135 129 152 167 160 143 134 139 142 145 146 144 141 140 140 136 130 128 129 123 119 115 110 109 110 112 115 115 114 113 113 114 114 116 119 121 122 119 126 126 120 112 107 103 99 94 96 98 96 91 89 105 101 92 91 89 92 102 115 116 115 111 106 104 104 103
84 101 113 117 124 128 118 106 101 110 112 128 126 130 136 121 123 126 126 123 143 157 151 137 131 140 146 143 139 139 139 142 137 137 132 126 123 123 119 115 111 110 108 110 113 115 114 114 118 120 120 119 121 127 130 127 127 135 128 118 122 128 142 131 105 96 98 96 92 105 112 108 96 91 90 91 98 110 113 114 113 113 113 111
85 90 111 111 121 123 125 129 117 117 112 106 120 140 167 146 133 141 137 119 125 137 141 128 129 143 155 167 154 145 148 144 138 137 131 130 127 122 124 127 128 122 119 113 113 121 120 120 122 123 125 125 118 120 121 121 118 123 124 118 128 143 154 139 117 97 91 97 96 90 96 106 103 96 92 91 97 100 104 108 113 114 114 114
87 89 109 98 112 114 128 131 142 149 128 103 122 116 152 151 150 148 134 124 117 123 126 124 127 139 152 166 176 159 170 163 152 146 131 147 144 138 126 127 129 122 119 113 111 125 120 119 122 128 136 134 132 128 127 125 122 115 107 108 118 114 112 110 103 98 96 91 91 91 92 97 96 96 92 92 91 95 101 108 114 117 110 113
89 77 91 115 106 102 113 133 136 141 139 114 111 111 108 113 123 133 136 120 119 118 120 121 125 142 157 160 162 158 155 158 155 153 144 130 134 124 135 127 119 109 110 113 111 115 119 119 119 126 133 133 133 134 135 134 131 132 129 114 104 101 102 103 110 123 127 126 108 92 92 97 92 102 97 94 92 95 97 95 104 113 108 101
83 74 80 107 130 124 110 113 113 112 127 112 111 142 140 115 108 109 113 111 114 115 118 122 127 137 162 185 168 164 164 159 146 160 151 141 132 119 111 110 114 108 111 111 114 114 117 122 119 120 127 131 129 128 130 134 142 139 132 123 112 109 123 142 132 115 114 110 108 95 92 92 91 91 92 94 94 97 98 97 98 101 107 109
96 90 74 95 112 107 107 113 125 127 112 102 99 114 127 130 109 106 107 108 112 114 115 130 143 145 139 159 159 170 169 157 139 145 152 147 152 135 124 121 99 99 106 111 111 118 119 120 117 119 123 126 125 125 123 126 128 128 125 121 118 117 114 116 116 118 112 102 100 109 100 92 92 91 91 92 95 95 97 102 101 94 95 96
93 96 81 80 98 102 107 113 124 124 113 108 101 99 105 113 118 108 105 108 108 117 114 121 134 143 137 130 131 143 139 139 132 116 129 140 143 134 113 107 105 96 98 109 114 122 119 125 118 119 122 121 125 128 136 154 153 138 126 121 118 123 116 107 108 108 109 111 105 99 103 96 102 108 102 96 95 96 97 97 98 95 92 92
78 95 98 75 81 92 101 112 115 119 121 124 120 107 98 102 105 103 103 104 107 122 121 111 119 126 135 124 123 131 132 121 122 119 109 111 121 127 123 117 104 93 95 106 114 120 121 122 119 116 126 123 125 139 150 155 154 142 132 128 121 118 117 115 110 109 105 103 103 100 107 101 102 111 116 104 95 96 98 97 95 95 95 94
74 78 97 78 75 89 100 112 121 117 112 112 120 114 101 100 105 118 115 106 105 111 115 111 113 112 115 115 114 119 111 107 102 109 115 110 108 100 100 103 111 98 96 108 120 149 149 131 125 115 119 121 124 138 147 148 149 143 139 139 130 126 123 120 112 112 112 106 103 105 107 104 104 103 101 101 101 97 97 105 110 111 105 101
79 75 73 71 80 94 102 109 112 112 109 114 110 118 117 102 102 109 119 109 105 111 111 109 111 112 121 126 112 110 112 104 98 97 98 98 98 100 98 98 95 93 102 111 117 132 142 127 133 123 116 120 127 146 152 147 147 144 144 141 133 129 126 120 117 114 110 109 107 106 107 106 106 104 103 105 101 97 97 108 116 116 109 98
