data/fut_env/bio19_avg_2040-2060.asc
NCOLS 664 
NROWS 380 
XLLCORNER 3.91666666666664 
YLLCORNER 55.3333333333333 
CELLSIZE 0.0416666666666667 
NODATA_value -3.4e+38 
[rows 296 to 332 of 380, columns 168 to 251 of 664]
-3.4e+38 -3.4e+38 165 167 168 167 169 171 196 202 208 216 226 230 229 222 234 242 243 242 247 246 244 242 247 246 246 248 247 243 243 236 230 218 200 187 173 169 167 165 142 141 137 134 133 132 131 129 128 127 127 125 124 124 120 118 117 116 114 114 113 111 111 110 110 107 106 126 125 124 124 122 124 125 130 134 139 148 154 157 164 171 171 168
-3.4e+38 -3.4e+38 -3.4e+38 -3.4e+38 173 168 170 191 199 204 208 221 231 233 234 228 238 243 246 247 249 244 247 247 253 249 249 246 244 244 244 234 228 217 199 180 171 168 164 141 140 138 136 135 132 130 128 128 126 125 125 124 124 123 120 119 116 116 115 112 112 112 110 110 108 107 107 104 124 123 121 122 125 126 133 132 135 146 151 155 161 166 166 162
-3.4e+38 -3.4e+38 -3.4e+38 -3.4e+38 -3.4e+38 167 171 192 197 202 211 218 230 233 236 233 241 248 251 253 249 248 251 248 251 251 249 246 243 243 248 234 220 212 197 180 172 167 140 140 137 135 133 131 129 128 125 126 125 124 123 123 122 119 118 117 116 114 113 113 112 111 109 109 108 107 106 123 122 122 122 124 123 127 127 129 133 139 146 151 155 159 162 161
-3.4e+38 -3.4e+38 -3.4e+38 -3.4e+38 -3.4e+38 -3.4e+38 169 192 197 205 207 221 233 238 239 236 247 253 255 255 245 252 250 250 250 248 246 246 241 249 245 236 218 200 188 179 171 166 163 137 135 133 130 129 126 125 125 123 123 123 122 120 140 139 136 134 113 113 112 111 111 109 109 108 127 127 125 124 123 123 124 125 125 125 127 129 130 136 142 145 148 149 153 153
-3.4e+38 -3.4e+38 -3.4e+38 -3.4e+38 -3.4e+38 177 170 194 199 206 212 224 233 238 243 241 253 257 258 250 246 251 250 255 251 247 242 242 244 246 242 229 207 193 185 178 173 168 163 157 155 131 129 126 124 123 123 121 121 120 120 137 139 137 135 131 113 111 111 109 109 129 128 129 130 129 127 129 128 126 124 125 123 124 125 126 128 133 136 136 138 143 140 144
-3.4e+38 -3.4e+38 -3.4e+38 185 -3.4e+38 -3.4e+38 172 194 202 207 215 226 235 242 247 247 253 253 252 253 250 257 255 253 250 245 245 244 241 240 232 212 201 191 183 175 173 168 163 157 151 129 126 124 123 121 121 121 118 117 135 135 136 135 132 112 111 108 112 146 139 129 131 131 131 133 134 138 132 128 126 125 123 122 122 123 126 128 129 132 136 138 138 134
-3.4e+38 -3.4e+38 -3.4e+38 166 -3.4e+38 -3.4e+38 180 196 204 209 217 226 233 240 249 251 255 253 251 256 256 259 259 252 247 244 242 241 238 229 216 207 200 191 182 177 172 167 163 155 132 127 124 122 120 119 119 117 116 134 134 134 132 132 129 110 109 108 138 140 133 131 131 132 134 137 138 138 133 129 128 126 123 120 120 123 123 126 127 127 135 138 142 131
-3.4e+38 -3.4e+38 -3.4e+38 -3.4e+38 -3.4e+38 -3.4e+38 -3.4e+38 198 204 209 221 229 238 244 248 246 252 250 258 260 258 257 254 250 244 241 240 234 227 221 213 206 199 191 185 179 174 169 161 134 131 126 122 119 118 117 115 114 131 133 133 132 131 128 109 107 106 127 130 130 130 131 132 134 137 138 143 138 141 139 132 127 123 122 121 121 123 123 125 125 132 135 133 126
-3.4e+38 -3.4e+38 -3.4e+38 -3.4e+38 -3.4e+38 -3.4e+38 -3.4e+38 -3.4e+38 204 210 221 231 236 243 251 241 245 245 248 255 253 250 251 250 247 244 238 232 226 217 212 205 198 195 188 181 150 146 143 136 131 125 120 132 132 132 132 132 132 134 131 130 128 127 126 124 125 127 127 129 134 136 138 138 142 145 143 146 159 159 139 130 126 124 121 122 123 123 123 121 123 125 126 124
-3.4e+38 -3.4e+38 -3.4e+38 -3.4e+38 -3.4e+38 -3.4e+38 -3.4e+38 201 203 211 221 225 229 236 242 242 243 242 244 251 254 253 254 251 247 244 237 231 224 215 211 205 200 195 187 155 152 148 144 161 156 146 137 134 135 135 135 134 132 132 129 126 125 125 125 125 126 128 129 132 134 137 139 142 146 146 154 166 171 167 146 139 131 127 124 123 123 121 122 124 131 136 131 121
-3.4e+38 -3.4e+38 -3.4e+38 -3.4e+38 -3.4e+38 -3.4e+38 -3.4e+38 200 203 208 215 221 225 231 236 236 236 240 245 247 249 254 254 251 247 241 233 226 222 218 212 206 203 195 188 185 189 181 170 166 160 155 149 144 141 140 138 136 134 131 128 126 125 123 123 124 124 126 130 132 135 137 140 143 146 148 160 170 172 163 150 139 133 129 126 123 122 119 122 129 130 131 123 102
-3.4e+38 -3.4e+38 -3.4e+38 -3.4e+38 -3.4e+38 -3.4e+38 170 193 200 204 207 213 219 227 230 232 236 240 238 241 239 240 237 235 235 235 231 225 221 218 210 205 198 193 194 192 196 191 178 170 168 166 163 155 149 146 143 140 136 132 129 126 124 123 123 123 124 127 130 133 135 138 138 140 145 162 170 168 168 161 148 140 135 128 126 121 119 119 124 125 129 126 117 102
-3.4e+38 -3.4e+38 -3.4e+38 -3.4e+38 -3.4e+38 -3.4e+38 -3.4e+38 170 -3.4e+38 201 202 207 216 219 226 228 236 238 232 233 228 229 232 235 235 239 238 230 224 218 213 206 201 190 190 194 198 193 187 175 173 172 169 163 156 152 148 142 137 133 129 126 124 124 125 125 126 130 134 136 137 138 138 140 148 159 162 157 159 155 145 140 135 130 124 120 119 122 123 123 119 101 100 100
-3.4e+38 -3.4e+38 -3.4e+38 -3.4e+38 -3.4e+38 -3.4e+38 -3.4e+38 -3.4e+38 -3.4e+38 -3.4e+38 176 201 210 212 219 223 230 228 232 234 230 228 232 233 239 236 235 231 226 219 214 205 197 193 190 189 189 188 184 183 180 175 172 168 165 160 153 146 140 136 130 127 126 125 128 128 130 133 135 137 137 138 142 144 147 158 155 154 155 148 145 139 136 131 125 122 121 128 132 127 117 100 99 99
-3.4e+38 -3.4e+38 -3.4e+38 -3.4e+38 -3.4e+38 -3.4e+38 -3.4e+38 -3.4e+38 -3.4e+38 -3.4e+38 -3.4e+38 200 206 209 213 217 224 228 229 230 232 231 224 228 234 244 241 234 228 216 208 206 201 198 194 194 194 192 190 187 184 183 177 173 170 165 158 152 145 140 133 130 130 131 133 133 134 136 138 138 140 148 151 154 153 151 151 160 161 153 145 140 136 131 128 125 123 133 128 119 100 100 99 100
-3.4e+38 -3.4e+38 -3.4e+38 -3.4e+38 -3.4e+38 -3.4e+38 -3.4e+38 -3.4e+38 -3.4e+38 -3.4e+38 -3.4e+38 198 201 209 217 219 220 228 229 228 229 232 228 231 234 239 238 235 221 211 209 205 202 202 202 200 198 197 196 194 193 190 186 182 174 170 165 159 155 146 141 138 136 138 139 138 140 142 144 146 156 168 173 160 160 154 151 162 171 157 145 142 137 134 131 128 131 131 123 102 101 101 99 99
-3.4e+38 -3.4e+38 -3.4e+38 -3.4e+38 -3.4e+38 -3.4e+38 -3.4e+38 -3.4e+38 -3.4e+38 -3.4e+38 192 196 200 211 215 213 213 217 224 226 225 225 227 235 234 239 236 229 215 220 216 208 209 206 206 201 203 204 200 198 198 195 194 189 183 178 173 167 163 158 154 149 147 151 150 150 148 150 150 153 156 157 157 161 165 155 156 166 162 157 145 144 140 138 135 135 142 140 133 102 101 101 101 99
-3.4e+38 -3.4e+38 -3.4e+38 -3.4e+38 -3.4e+38 -3.4e+38 -3.4e+38 -3.4e+38 -3.4e+38 171 189 194 194 201 208 207 205 208 215 217 218 217 224 233 229 234 239 235 221 212 219 211 212 212 208 211 216 209 204 206 207 207 204 196 190 187 184 180 173 169 165 162 159 161 161 159 158 158 158 158 157 158 158 161 162 160 160 161 158 155 150 147 144 149 153 152 145 140 130 103 102 101 101 100
-3.4e+38 -3.4e+38 -3.4e+38 -3.4e+38 -3.4e+38 -3.4e+38 -3.4e+38 -3.4e+38 -3.4e+38 -3.4e+38 -3.4e+38 -3.4e+38 192 195 200 204 205 208 213 213 215 218 225 233 230 235 238 236 229 213 213 213 214 215 217 222 222 209 207 209 216 215 209 204 199 196 195 191 185 182 177 171 169 172 169 167 166 164 163 161 161 161 161 162 161 162 164 162 162 157 152 155 155 160 156 150 146 143 111 105 103 102 102 102
-3.4e+38 -3.4e+38 -3.4e+38 -3.4e+38 -3.4e+38 -3.4e+38 -3.4e+38 -3.4e+38 -3.4e+38 -3.4e+38 -3.4e+38 -3.4e+38 187 192 198 201 204 209 209 213 216 217 222 227 234 236 239 238 231 213 217 216 217 222 225 227 222 209 214 223 222 216 212 209 207 206 206 204 202 198 196 193 187 187 183 182 178 174 169 166 166 165 164 164 163 164 164 164 164 162 159 170 168 166 153 149 147 137 107 106 105 106 104 103
-3.4e+38 -3.4e+38 -3.4e+38 -3.4e+38 -3.4e+38 -3.4e+38 -3.4e+38 -3.4e+38 -3.4e+38 -3.4e+38 -3.4e+38 -3.4e+38 -3.4e+38 -3.4e+38 164 197 203 205 205 209 212 217 223 232 235 236 240 235 221 216 218 218 225 229 227 224 216 230 230 222 215 216 221 221 225 223 225 226 221 216 212 207 203 200 193 191 186 182 180 177 177 175 171 171 174 170 170 168 168 165 170 173 173 165 153 148 141 110 109 109 107 106 106 109
-3.4e+38 -3.4e+38 -3.4e+38 -3.4e+38 -3.4e+38 -3.4e+38 -3.4e+38 -3.4e+38 -3.4e+38 -3.4e+38 -3.4e+38 -3.4e+38 -3.4e+38 -3.4e+38 162 193 198 196 171 175 210 216 223 226 231 234 231 220 222 224 225 229 228 228 224 218 216 216 218 217 222 230 234 240 242 242 242 240 237 237 227 221 222 213 206 201 197 193 190 186 184 179 182 184 179 175 177 174 176 171 165 166 166 160 153 148 140 113 113 113 110 112 122 140
-3.4e+38 -3.4e+38 -3.4e+38 -3.4e+38 -3.4e+38 -3.4e+38 -3.4e+38 -3.4e+38 -3.4e+38 -3.4e+38 -3.4e+38 -3.4e+38 -3.4e+38 -3.4e+38 -3.4e+38 183 187 191 193 202 211 218 222 223 224 229 227 225 229 230 230 232 230 228 219 217 217 220 224 227 236 249 258 261 263 263 258 253 255 250 243 243 237 225 221 213 210 204 197 195 187 187 189 187 185 181 182 181 174 174 166 170 172 158 156 153 142 118 117 116 116 125 145 142
-3.4e+38 -3.4e+38 -3.4e+38 -3.4e+38 -3.4e+38 -3.4e+38 -3.4e+38 -3.4e+38 -3.4e+38 -3.4e+38 -3.4e+38 -3.4e+38 -3.4e+38 -3.4e+38 -3.4e+38 152 182 155 190 199 210 217 223 223 221 225 227 236 235 238 238 233 232 229 224 225 225 231 232 239 248 260 269 274 276 274 271 270 267 266 255 255 247 232 231 218 214 207 200 200 190 201 198 192 196 187 190 190 181 178 174 170 172 165 161 157 147 125 120 120 123 150 159 159
-3.4e+38 -3.4e+38 -3.4e+38 -3.4e+38 -3.4e+38 -3.4e+38 -3.4e+38 -3.4e+38 -3.4e+38 -3.4e+38 -3.4e+38 -3.4e+38 -3.4e+38 -3.4e+38 -3.4e+38 150 -3.4e+38 -3.4e+38 182 194 203 210 217 217 225 229 229 237 237 233 234 235 235 232 234 230 241 249 249 257 261 261 271 277 280 284 286 288 285 273 263 258 250 239 238 229 224 221 210 206 200 210 208 203 199 195 197 197 184 183 177 175 179 170 166 164 157 153 124 124 152 168 164 161
-3.4e+38 -3.4e+38 -3.4e+38 -3.4e+38 -3.4e+38 -3.4e+38 -3.4e+38 -3.4e+38 -3.4e+38 -3.4e+38 -3.4e+38 -3.4e+38 -3.4e+38 -3.4e+38 -3.4e+38 -3.4e+38 139 166 173 189 197 204 210 216 219 224 227 232 239 234 237 229 232 240 243 244 253 255 259 268 263 270 277 284 287 293 301 299 293 285 285 275 261 260 255 239 234 234 221 205 215 218 216 215 207 205 201 199 187 183 179 178 177 176 172 170 170 159 155 168 167 169 167 164
-3.4e+38 -3.4e+38 -3.4e+38 -3.4e+38 -3.4e+38 -3.4e+38 -3.4e+38 -3.4e+38 -3.4e+38 -3.4e+38 -3.4e+38 -3.4e+38 -3.4e+38 -3.4e+38 -3.4e+38 -3.4e+38 155 158 169 182 193 200 208 217 217 218 222 226 234 236 242 242 243 247 250 255 265 261 262 269 270 280 284 292 298 297 302 301 294 291 288 283 272 267 260 250 240 236 221 209 218 223 218 218 213 212 211 207 197 187 182 186 184 184 181 180 175 173 182 184 180 177 175 173
-3.4e+38 -3.4e+38 -3.4e+38 -3.4e+38 -3.4e+38 -3.4e+38 -3.4e+38 -3.4e+38 -3.4e+38 -3.4e+38 -3.4e+38 -3.4e+38 -3.4e+38 -3.4e+38 -3.4e+38 -3.4e+38 146 149 161 176 185 192 200 206 216 222 226 232 239 243 243 245 250 253 255 262 271 263 274 267 277 280 286 292 292 294 297 293 292 289 286 281 275 261 255 246 232 224 218 216 221 221 221 218 210 216 215 212 204 189 187 193 197 196 195 192 193 197 196 192 187 185 183 189
-3.4e+38 -3.4e+38 -3.4e+38 -3.4e+38 -3.4e+38 -3.4e+38 -3.4e+38 -3.4e+38 -3.4e+38 -3.4e+38 -3.4e+38 -3.4e+38 -3.4e+38 -3.4e+38 -3.4e+38 -3.4e+38 114 120 129 166 174 180 194 200 207 216 219 230 231 237 242 247 256 262 262 266 269 263 271 278 283 283 286 291 294 295 289 288 285 282 284 281 271 258 253 243 235 227 224 221 218 221 221 216 215 220 219 212 201 191 194 195 202 202 202 200 202 202 201 197 194 191 194 194
-3.4e+38 -3.4e+38 -3.4e+38 -3.4e+38 -3.4e+38 -3.4e+38 -3.4e+38 -3.4e+38 -3.4e+38 -3.4e+38 -3.4e+38 -3.4e+38 -3.4e+38 -3.4e+38 -3.4e+38 -3.4e+38 -3.4e+38 -3.4e+38 -3.4e+38 163 141 147 187 193 203 217 221 223 228 232 239 250 254 259 263 267 266 271 281 284 283 288 286 288 286 283 283 280 277 279 282 284 269 260 253 247 242 236 226 226 224 224 213 215 214 214 212 202 197 198 201 202 205 209 206 206 207 206 204 200 198 199 197 197
-3.4e+38 -3.4e+38 -3.4e+38 -3.4e+38 -3.4e+38 -3.4e+38 -3.4e+38 -3.4e+38 -3.4e+38 -3.4e+38 -3.4e+38 -3.4e+38 -3.4e+38 -3.4e+38 -3.4e+38 -3.4e+38 -3.4e+38 -3.4e+38 -3.4e+38 -3.4e+38 137 138 -3.4e+38 190 198 209 218 221 225 234 242 249 259 265 267 271 266 277 279 282 284 283 280 283 278 281 284 283 281 277 280 277 269 263 258 249 243 239 232 233 226 222 217 216 210 210 205 202 205 207 208 208 211 210 209 211 209 208 208 203 201 202 203 200
-3.4e+38 -3.4e+38 -3.4e+38 -3.4e+38 -3.4e+38 -3.4e+38 -3.4e+38 -3.4e+38 -3.4e+38 -3.4e+38 -3.4e+38 -3.4e+38 -3.4e+38 -3.4e+38 -3.4e+38 -3.4e+38 -3.4e+38 -3.4e+38 -3.4e+38 135 -3.4e+38 -3.4e+38 -3.4e+38 150 193 202 217 216 219 226 238 245 255 258 265 263 266 280 279 280 285 283 278 278 288 295 293 295 293 288 281 272 267 263 258 254 253 246 238 234 228 225 225 221 213 211 207 208 212 209 212 216 214 213 215 211 210 209 209 205 203 202 200 199
-3.4e+38 -3.4e+38 -3.4e+38 -3.4e+38 -3.4e+38 -3.4e+38 -3.4e+38 -3.4e+38 -3.4e+38 -3.4e+38 -3.4e+38 -3.4e+38 -3.4e+38 -3.4e+38 -3.4e+38 -3.4e+38 -3.4e+38 -3.4e+38 -3.4e+38 -3.4e+38 -3.4e+38 -3.4e+38 -3.4e+38 149 189 199 204 209 215 221 229 237 237 248 255 261 274 275 274 281 277 274 276 284 290 293 298 298 293 290 281 280 270 267 261 263 258 250 242 239 239 237 234 225 217 212 211 215 214 217 219 216 214 216 215 215 212 212 212 210 203 199 199 200
-3.4e+38 -3.4e+38 -3.4e+38 -3.4e+38 -3.4e+38 -3.4e+38 -3.4e+38 -3.4e+38 -3.4e+38 -3.4e+38 -3.4e+38 -3.4e+38 -3.4e+38 -3.4e+38 -3.4e+38 -3.4e+38 -3.4e+38 -3.4e+38 -3.4e+38 -3.4e+38 -3.4e+38 -3.4e+38 -3.4e+38 180 189 196 202 204 214 221 226 234 246 254 262 271 271 275 268 272 276 280 282 290 298 303 303 303 299 291 290 282 271 270 267 266 262 253 251 246 244 240 242 235 223 217 217 219 219 221 218 215 210 215 213 217 214 212 213 214 205 199 199 200
-3.4e+38 -3.4e+38 -3.4e+38 -3.4e+38 -3.4e+38 -3.4e+38 -3.4e+38 -3.4e+38 -3.4e+38 -3.4e+38 -3.4e+38 -3.4e+38 -3.4e+38 -3.4e+38 -3.4e+38 -3.4e+38 -3.4e+38 -3.4e+38 -3.4e+38 -3.4e+38 -3.4e+38 -3.4e+38 -3.4e+38 177 184 191 197 -3.4e+38 207 215 229 238 242 252 263 265 273 275 265 278 277 278 281 288 295 297 300 299 293 298 299 287 280 274 270 267 261 256 255 254 251 251 247 232 220 220 217 221 216 216 212 204 209 202 207 215 212 209 208 208 201 197 199 195
123 -3.4e+38 -3.4e+38 -3.4e+38 -3.4e+38 -3.4e+38 -3.4e+38 -3.4e+38 -3.4e+38 -3.4e+38 -3.4e+38 -3.4e+38 -3.4e+38 -3.4e+38 -3.4e+38 -3.4e+38 -3.4e+38 -3.4e+38 -3.4e+38 -3.4e+38 -3.4e+38 -3.4e+38 -3.4e+38 -3.4e+38 179 188 192 197 203 214 223 232 239 244 251 257 260 254 255 272 280 292 294 291 298 302 306 300 305 306 296 286 286 278 271 269 263 262 262 256 247 247 244 230 225 225 220 215 216 219 213 197 196 197 202 208 206 208 206 200 196 196 197 196
134 133 132 131 130 129 129 -3.4e+38 -3.4e+38 -3.4e+38 -3.4e+38 -3.4e+38 -3.4e+38 -3.4e+38 -3.4e+38 -3.4e+38 -3.4e+38 -3.4e+38 -3.4e+38 -3.4e+38 -3.4e+38 -3.4e+38 -3.4e+38 150 -3.4e+38 -3.4e+38 -3.4e+38 -3.4e+38 200 206 216 228 234 240 252 256 252 259 255 268 276 288 297 300 299 299 303 300 308 305 292 291 288 281 276 270 265 262 259 253 249 244 236 231 228 226 221 219 223 209 205 196 193 194 197 200 200 200 200 198 195 194 191 193
