data/fut_env/bio15_avg_2040-2060.asc
NCOLS 664 
NROWS 380 
XLLCORNER 3.91666666666664 
YLLCORNER 55.3333333333333 
CELLSIZE 0.0416666666666667 
NODATA_value -3.4e+38 
[rows 161 to 183 of 380, columns 312 to 363 of 664]
41.2999992370605 41.5999984741211 42.0999984741211 41.2999992370605 40.7999992370605 40.7999992370605 40.0999984741211 39.2000007629395 38.0999984741211 37.4000015258789 38 38.0999984741211 37.0999984741211 38.2000007629395 37.5999984741211 37.5 38.5 39 38.4000015258789 39.7999992370605 39.5999984741211 38.7999992370605 38.9000015258789 38.7000007629395 38.2999992370605 38.5999984741211 38.7999992370605 38.7999992370605 38.9000015258789 39.2000007629395 38.9000015258789 39.0999984741211 38.9000015258789 38.9000015258789 38.9000015258789 38.9000015258789 38.7999992370605 37.5999984741211 38.2000007629395 40 39.5 39 38.9000015258789 38 37.9000015258789 39.7000007629395 39.0999984741211 39 39.4000015258789 39.2000007629395 38 37.7000007629395
38.5 40.7000007629395 41 39.5999984741211 40.2999992370605 40.0999984741211 39.7999992370605 39.2999992370605 38.4000015258789 37.2999992370605 37.5999984741211 37.9000015258789 38.2999992370605 38.7999992370605 38.7999992370605 38.2999992370605 39.0999984741211 39.4000015258789 38.7000007629395 39 39.7000007629395 39.5 38.0999984741211 38.7000007629395 38.4000015258789 38.5999984741211 39 38.5999984741211 38.5999984741211 38.5999984741211 38.0999984741211 38.5 38.2000007629395 38.2000007629395 37.7999992370605 38.0999984741211 38 38.5999984741211 39.5 39.7000007629395 40.0999984741211 39.4000015258789 38.5 37.7999992370605 38.4000015258789 39.7999992370605 38.5999984741211 38.7999992370605 38.7999992370605 38.0999984741211 39.0999984741211 39.0999984741211
41.5 41.2999992370605 41.0999984741211 39.5 38.2000007629395 38 38.9000015258789 39 37.7000007629395 37.5999984741211 36.9000015258789 37.5999984741211 38.0999984741211 39.7000007629395 39.4000015258789 38.5 38.5 38.5 38.7999992370605 38.2999992370605 38.4000015258789 38.5 39.5999984741211 39.5 38.7000007629395 39 39.5 39.5 38.9000015258789 38 37.7999992370605 38.0999984741211 38 37.4000015258789 37.2999992370605 37.5999984741211 37.7000007629395 38.2000007629395 38.5999984741211 39.2000007629395 39.7000007629395 39.5 40 38.7999992370605 39 39.4000015258789 39.9000015258789 39.9000015258789 39.4000015258789 39.2000007629395 39.0999984741211 38.7000007629395
41.2000007629395 40.2000007629395 39.7999992370605 38.7999992370605 38.5999984741211 38.5 39.2000007629395 39 38.0999984741211 37.9000015258789 37.5999984741211 37.7000007629395 38.5 39 38.9000015258789 39.4000015258789 39.2000007629395 38.7000007629395 38.9000015258789 37.7000007629395 38.2999992370605 38.0999984741211 38.2999992370605 38.7999992370605 38.2999992370605 39 39.2000007629395 39.4000015258789 39.0999984741211 38.5999984741211 38.5 38.2999992370605 38 38 37.5999984741211 37.4000015258789 37.7000007629395 37.4000015258789 38.9000015258789 39 39.4000015258789 39.4000015258789 39.7000007629395 39.9000015258789 40.2000007629395 39.2000007629395 38.5999984741211 37.9000015258789 38.4000015258789 39.2000007629395 38.2000007629395 38.5
40.2000007629395 40.5999984741211 40 38.2999992370605 37.7000007629395 37.5 37 38.2999992370605 38.7999992370605 37.7999992370605 38 38.0999984741211 38.4000015258789 38.5 38.2999992370605 39 38.9000015258789 38.9000015258789 38.2000007629395 38.2999992370605 38.7999992370605 39 38.7000007629395 38.9000015258789 38.4000015258789 39.4000015258789 39.5 39.5 39.5 39.4000015258789 38.9000015258789 39.0999984741211 38.2999992370605 37.2000007629395 37.5999984741211 37.2000007629395 36.7999992370605 37.7999992370605 38.2999992370605 38.7000007629395 39 39.0999984741211 38.7000007629395 39.7000007629395 39 39.7000007629395 39.4000015258789 38.7999992370605 38.2000007629395 38.4000015258789 38.5999984741211 38.0999984741211
40.2999992370605 40.7999992370605 40 37.9000015258789 36.9000015258789 38 37.5999984741211 37.5999984741211 38.5 37.7999992370605 37.5 37.5999984741211 38.0999984741211 37.9000015258789 38.2000007629395 38.7999992370605 39.0999984741211 38.7000007629395 37.7000007629395 38.9000015258789 38.7000007629395 38.7000007629395 39.2000007629395 39.2999992370605 39.4000015258789 39.5999984741211 39 39.4000015258789 39.5 39.2999992370605 39.5 39.2999992370605 38.7999992370605 37.0999984741211 36 35.4000015258789 35.5 36.2000007629395 36.7999992370605 38.2000007629395 38.4000015258789 38.2000007629395 38.2000007629395 38.7999992370605 39.2999992370605 39.4000015258789 39.7000007629395 39.7000007629395 38.9000015258789 38.4000015258789 38.5 38.5
40.0999984741211 39 39.4000015258789 39.7999992370605 38.9000015258789 38.5999984741211 38.2999992370605 38.0999984741211 38 38.2000007629395 38.2000007629395 37.7000007629395 37.9000015258789 37.9000015258789 37 37 37 37.0999984741211 38.0999984741211 37.9000015258789 38.7999992370605 38.7000007629395 37.7000007629395 37.0999984741211 37.5999984741211 38.4000015258789 38.5999984741211 39.2000007629395 39.5 38.2000007629395 38.2000007629395 38.2000007629395 39.2999992370605 39.5 37.2000007629395 36.5999984741211 35.9000015258789 35.9000015258789 35.4000015258789 36.5 37.4000015258789 36.7999992370605 37 37.5 37.7999992370605 38.0999984741211 40 40.9000015258789 39.7999992370605 38.7000007629395 38.4000015258789 38
38.5 37.9000015258789 38.2999992370605 38.7000007629395 39.0999984741211 39 37.2000007629395 37.2999992370605 37.5999984741211 38 37.2999992370605 37.5999984741211 37.4000015258789 37.4000015258789 36.7999992370605 35.9000015258789 35.7999992370605 35.5999984741211 36.7000007629395 36.4000015258789 36.5999984741211 37.5 37.5999984741211 38 38.5999984741211 38.7999992370605 39.0999984741211 38.7000007629395 38.7000007629395 38.4000015258789 38.5999984741211 37.7999992370605 37.5999984741211 38.5 39.0999984741211 39.5999984741211 38 38.0999984741211 38.0999984741211 37.7000007629395 37.5999984741211 36.4000015258789 37 37.2999992370605 38.2000007629395 39.2000007629395 39.4000015258789 40.7999992370605 39.4000015258789 39.2000007629395 38.2000007629395 37.2000007629395
38 38.5 37.2999992370605 37.2000007629395 37.2999992370605 37.4000015258789 38 37.5999984741211 37.7000007629395 38.0999984741211 36.7999992370605 36.9000015258789 36.7000007629395 36.5999984741211 37.0999984741211 36.9000015258789 35.9000015258789 36.5999984741211 36.2999992370605 36.2000007629395 36.5999984741211 35.9000015258789 36.7000007629395 36.5 37.5 38.0999984741211 38.0999984741211 36.7999992370605 37.7999992370605 38.5999984741211 38.7000007629395 39.2000007629395 38.5999984741211 38.7999992370605 39.2000007629395 39.5 38.9000015258789 38.7000007629395 39.0999984741211 38.2999992370605 37.4000015258789 38.5 37.5 37.5 36.7999992370605 37.2000007629395 38.5999984741211 38.2999992370605 38.2999992370605 37.7999992370605 37.9000015258789 37.4000015258789
36.7999992370605 37.2999992370605 37.0999984741211 37.2999992370605 37.7999992370605 37.2000007629395 37.2000007629395 37.5999984741211 37.5999984741211 36.9000015258789 37.5 37.2000007629395 37.0999984741211 37.2000007629395 37.2999992370605 37.2000007629395 37.2999992370605 36.7000007629395 37.5 37.0999984741211 36.7999992370605 36 36.7000007629395 37 36.9000015258789 36.5 36.5 36.5 36.9000015258789 36.7999992370605 37.9000015258789 37.7000007629395 38.0999984741211 38 38.5 38.5 38.7999992370605 38.2000007629395 38.7999992370605 38.2999992370605 37.9000015258789 37.2999992370605 37.2999992370605 37.4000015258789 36.7999992370605 36.7999992370605 36.7999992370605 37.4000015258789 37.5 36.9000015258789 37.2999992370605 37.4000015258789
36.9000015258789 36.7999992370605 36.5 36.9000015258789 37.2000007629395 37.0999984741211 36.4000015258789 37 36.7999992370605 37 36.5 36.7999992370605 36.7999992370605 37 36.7999992370605 36.7000007629395 36.7000007629395 37 36.7000007629395 36.2999992370605 36.7000007629395 37 36.5999984741211 36.2999992370605 36.0999984741211 37.2999992370605 36.5999984741211 36.7999992370605 35.4000015258789 35.5999984741211 36.7000007629395 37.4000015258789 37 38.5 38.5 38.0999984741211 39.2000007629395 38 37.2000007629395 37.2000007629395 37.2999992370605 36.7999992370605 36.5 37 37.2000007629395 36.5 36.4000015258789 36.7000007629395 37.4000015258789 36.5999984741211 36.9000015258789 36.7000007629395
36 36.7000007629395 36.5 36.2000007629395 36.5999984741211 36.9000015258789 36.2000007629395 35.9000015258789 35.9000015258789 36.2000007629395 35.2000007629395 35.7000007629395 34.9000015258789 34.2000007629395 35.2000007629395 36.2000007629395 35.7999992370605 35.4000015258789 34.2000007629395 35.0999984741211 36.2000007629395 36.2000007629395 36 35.5999984741211 35.7000007629395 35.5999984741211 36 37.5 36.7000007629395 36 36.5999984741211 37.2000007629395 38.4000015258789 38.4000015258789 38.2000007629395 38.5999984741211 38.5999984741211 39.2000007629395 37.5 37.4000015258789 36.9000015258789 37 36.5 36.5999984741211 36.5 37 36.5999984741211 36.2000007629395 37 36.0999984741211 35.5999984741211 35.9000015258789
36.2000007629395 35.7000007629395 35.4000015258789 35.7999992370605 36.0999984741211 36.2000007629395 36.0999984741211 35.7999992370605 36.0999984741211 35.2000007629395 35.2000007629395 35 34.9000015258789 34.2000007629395 34.4000015258789 34.7000007629395 35.4000015258789 35.2999992370605 35.4000015258789 34.5999984741211 34.7999992370605 35.2999992370605 34.9000015258789 35.2000007629395 34.7000007629395 35.5 36.2999992370605 36.4000015258789 36.5 36.7000007629395 37 37.9000015258789 38.4000015258789 38 37.7999992370605 39.0999984741211 38.7000007629395 38.5 37.7999992370605 37.0999984741211 37.0999984741211 37.0999984741211 36.5 36.7000007629395 36.5 36.7000007629395 36.5999984741211 35.9000015258789 36.0999984741211 36.2000007629395 35.4000015258789 34.7999992370605
35.5999984741211 36.2000007629395 36.5999984741211 36.9000015258789 36.2999992370605 36.0999984741211 35.9000015258789 35 35.5999984741211 35.7000007629395 35 33.9000015258789 33.4000015258789 33.9000015258789 34.5999984741211 34.7999992370605 34 33.7000007629395 33.7999992370605 34.0999984741211 34.5999984741211 34.7000007629395 34.2000007629395 34.5999984741211 34.7000007629395 34.5 35.2999992370605 36.2999992370605 35.9000015258789 35.5 35.4000015258789 36.9000015258789 36.7000007629395 37.4000015258789 37.2000007629395 38 38.2000007629395 38 37.2999992370605 36.7999992370605 36.5 36.5 36.4000015258789 36.4000015258789 36.5 36 36.2000007629395 36.2999992370605 35.5999984741211 34.7000007629395 34.7999992370605 34.4000015258789
35.0999984741211 34.5 35.4000015258789 36.0999984741211 36.0999984741211 36 35.7000007629395 34.7999992370605 35.0999984741211 34.9000015258789 34.7999992370605 34.2999992370605 33.5999984741211 33.2000007629395 32.7999992370605 33.5999984741211 34.2000007629395 33.9000015258789 34 33.5999984741211 33.5999984741211 34 33.7999992370605 34.0999984741211 34.2999992370605 34.7000007629395 34.2999992370605 35.2000007629395 34.7999992370605 34.7999992370605 36 36 36.7000007629395 37 37.0999984741211 37.2999992370605 38.0999984741211 38.4000015258789 37.7000007629395 37.9000015258789 37.4000015258789 36.7000007629395 36.2999992370605 35.7999992370605 36.0999984741211 36 36.2999992370605 35.9000015258789 34.9000015258789 34.4000015258789 33.9000015258789 33.5999984741211
35.2000007629395 34.7999992370605 35.4000015258789 35.7999992370605 36 35.7999992370605 35.5999984741211 35.0999984741211 34 33.7999992370605 33.5 33.2999992370605 33.7999992370605 34.0999984741211 34.2000007629395 33.7000007629395 33.2999992370605 32.7999992370605 34.0999984741211 34.2000007629395 34 34 33.7999992370605 33.5 33.7000007629395 33.9000015258789 34.5999984741211 34.5 34.9000015258789 35.4000015258789 35.5999984741211 36.2000007629395 36.5 36 36.4000015258789 37.7000007629395 37.5999984741211 38 36.9000015258789 36.5999984741211 36.7999992370605 36.5999984741211 36.5 36.5999984741211 36.4000015258789 35.9000015258789 35.7000007629395 35.2999992370605 34.9000015258789 34 34 33.2000007629395
35.2000007629395 35.5999984741211 36 36.0999984741211 36 35.7999992370605 35.4000015258789 34.7999992370605 34 33.9000015258789 33.5 33.0999984741211 33 33.5999984741211 33.4000015258789 33 33.7999992370605 33.4000015258789 34.0999984741211 34.0999984741211 34 33.9000015258789 33.5 34 34 34 33.7999992370605 33.7000007629395 34.2999992370605 34.4000015258789 34 33.7999992370605 34.5999984741211 35.5 36.2000007629395 37.5999984741211 37.7000007629395 37.5 37.2999992370605 36.0999984741211 34.2000007629395 34.7000007629395 35.7000007629395 35.5 34.7999992370605 34.9000015258789 35.0999984741211 34.5999984741211 34.2000007629395 34.0999984741211 33.7999992370605 33.4000015258789
35.0999984741211 36.0999984741211 36.9000015258789 36.0999984741211 35.5 35.0999984741211 35.0999984741211 34.4000015258789 33.5999984741211 33.7000007629395 33.7999992370605 33.4000015258789 33.2000007629395 33.7000007629395 33 33.2999992370605 33.2999992370605 33.5999984741211 34.0999984741211 34.0999984741211 33.9000015258789 34.0999984741211 33.9000015258789 34.2999992370605 34.7000007629395 34 33.5 33.5999984741211 34.0999984741211 34.2999992370605 35.2999992370605 35.5999984741211 35.7000007629395 35.2000007629395 36.2000007629395 37.5 37.2000007629395 37.4000015258789 37.2999992370605 37.0999984741211 35.5 35.5 35.2000007629395 35.2000007629395 35 34.2000007629395 34.4000015258789 34.2999992370605 33.7000007629395 33.5 32.9000015258789 33
36.2000007629395 36.2000007629395 36.2999992370605 36.2000007629395 35.9000015258789 35.5 34.5999984741211 34.7000007629395 33.7000007629395 33.5 33.5 33.7000007629395 33.5999984741211 33.4000015258789 33.2999992370605 32.7999992370605 33 33.0999984741211 33 32.5999984741211 33.7999992370605 34 33.5 33.5999984741211 33.7999992370605 33.9000015258789 33.7000007629395 34.5 33.9000015258789 34.5999984741211 34.9000015258789 35.2999992370605 35.5999984741211 35.7999992370605 36.5999984741211 36.2999992370605 36.2999992370605 37 37.2999992370605 36.4000015258789 35.5 35.5999984741211 35.2999992370605 34.7000007629395 34.7000007629395 34.5 34.0999984741211 33.9000015258789 33.5 32.7999992370605 32.5999984741211 32.4000015258789
36 36.4000015258789 36.7000007629395 36.7000007629395 35.9000015258789 35.2999992370605 34.7000007629395 34.5 33.7000007629395 33.5999984741211 33.5999984741211 33.4000015258789 33.2999992370605 33 33.0999984741211 32.4000015258789 31.8999996185303 32.2999992370605 32.5999984741211 32.0999984741211 32.4000015258789 33.0999984741211 33.7000007629395 34.7999992370605 34.4000015258789 34.5999984741211 34.7000007629395 33 33.7000007629395 34.4000015258789 35.7999992370605 35.4000015258789 35.5 35.2999992370605 34.9000015258789 34.5999984741211 35.0999984741211 36.2000007629395 36.5 36.7000007629395 35.7999992370605 35.0999984741211 34.4000015258789 34.5999984741211 34.4000015258789 33.7000007629395 33.7000007629395 33.4000015258789 33.5999984741211 32.5 32.4000015258789 31.8999996185303
36.2000007629395 35.7000007629395 36.5999984741211 36.0999984741211 36.0999984741211 35.7999992370605 35.5 35 33.9000015258789 32.9000015258789 32.5999984741211 32.5 32.7000007629395 32.7999992370605 33.2999992370605 32.5 32.2000007629395 32.0999984741211 32.5 32.7000007629395 33.4000015258789 33.5999984741211 33.7999992370605 34.9000015258789 35.0999984741211 35 34.2999992370605 34.5 34.5999984741211 34 35.2000007629395 35.2000007629395 35.7000007629395 35.2000007629395 35.4000015258789 35 35.2999992370605 34.5999984741211 35.7999992370605 35.9000015258789 35.2000007629395 34.2999992370605 33.7999992370605 33.9000015258789 33.4000015258789 33.0999984741211 33.0999984741211 33.2000007629395 33.2999992370605 32.7000007629395 32.2999992370605 32.0999984741211
36.2999992370605 36.4000015258789 35.9000015258789 35.2999992370605 36 34.9000015258789 34.7999992370605 33.9000015258789 33.9000015258789 33.7999992370605 32.4000015258789 32.0999984741211 31.7999992370605 31.6000003814697 32.2000007629395 32.7999992370605 32.4000015258789 32.5 32.7000007629395 33.0999984741211 33.7000007629395 34.5 34.7999992370605 34.7000007629395 34.7000007629395 34.0999984741211 34.4000015258789 34.7000007629395 34.9000015258789 34.5999984741211 35 34.2999992370605 34.7999992370605 34.7999992370605 34.2000007629395 34.5 34.9000015258789 35.2999992370605 35.0999984741211 34.5999984741211 34.7999992370605 34 33.2999992370605 32.5 32.5999984741211 32.7000007629395 32.2999992370605 32.2000007629395 32.2999992370605 32.7000007629395 32.2000007629395 31.2999992370605
37.4000015258789 36.7999992370605 37.2000007629395 36.5 35.5999984741211 34.4000015258789 33.9000015258789 33.5 33.5 33.2000007629395 32.2000007629395 31.6000003814697 31.2000007629395 31.2000007629395 31.2000007629395 31.7999992370605 32.4000015258789 32.4000015258789 31.8999996185303 33.4000015258789 33.4000015258789 34.4000015258789 34.4000015258789 34.7999992370605 34.5999984741211 34.7000007629395 34.5999984741211 34.5999984741211 34.4000015258789 33.9000015258789 33.5999984741211 33.7999992370605 34.2000007629395 35.2000007629395 34.9000015258789 34 34.4000015258789 34.2999992370605 34.0999984741211 33.5999984741211 33.2000007629395 32.7000007629395 32.4000015258789 32.5 32.0999984741211 32.2000007629395 31.6000003814697 31.2000007629395 31.3999996185303 31.7000007629395 31.7999992370605 31
