data/fut_env/bio19_avg_2040-2060.asc
NCOLS 664 
NROWS 380 
XLLCORNER 3.91666666666664 
YLLCORNER 55.3333333333333 
CELLSIZE 0.0416666666666667 
NODATA_value -3.4e+38 
[rows 74 to 110 of 380, columns 504 to 587 of 664]
87 86 86 83 83 83 82 82 81 81 81 81 80 80 80 80 80 81 82 81 81 81 81 81 81 81 81 81 82 82 82 82 84 84 84 84 84 86 86 87 88 89 89 90 91 92 92 92 92 93 95 95 97 98 96 97 96 96 97 96 96 95 93 93 94 95 95 94 94 94 94 94 95 95 95 96 97 97 97 97 97 97 98 98
86 86 86 84 84 83 82 81 81 81 82 81 80 80 80 80 81 81 81 82 82 81 81 81 81 81 83 82 82 82 83 84 84 85 85 85 86 87 87 87 89 89 90 93 93 93 92 93 95 96 96 96 99 99 97 97 97 96 97 97 96 96 96 95 93 93 94 95 94 94 96 96 96 95 96 97 97 98 97 97 98 98 98 98
87 86 85 85 84 84 82 82 81 80 80 81 81 81 80 81 81 82 84 84 84 84 84 84 83 84 84 85 85 85 85 86 86 86 86 88 87 90 89 89 90 90 91 93 93 92 93 94 94 96 96 98 99 99 99 98 98 99 97 97 98 97 97 96 94 94 94 94 95 94 94 95 96 96 97 97 97 97 97 97 98 98 98 98
86 86 85 85 85 84 83 83 82 81 81 81 81 81 81 81 82 83 84 84 84 85 85 85 86 85 85 86 86 87 87 88 90 89 89 92 91 92 91 91 91 91 91 91 92 93 93 94 95 96 97 99 99 99 98 98 98 99 97 98 98 98 98 98 97 97 95 95 94 95 96 96 96 97 97 97 97 97 97 98 99 100 100 100
88 86 85 85 84 84 84 82 81 81 81 80 83 82 82 82 82 83 84 84 85 87 87 87 87 87 87 87 89 89 89 89 90 90 90 91 92 91 91 91 91 92 92 92 92 93 95 95 95 97 99 99 99 99 98 98 98 99 96 96 96 98 97 98 98 98 97 96 96 96 96 96 96 98 97 99 99 98 99 101 101 101 103 104
88 88 86 85 84 84 83 82 82 82 82 82 82 83 82 82 82 84 84 84 86 86 87 87 87 87 88 89 89 89 90 92 91 91 92 92 91 91 92 92 92 92 92 93 93 95 96 96 95 97 97 99 98 98 99 99 98 98 98 98 96 96 97 98 98 98 98 97 97 96 97 98 100 100 100 100 100 101 101 101 101 101 101 101
88 88 87 86 86 85 84 84 82 82 82 83 83 82 82 82 83 84 84 86 85 87 86 88 88 88 89 89 89 90 91 92 92 92 92 92 92 93 93 93 93 94 94 94 94 95 95 95 96 97 97 98 96 97 100 98 97 99 99 99 99 97 96 96 97 97 97 97 96 97 97 98 101 101 101 102 103 103 103 102 102 102 102 103
89 89 91 90 86 86 86 85 84 84 84 84 85 87 87 84 84 85 85 85 88 87 88 88 88 90 90 91 91 91 91 92 92 92 92 92 93 93 93 93 94 95 95 95 95 95 95 95 97 96 96 96 97 97 99 99 99 99 99 99 99 99 98 96 96 96 96 96 96 96 99 99 99 100 103 103 102 102 102 102 102 103 103 103
91 90 90 90 88 90 87 86 85 85 85 85 85 85 90 90 87 85 87 88 88 88 88 89 89 90 91 91 91 91 91 91 92 92 93 93 94 94 94 95 95 95 96 96 97 96 97 97 96 97 97 99 97 98 96 96 96 99 97 99 98 98 98 96 96 96 98 99 99 99 99 100 101 100 102 102 102 102 102 104 104 102 104 105
91 91 91 91 88 88 88 88 88 88 86 85 85 85 88 88 88 88 88 91 90 89 89 88 88 91 91 91 91 91 91 91 92 93 94 94 94 94 94 95 95 96 96 97 97 98 98 97 99 97 97 97 97 96 96 96 96 99 98 99 98 98 99 99 99 98 99 99 99 99 100 101 103 103 105 105 105 104 104 104 104 104 104 104
92 92 91 91 89 88 89 89 89 89 89 89 89 88 89 88 88 88 91 91 91 92 91 91 90 90 91 91 91 91 92 92 92 94 94 94 94 95 96 96 97 97 97 97 97 97 97 99 98 98 97 96 96 97 96 96 97 96 97 97 98 99 98 98 98 98 99 99 101 101 101 102 103 103 105 105 105 106 106 106 106 106 106 106
92 93 92 93 91 91 89 89 89 89 89 89 90 90 89 89 89 89 90 91 91 91 91 91 91 91 91 91 91 92 93 93 94 94 94 95 95 96 97 97 98 97 97 98 98 98 98 98 98 98 98 97 98 98 98 96 96 97 97 97 97 97 96 97 98 99 101 101 101 102 102 102 103 103 104 105 105 105 106 107 107 107 107 107
93 93 93 92 92 92 92 90 90 91 90 90 90 90 91 91 92 91 91 91 91 92 92 91 92 94 93 93 93 94 95 95 95 95 95 96 96 96 96 97 98 98 98 99 99 98 98 98 98 98 98 97 98 98 99 99 98 97 97 96 97 96 95 95 97 99 100 100 101 101 102 102 103 104 104 105 106 106 106 107 106 106 107 107
95 95 94 94 94 93 93 93 94 94 92 91 91 92 92 93 91 91 92 92 92 92 92 92 91 93 94 94 94 94 94 94 94 94 95 96 96 97 98 98 99 99 99 99 99 100 99 98 98 98 98 98 98 98 98 98 99 99 99 99 98 98 96 96 97 97 99 101 102 102 102 103 104 104 105 106 105 106 106 106 106 106 107 108
95 95 95 95 94 94 94 94 94 94 94 94 94 94 93 93 93 93 94 93 93 94 94 94 94 94 94 94 94 94 94 95 97 96 98 96 96 97 98 99 99 99 99 99 99 99 99 98 99 98 99 99 99 99 99 99 98 98 99 99 99 99 98 98 97 99 99 100 102 102 103 104 104 104 105 105 105 106 106 106 106 106 107 107
95 95 95 95 95 95 95 95 94 94 96 95 95 95 94 94 94 94 94 94 95 95 95 95 95 95 95 95 96 97 96 96 96 96 98 98 98 98 98 99 99 100 100 101 99 99 100 100 99 98 98 99 98 98 98 101 99 99 99 98 98 99 100 99 99 99 99 100 100 100 102 104 104 105 105 105 107 106 107 107 107 108 108 108
98 98 97 97 97 97 97 97 96 96 97 96 97 97 97 95 95 95 95 95 94 95 95 95 95 96 96 96 97 97 97 97 98 98 98 98 98 98 99 100 101 101 102 101 100 100 99 100 100 100 101 101 102 102 102 100 98 98 101 97 97 97 97 98 99 99 99 99 100 100 102 104 104 104 104 107 107 107 108 108 108 111 112 112
100 98 99 100 99 98 99 99 98 98 98 97 97 97 97 97 97 97 97 97 97 97 97 97 97 98 97 97 98 98 101 101 100 101 101 100 100 98 100 100 101 101 102 102 100 101 101 101 100 100 100 102 104 102 102 101 101 97 97 97 97 97 97 96 98 98 98 101 102 102 103 105 106 106 106 106 106 106 107 108 108 108 108 110
100 101 100 100 100 100 100 100 100 99 99 99 99 98 98 98 97 98 98 99 99 99 98 98 98 99 99 99 98 98 99 101 101 101 100 100 100 100 100 100 100 100 100 102 102 101 101 102 102 102 102 102 100 100 99 101 101 100 97 97 97 97 97 97 98 98 98 101 104 104 104 105 106 105 106 106 107 107 108 108 109 109 109 109
101 101 101 102 101 101 101 101 101 101 100 100 100 99 98 99 100 100 100 99 99 99 99 99 99 99 100 99 99 99 100 100 101 101 101 99 100 100 100 100 100 100 100 100 100 100 100 100 101 101 102 104 102 101 99 99 98 98 99 99 100 97 97 98 99 98 98 101 102 102 102 102 102 103 105 106 108 108 109 108 107 107 107 108
102 102 103 103 103 103 102 102 103 103 103 101 100 100 100 100 100 100 100 100 100 99 99 99 99 99 100 101 101 101 101 101 101 101 101 100 100 100 100 100 100 101 101 100 100 99 99 100 100 100 100 100 100 99 99 98 97 97 98 98 98 99 97 97 98 100 101 101 100 100 102 102 102 103 106 105 106 108 108 109 109 108 107 108
104 104 103 103 104 104 104 103 103 103 103 104 103 103 103 102 101 101 101 101 101 101 102 100 101 100 102 103 102 101 101 101 101 101 101 101 100 100 101 101 102 102 102 102 102 103 101 100 100 100 100 100 99 99 99 99 98 99 99 97 98 97 97 97 98 99 100 100 100 100 102 102 103 103 105 105 106 106 108 109 109 109 107 108
105 104 105 104 105 106 104 105 104 105 106 105 106 105 104 103 103 103 103 103 103 103 103 103 103 103 103 103 103 103 101 102 102 101 102 101 101 102 102 102 102 103 103 103 102 102 104 104 102 101 100 100 100 99 99 99 98 98 99 99 98 97 97 97 98 97 98 99 99 102 102 103 104 105 105 105 106 106 109 111 112 110 110 110
105 106 106 106 105 106 106 106 106 107 106 106 107 106 105 105 104 103 103 104 103 103 103 103 103 103 103 103 104 103 102 104 103 102 102 102 102 102 102 101 102 102 103 103 104 104 104 104 104 103 102 100 100 99 99 99 99 98 98 99 99 97 97 98 98 99 99 99 99 100 100 101 103 105 105 106 106 108 109 111 112 112 112 110
107 107 107 107 107 107 108 108 108 108 109 108 107 106 105 105 105 105 105 103 103 103 103 103 103 103 103 103 105 103 103 103 103 104 104 103 103 103 103 103 103 103 103 103 103 104 103 102 103 104 103 101 100 99 99 99 99 98 98 98 99 98 98 98 98 98 100 100 99 100 100 100 101 101 105 108 108 108 109 110 112 112 112 110
109 110 110 109 109 109 110 109 109 109 109 109 109 108 107 106 107 105 105 105 105 105 104 104 106 105 105 105 106 106 104 103 104 104 104 104 103 103 104 103 103 103 103 104 104 104 104 102 102 102 102 104 104 103 103 100 99 99 98 98 99 99 99 98 99 99 100 99 101 100 100 100 101 101 102 106 106 106 108 109 109 109 109 109
110 110 110 111 114 114 113 113 110 110 109 109 109 109 109 108 108 107 106 106 107 108 108 107 106 106 106 106 106 106 104 104 104 104 104 104 104 103 103 103 103 103 103 104 104 104 104 103 102 101 101 100 100 100 100 99 99 98 98 98 98 98 98 98 99 99 99 100 100 100 100 100 101 101 101 102 102 105 105 106 107 109 109 110
110 111 113 113 114 114 115 114 114 113 111 111 109 109 109 108 108 109 109 108 108 108 109 110 108 106 106 106 106 106 104 104 105 104 104 104 104 105 105 105 105 105 105 105 104 104 104 102 102 102 102 102 100 100 100 100 99 98 97 97 98 98 98 99 100 100 100 100 100 99 99 99 100 100 100 104 106 107 106 106 106 109 109 109
115 115 116 114 114 116 116 117 115 114 114 113 113 112 112 110 110 110 109 109 109 108 110 109 109 108 107 106 106 106 105 106 106 106 105 107 107 106 105 105 105 105 105 105 104 104 104 103 102 102 102 102 102 103 103 100 101 99 99 97 97 98 98 99 99 98 100 99 100 101 102 101 102 101 101 105 104 104 104 106 109 108 108 108
118 119 118 118 119 117 116 117 117 115 115 114 113 113 113 112 112 110 109 109 109 109 110 110 109 109 108 107 109 107 106 106 107 108 108 107 107 106 105 107 105 105 105 104 103 103 104 103 103 103 103 102 103 104 101 100 98 97 98 98 98 99 99 98 98 98 99 99 99 100 102 103 100 100 100 100 100 101 101 103 105 106 106 107
120 121 121 121 121 120 120 118 117 116 116 115 115 115 114 114 113 113 113 110 109 109 109 109 110 109 109 109 109 109 107 106 108 108 108 111 107 107 108 105 105 105 105 104 104 104 104 104 103 104 103 102 103 104 101 100 99 98 98 98 99 98 98 99 99 99 99 99 100 100 100 101 100 100 100 100 99 99 102 104 109 108 106 106
120 122 123 121 122 122 122 121 120 119 117 116 116 116 115 114 114 113 113 112 113 112 111 109 109 109 109 109 109 109 108 107 107 107 108 108 107 106 105 107 106 105 104 104 105 105 105 105 105 102 103 102 101 102 101 101 99 99 98 98 99 99 99 99 99 99 100 100 100 100 100 100 100 100 100 98 97 98 102 104 108 108 110 106
122 122 122 123 126 126 122 122 122 120 120 118 117 116 116 116 115 115 115 114 112 113 113 112 113 112 109 109 109 109 109 108 108 108 109 108 108 108 108 108 106 105 105 105 105 105 105 105 103 102 102 102 102 101 101 101 101 99 98 99 100 99 101 99 100 100 99 99 100 101 101 100 99 99 98 98 98 98 100 104 104 106 110 111
125 125 125 124 126 126 124 123 122 121 120 119 119 119 117 116 117 115 115 114 113 113 113 113 114 113 112 113 113 109 110 109 109 109 108 108 108 108 108 108 108 106 105 105 105 104 104 105 104 103 102 102 102 101 100 100 100 99 99 98 99 99 101 100 99 99 99 100 101 102 102 101 100 99 99 99 100 101 102 104 106 109 110 111
126 128 128 127 127 127 124 126 126 124 123 122 121 119 118 118 117 116 116 115 113 113 113 113 113 113 113 113 113 113 110 110 109 110 109 110 110 108 108 108 107 105 105 105 105 104 104 103 103 102 102 102 101 100 100 100 99 99 99 98 98 99 99 100 100 99 99 100 100 102 101 100 100 100 99 100 100 102 104 106 106 109 109 109
129 130 130 129 129 129 127 127 127 126 125 125 123 121 121 119 117 117 118 118 116 114 113 113 113 113 113 113 113 112 111 110 110 111 111 111 110 108 108 108 108 105 105 105 105 105 104 102 102 103 103 101 101 99 100 99 99 99 100 100 100 99 99 99 99 100 100 102 102 101 100 100 101 100 100 101 102 102 106 108 109 109 109 109
132 132 132 132 132 132 131 130 130 130 129 126 125 125 125 122 121 117 118 118 116 116 115 113 114 113 114 114 113 113 114 114 114 113 113 110 110 109 108 108 108 107 106 105 106 105 104 103 103 103 102 101 99 99 99 99 99 99 100 100 99 99 100 102 102 101 100 100 101 101 100 102 103 103 102 102 102 106 107 109 109 109 109 109
