data/fut_env/bio2_avg_2040-2060.asc
NCOLS 664 
NROWS 380 
XLLCORNER 3.91666666666664 
YLLCORNER 55.3333333333333 
CELLSIZE 0.0416666666666667 
NODATA_value -3.4e+38 
[rows 115 to 137 of 380, columns 208 to 259 of 664]
3.09999990463257 3 3 3 2.90000009536743 -3.4e+38 3.40000009536743 3.40000009536743 -3.4e+38 3.79999995231628 3.70000004768372 3.59999990463257 3.59999990463257 3.79999995231628 3.70000004768372 3.70000004768372 3.70000004768372 3.90000009536743 4 4.09999990463257 4.19999980926514 4.09999990463257 4.09999990463257 4.09999990463257 4.19999980926514 4.30000019073486 4.30000019073486 4.19999980926514 4.19999980926514 4.40000009536743 4.5 4.5 4.69999980926514 4.90000009536743 5 4.90000009536743 5 5.09999990463257 5.19999980926514 5.30000019073486 5.5 5.69999980926514 5.69999980926514 5.69999980926514 5.69999980926514 5.69999980926514 5.80000019073486 5.90000009536743 6 6 6.09999990463257 6.09999990463257
3 3 -3.4e+38 -3.4e+38 3.5 3.5 -3.4e+38 -3.4e+38 -3.4e+38 -3.4e+38 4 4 4 3.90000009536743 3.79999995231628 4 4.19999980926514 4.19999980926514 4 4 4.09999990463257 4.19999980926514 4.40000009536743 4.40000009536743 4.30000019073486 4.5 4.5 4.59999990463257 4.69999980926514 4.69999980926514 4.59999990463257 4.69999980926514 5 5 5 5 5.19999980926514 5.40000009536743 5.40000009536743 5.5 5.59999990463257 5.69999980926514 5.69999980926514 5.69999980926514 5.69999980926514 5.69999980926514 5.80000019073486 5.90000009536743 6 6.09999990463257 6.09999990463257 6.19999980926514
-3.4e+38 -3.4e+38 -3.4e+38 3.5 3.5 3.59999990463257 3.59999990463257 3.79999995231628 -3.4e+38 3.70000004768372 3.70000004768372 3.70000004768372 3.90000009536743 4 4.09999990463257 3.90000009536743 3.70000004768372 3.79999995231628 3.90000009536743 3.90000009536743 3.90000009536743 4.09999990463257 4.30000019073486 4.5 4.5 4.5 4.59999990463257 4.69999980926514 4.80000019073486 4.80000019073486 4.80000019073486 4.90000009536743 -3.4e+38 4.90000009536743 4.90000009536743 4.90000009536743 5.09999990463257 5.19999980926514 5.30000019073486 5.40000009536743 5.40000009536743 5.40000009536743 5.5 5.69999980926514 5.80000019073486 5.80000019073486 5.90000009536743 5.80000019073486 5.80000019073486 5.80000019073486 6 6.19999980926514
3.70000004768372 -3.4e+38 -3.4e+38 3.70000004768372 3.79999995231628 3.90000009536743 4 3.90000009536743 3.70000004768372 3.70000004768372 3.90000009536743 4 3.90000009536743 3.90000009536743 3.90000009536743 4 4.09999990463257 4.09999990463257 4.30000019073486 4.30000019073486 4.30000019073486 4.19999980926514 4.30000019073486 4.5 4.5 4.59999990463257 4.5 4.5 4.59999990463257 4.69999980926514 4.69999980926514 4.69999980926514 4.80000019073486 4.80000019073486 4.80000019073486 5 5.19999980926514 5.30000019073486 5.40000009536743 5.5 5.40000009536743 5.40000009536743 5.5 5.5 5.5 5.59999990463257 5.90000009536743 6 5.90000009536743 5.80000019073486 5.80000019073486 5.80000019073486
4 3.90000009536743 3.70000004768372 3.90000009536743 3.90000009536743 -3.4e+38 3.79999995231628 3.70000004768372 3.90000009536743 4 4 4 3.90000009536743 4 4.09999990463257 4.09999990463257 4.09999990463257 4.19999980926514 4.30000019073486 4.30000019073486 4.5 4.5 4.5 4.40000009536743 4.59999990463257 4.69999980926514 4.69999980926514 4.59999990463257 4.90000009536743 4.69999980926514 4.69999980926514 4.69999980926514 4.80000019073486 4.90000009536743 5 5.09999990463257 5.09999990463257 5.30000019073486 5.30000019073486 5.30000019073486 5.30000019073486 5.40000009536743 5.40000009536743 5.5 5.5 5.59999990463257 5.80000019073486 5.90000009536743 6 6 5.69999980926514 5.59999990463257
4 3.90000009536743 3.90000009536743 4 4 3.90000009536743 3.79999995231628 3.70000004768372 3.59999990463257 3.79999995231628 4 4.09999990463257 4 4.09999990463257 4.19999980926514 4 4.09999990463257 4.09999990463257 4 4 4.09999990463257 4.30000019073486 4.40000009536743 4.59999990463257 4.5 4.5 4.5 4.69999980926514 4.90000009536743 5.09999990463257 5 5 5.09999990463257 5 5.19999980926514 5.09999990463257 5.09999990463257 5.09999990463257 5.19999980926514 5.40000009536743 5.5 5.5 5.5 5.5 5.59999990463257 5.80000019073486 5.90000009536743 6.09999990463257 6 6.09999990463257 6.09999990463257 6
4.19999980926514 4 -3.4e+38 3.90000009536743 3.70000004768372 3.79999995231628 3.79999995231628 3.90000009536743 3.79999995231628 3.90000009536743 4.09999990463257 4.30000019073486 4.40000009536743 4.19999980926514 4.09999990463257 4.09999990463257 3.90000009536743 3.79999995231628 3.90000009536743 4.09999990463257 4.40000009536743 4.59999990463257 4.59999990463257 4.59999990463257 4.5 4.59999990463257 4.59999990463257 4.69999980926514 5 5.19999980926514 5 5 5 4.80000019073486 5 5.09999990463257 5.19999980926514 5.30000019073486 5.5 5.5 5.30000019073486 5.40000009536743 5.19999980926514 5.09999990463257 5.30000019073486 5.59999990463257 5.90000009536743 6 6 6.09999990463257 6.30000019073486 6.30000019073486
4.40000009536743 -3.4e+38 4 4.09999990463257 4.19999980926514 4.30000019073486 4.30000019073486 4.40000009536743 4.5 4.5 4.5 4.40000009536743 4.30000019073486 4.19999980926514 4.09999990463257 3.90000009536743 4 4.19999980926514 4.5 4.59999990463257 4.59999990463257 4.5 4.59999990463257 4.80000019073486 4.69999980926514 4.69999980926514 4.69999980926514 4.80000019073486 5.09999990463257 5.30000019073486 5.09999990463257 5 5.09999990463257 5.09999990463257 5.19999980926514 5 4.80000019073486 4.90000009536743 5.19999980926514 5.5 5.40000009536743 5.5 5.5 5.69999980926514 5.80000019073486 5.80000019073486 5.90000009536743 5.80000019073486 5.69999980926514 6 6.19999980926514 6.19999980926514
4.40000009536743 4.40000009536743 4.19999980926514 3.29999995231628 3.59999990463257 4 4.30000019073486 4.5 4.5 4.30000019073486 4.30000019073486 4.09999990463257 4 4 4 4.19999980926514 4.59999990463257 4.59999990463257 4.5 4.40000009536743 4.69999980926514 4.69999980926514 4.59999990463257 4.69999980926514 4.90000009536743 4.90000009536743 4.80000019073486 4.80000019073486 5 5.19999980926514 5.30000019073486 5.09999990463257 5 5 5 5.09999990463257 5.09999990463257 5 5 4.80000019073486 4.5 4.59999990463257 4.80000019073486 5.5 5.90000009536743 5.69999980926514 5.59999990463257 5.80000019073486 5.90000009536743 6.09999990463257 6.19999980926514 6
4.19999980926514 3.70000004768372 3.79999995231628 3.90000009536743 4.19999980926514 4.40000009536743 4.5 4.40000009536743 4.09999990463257 4.09999990463257 4.09999990463257 4 4.09999990463257 4.30000019073486 4.59999990463257 4.69999980926514 4.59999990463257 4.5 4.59999990463257 4.80000019073486 4.80000019073486 4.5 4.19999980926514 4.30000019073486 4.80000019073486 4.80000019073486 4.80000019073486 4.90000009536743 5.09999990463257 5.19999980926514 5.09999990463257 5.09999990463257 5.09999990463257 5.09999990463257 5.09999990463257 4.80000019073486 4.59999990463257 4.5 4.5 4.5 4.5 4.90000009536743 4.69999980926514 5.30000019073486 6 6 5.80000019073486 5.80000019073486 5.90000009536743 6.09999990463257 6 6.09999990463257
3.90000009536743 4.19999980926514 4.5 4.59999990463257 4.30000019073486 4.19999980926514 4.40000009536743 4.40000009536743 4.59999990463257 4.40000009536743 4.40000009536743 4.40000009536743 4.5 4.59999990463257 4.59999990463257 4.59999990463257 4.5 4.5 4.59999990463257 4.80000019073486 4.80000019073486 4.59999990463257 4.40000009536743 4.30000019073486 4.5 4.59999990463257 4.69999980926514 5 5.19999980926514 5.09999990463257 5.19999980926514 5.30000019073486 5.30000019073486 5.30000019073486 5.40000009536743 5.30000019073486 5 4.90000009536743 4.69999980926514 5.09999990463257 5.30000019073486 5.30000019073486 5.59999990463257 5.69999980926514 6 6 6 6.09999990463257 6.09999990463257 6 5.80000019073486 6.19999980926514
-3.4e+38 4.30000019073486 4.40000009536743 4.69999980926514 4.59999990463257 4.5 4.30000019073486 4.59999990463257 4.40000009536743 4.19999980926514 4.19999980926514 4.5 4.5 4.69999980926514 4.69999980926514 4.69999980926514 4.69999980926514 4.69999980926514 4.80000019073486 4.90000009536743 5 5 4.59999990463257 4.59999990463257 4.69999980926514 4.59999990463257 4.80000019073486 5.09999990463257 5.19999980926514 5.19999980926514 5.30000019073486 5.30000019073486 5.19999980926514 5.19999980926514 5.19999980926514 5.40000009536743 5.40000009536743 5.5 5.59999990463257 5.59999990463257 5.59999990463257 5.80000019073486 5.69999980926514 5.90000009536743 6.09999990463257 6.09999990463257 6.19999980926514 6.19999980926514 6.30000019073486 6.19999980926514 6.30000019073486 6.59999990463257
4.59999990463257 4.40000009536743 4.69999980926514 4.80000019073486 4.40000009536743 4.30000019073486 4.30000019073486 4.5 4.40000009536743 4.19999980926514 4.19999980926514 4.40000009536743 4.30000019073486 4.5 4.90000009536743 4.90000009536743 4.90000009536743 4.80000019073486 4.80000019073486 4.90000009536743 5 5.19999980926514 5 5 4.80000019073486 4.69999980926514 4.80000019073486 5 5.09999990463257 5.19999980926514 5.09999990463257 5.19999980926514 5.30000019073486 5.30000019073486 5.19999980926514 5.30000019073486 5.40000009536743 5.5 5.59999990463257 5.59999990463257 5.69999980926514 5.59999990463257 5.40000009536743 5.59999990463257 6 6 6 6 6.30000019073486 6.59999990463257 6.59999990463257 6.69999980926514
4.5 4.5 4.80000019073486 4.5 4.19999980926514 4.19999980926514 4.30000019073486 4.5 4.59999990463257 4.30000019073486 4.19999980926514 4.19999980926514 4.5 4.5 4.90000009536743 5 4.90000009536743 4.80000019073486 4.90000009536743 4.80000019073486 4.80000019073486 5 5.19999980926514 5.09999990463257 4.90000009536743 4.90000009536743 5 4.90000009536743 4.90000009536743 5.09999990463257 5.19999980926514 5.19999980926514 5.19999980926514 5.19999980926514 5.30000019073486 5.40000009536743 5.40000009536743 5.5 5.69999980926514 5.80000019073486 5.80000019073486 5.90000009536743 6 6.09999990463257 6.19999980926514 6.19999980926514 6.19999980926514 6.30000019073486 6.5 6.59999990463257 6.69999980926514 6.69999980926514
4.30000019073486 4.09999990463257 4.59999990463257 4.30000019073486 3.90000009536743 4 4.19999980926514 4.40000009536743 4.5 4.69999980926514 4.5 4.30000019073486 4.30000019073486 4.80000019073486 5 5 5 4.80000019073486 4.80000019073486 4.69999980926514 4.69999980926514 5 5 5 4.80000019073486 4.30000019073486 4.59999990463257 4.5 4.5 4.59999990463257 4.80000019073486 5.19999980926514 5.30000019073486 5.19999980926514 5.09999990463257 5.19999980926514 5.30000019073486 5.5 5.5 5.59999990463257 5.5 5.59999990463257 5.80000019073486 6.09999990463257 6.19999980926514 6.30000019073486 6.40000009536743 6.40000009536743 6.5 6.5 6.59999990463257 6.80000019073486
4.59999990463257 4.5 4.40000009536743 4.19999980926514 4 4.19999980926514 4.40000009536743 4.30000019073486 4.40000009536743 4.59999990463257 4.5 4.30000019073486 4.30000019073486 4.59999990463257 5 5.09999990463257 5.09999990463257 4.90000009536743 4.59999990463257 4.59999990463257 4.80000019073486 5 4.90000009536743 5 4.80000019073486 4.90000009536743 5.09999990463257 5 4.80000019073486 5 5.09999990463257 5.30000019073486 5.5 5.40000009536743 5.30000019073486 5.30000019073486 5.5 5.59999990463257 5.30000019073486 5.30000019073486 5.19999980926514 5.5 5.69999980926514 6 6.19999980926514 6.19999980926514 6.40000009536743 6.59999990463257 6.69999980926514 6.80000019073486 6.90000009536743 7
4.80000019073486 4.80000019073486 4.5 4.30000019073486 4.5 4.5 4.40000009536743 4.30000019073486 4.40000009536743 4.30000019073486 4.40000009536743 4.5 4.69999980926514 4.90000009536743 4.90000009536743 5.09999990463257 5.19999980926514 5 4.59999990463257 4.90000009536743 5 4.90000009536743 5.09999990463257 5.09999990463257 5.09999990463257 5.09999990463257 5.09999990463257 5.19999980926514 5.40000009536743 5.40000009536743 5.40000009536743 5.5 5.40000009536743 5.40000009536743 5.5 5.59999990463257 5.59999990463257 5.80000019073486 5.90000009536743 5.90000009536743 5.90000009536743 5.80000019073486 5.90000009536743 6 6.09999990463257 6.30000019073486 6.40000009536743 6.59999990463257 6.69999980926514 6.59999990463257 6.59999990463257 6.69999980926514
4.80000019073486 4.69999980926514 4.69999980926514 4.80000019073486 4.69999980926514 4.69999980926514 4.5 4.40000009536743 4.40000009536743 4.19999980926514 4.40000009536743 4.80000019073486 4.90000009536743 5.09999990463257 4.69999980926514 4.90000009536743 5.30000019073486 5 4.90000009536743 5.09999990463257 5.09999990463257 5.09999990463257 5.09999990463257 5.09999990463257 5.09999990463257 5 5 5.19999980926514 5.19999980926514 5.30000019073486 5.40000009536743 5.5 5.59999990463257 5.59999990463257 5.59999990463257 5.69999980926514 5.80000019073486 5.80000019073486 5.80000019073486 5.80000019073486 5.69999980926514 5.69999980926514 5.80000019073486 5.90000009536743 6 6.09999990463257 6.09999990463257 6.30000019073486 6.5 6.59999990463257 6.59999990463257 6.40000009536743
4.40000009536743 4.19999980926514 4.09999990463257 4.5 4.80000019073486 4.90000009536743 4.90000009536743 4.80000019073486 4.69999980926514 4.30000019073486 4.40000009536743 4.90000009536743 4.80000019073486 5.09999990463257 4.80000019073486 4.69999980926514 5.09999990463257 5.30000019073486 5.30000019073486 5.40000009536743 5 5 5 5 5.19999980926514 5.19999980926514 5.19999980926514 5.30000019073486 5.40000009536743 5.5 5.5 5.69999980926514 5.80000019073486 5.90000009536743 5.90000009536743 5.90000009536743 5.90000009536743 5.80000019073486 5.80000019073486 5.90000009536743 5.90000009536743 6 6.09999990463257 6.09999990463257 6.09999990463257 6 6.09999990463257 6.09999990463257 6.30000019073486 6.40000009536743 6.59999990463257 6.80000019073486
4.30000019073486 4.09999990463257 4.09999990463257 4.69999980926514 4.80000019073486 4.59999990463257 4.30000019073486 4.19999980926514 4.40000009536743 4.5 4.19999980926514 4.40000009536743 4.59999990463257 5.09999990463257 4.90000009536743 4.5 4.59999990463257 5 5.30000019073486 5.5 5.30000019073486 5.19999980926514 5.09999990463257 5.19999980926514 5.40000009536743 5.40000009536743 5.40000009536743 5.5 5.59999990463257 5.59999990463257 5.69999980926514 5.69999980926514 5.59999990463257 5.90000009536743 5.90000009536743 5.80000019073486 5.90000009536743 6 6 6.09999990463257 6.19999980926514 6.30000019073486 6.19999980926514 6.19999980926514 6.19999980926514 6.09999990463257 6.30000019073486 6.5 6.69999980926514 6.90000009536743 6.90000009536743 6.90000009536743
4.5 4.30000019073486 4.09999990463257 4.5 4.80000019073486 4.5 4.30000019073486 4.40000009536743 4.5 4.40000009536743 4.19999980926514 4.69999980926514 4.80000019073486 4.80000019073486 5 5 4.80000019073486 5 5.40000009536743 5.5 5.40000009536743 5.40000009536743 5.5 5.59999990463257 5.59999990463257 5.59999990463257 5.59999990463257 5.69999980926514 5.69999980926514 5.40000009536743 5.40000009536743 5.19999980926514 5.40000009536743 5.90000009536743 6 6 6 6.09999990463257 6.09999990463257 6.30000019073486 6.19999980926514 6.09999990463257 6 6.09999990463257 6.09999990463257 6.19999980926514 6.30000019073486 6.5 6.59999990463257 6.80000019073486 6.90000009536743 7
4.69999980926514 4.59999990463257 4.5 4.69999980926514 4.80000019073486 4.5 4.59999990463257 4.90000009536743 4.80000019073486 4.5 4.30000019073486 4.40000009536743 4.59999990463257 4.30000019073486 4.5 4.90000009536743 5.09999990463257 5.19999980926514 5.30000019073486 5.59999990463257 5.30000019073486 5.19999980926514 5.19999980926514 5.30000019073486 5.40000009536743 5.59999990463257 5.69999980926514 5.69999980926514 5.40000009536743 5.19999980926514 5 4.90000009536743 5.09999990463257 5.80000019073486 5.90000009536743 5.80000019073486 5.80000019073486 5.90000009536743 5.90000009536743 5.90000009536743 6.19999980926514 6.40000009536743 6.30000019073486 6.19999980926514 6.09999990463257 6.19999980926514 6.19999980926514 6.19999980926514 6.30000019073486 6.19999980926514 6.5 6.59999990463257
4.80000019073486 4.69999980926514 4.30000019073486 4.5 4.90000009536743 4.90000009536743 5 4.80000019073486 4.69999980926514 4.59999990463257 4.5 4.5 4.30000019073486 4.19999980926514 4.19999980926514 4.5 4.40000009536743 4.90000009536743 5.30000019073486 5.59999990463257 5.40000009536743 5.09999990463257 4.90000009536743 5.19999980926514 5.40000009536743 5.5 5.59999990463257 5.30000019073486 5.09999990463257 5 5.09999990463257 5.30000019073486 5.69999980926514 5.90000009536743 5.80000019073486 5.80000019073486 5.90000009536743 6 6 5.80000019073486 5.69999980926514 5.69999980926514 6 6.09999990463257 6.30000019073486 6.30000019073486 6.40000009536743 6.59999990463257 6.69999980926514 6.80000019073486 7 7
