data/fut_env/bio2_avg_2040-2060.asc
NCOLS 664 
NROWS 380 
XLLCORNER 3.91666666666664 
YLLCORNER 55.3333333333333 
CELLSIZE 0.0416666666666667 
NODATA_value -3.4e+38 
[rows 69 to 91 of 380, columns 364 to 415 of 664]
7.19999980926514 7.40000009536743 7.5 7.30000019073486 7.09999990463257 7.09999990463257 7 6.90000009536743 6.80000019073486 6.69999980926514 6.59999990463257 6.40000009536743 6.30000019073486 6.19999980926514 6 6.30000019073486 6.30000019073486 6.5 6.80000019073486 6.80000019073486 7 7.09999990463257 7.19999980926514 7.30000019073486 7.40000009536743 7.40000009536743 7.5 7.5 7.59999990463257 7.59999990463257 7.59999990463257 7.59999990463257 7.69999980926514 7.69999980926514 7.69999980926514 7.80000019073486 7.80000019073486 7.80000019073486 7.90000009536743 7.90000009536743 7.90000009536743 8 8.10000038146973 8.10000038146973 8.19999980926514 8.19999980926514 8.30000019073486 8.39999961853027 8.5 8.5 8.60000038146973 8.60000038146973
7.5 7.5 7.5 7.30000019073486 7.30000019073486 7.40000009536743 7.40000009536743 7.30000019073486 7.30000019073486 7.30000019073486 7.19999980926514 6.90000009536743 6.69999980926514 6.69999980926514 6.19999980926514 6.19999980926514 6.30000019073486 6.5 6.69999980926514 6.80000019073486 6.90000009536743 7 7.19999980926514 7.30000019073486 7.40000009536743 7.40000009536743 7.5 7.5 7.5 7.59999990463257 7.59999990463257 7.59999990463257 7.69999980926514 7.69999980926514 7.69999980926514 7.69999980926514 7.80000019073486 7.80000019073486 7.90000009536743 7.90000009536743 8 8 8.10000038146973 8.10000038146973 8.10000038146973 8.19999980926514 8.30000019073486 8.39999961853027 8.5 8.60000038146973 8.60000038146973 8.69999980926514
7.30000019073486 7.30000019073486 7.19999980926514 7.30000019073486 7.30000019073486 7.40000009536743 7.5 7.5 7.5 7.59999990463257 7.59999990463257 7.40000009536743 7.40000009536743 7.30000019073486 7.19999980926514 7.40000009536743 7.19999980926514 7.30000019073486 7.40000009536743 7.59999990463257 7.40000009536743 7.30000019073486 7.40000009536743 7.40000009536743 7.5 7.5 7.5 7.40000009536743 7.5 7.5 7.59999990463257 7.59999990463257 7.69999980926514 7.69999980926514 7.80000019073486 7.69999980926514 7.80000019073486 7.90000009536743 7.90000009536743 8 8 8.10000038146973 8.19999980926514 8.19999980926514 8.19999980926514 8.30000019073486 8.30000019073486 8.39999961853027 8.5 8.5 8.60000038146973 8.60000038146973
7.59999990463257 7.59999990463257 7.69999980926514 7.59999990463257 7.19999980926514 7.30000019073486 7.30000019073486 7.5 7.59999990463257 7.59999990463257 7.59999990463257 7.59999990463257 7.5 7.40000009536743 7.40000009536743 7.5 7.5 7.69999980926514 7.80000019073486 7.80000019073486 7.80000019073486 7.80000019073486 7.69999980926514 7.5 7.5 7.59999990463257 7.59999990463257 7.59999990463257 7.5 7.5 7.5 7.59999990463257 7.59999990463257 7.69999980926514 7.69999980926514 7.69999980926514 7.69999980926514 7.90000009536743 7.90000009536743 7.90000009536743 8 8.10000038146973 8.19999980926514 8.19999980926514 8.30000019073486 8.30000019073486 8.39999961853027 8.39999961853027 8.5 8.5 8.60000038146973 8.69999980926514
7.69999980926514 7.69999980926514 7.59999990463257 7.69999980926514 7.80000019073486 8 7.90000009536743 7.69999980926514 7.69999980926514 7.80000019073486 7.69999980926514 7.80000019073486 7.80000019073486 7.80000019073486 7.80000019073486 7.80000019073486 7.90000009536743 8 8.10000038146973 8.10000038146973 8 8 7.90000009536743 7.80000019073486 7.59999990463257 7.5 7.59999990463257 7.59999990463257 7.59999990463257 7.5 7.5 7.5 7.5 7.59999990463257 7.59999990463257 7.69999980926514 7.69999980926514 7.80000019073486 7.80000019073486 7.80000019073486 7.80000019073486 8 8.10000038146973 8.19999980926514 8.19999980926514 8.30000019073486 8.39999961853027 8.5 8.60000038146973 8.60000038146973 8.60000038146973 8.69999980926514
7.59999990463257 8.10000038146973 8.10000038146973 8 7.90000009536743 8 8 8.10000038146973 8.10000038146973 8 8 8 8 7.90000009536743 8 8.10000038146973 8.19999980926514 8.39999961853027 8.39999961853027 8.30000019073486 8.19999980926514 8.10000038146973 8 8 7.80000019073486 7.59999990463257 7.5 7.5 7.5 7.40000009536743 7.40000009536743 7.5 7.40000009536743 7.5 7.5 7.59999990463257 7.69999980926514 7.69999980926514 7.80000019073486 7.80000019073486 8 8.10000038146973 8.19999980926514 8.19999980926514 8.30000019073486 8.39999961853027 8.39999961853027 8.5 8.60000038146973 8.60000038146973 8.60000038146973 8.60000038146973
8 8.19999980926514 8.30000019073486 8.19999980926514 8.10000038146973 8.10000038146973 8 8 8 8 8 8 8 8.10000038146973 8.19999980926514 8.19999980926514 8.39999961853027 8.5 8.39999961853027 8.30000019073486 8.19999980926514 8.10000038146973 8.10000038146973 8 7.90000009536743 7.80000019073486 7.59999990463257 7.5 7.40000009536743 7.40000009536743 7.40000009536743 7.40000009536743 7.40000009536743 7.40000009536743 7.5 7.59999990463257 7.59999990463257 7.69999980926514 7.80000019073486 7.90000009536743 8 8.10000038146973 8.19999980926514 8.19999980926514 8.19999980926514 8.19999980926514 8.39999961853027 8.60000038146973 8.60000038146973 8.60000038146973 8.69999980926514 8.69999980926514
7.80000019073486 8 8.30000019073486 8.30000019073486 8.19999980926514 8.19999980926514 8.19999980926514 8.19999980926514 8.19999980926514 8.30000019073486 8.19999980926514 8.19999980926514 8.19999980926514 8.19999980926514 8.30000019073486 8.30000019073486 8.39999961853027 8.5 8.5 8.5 8.30000019073486 8.19999980926514 8.10000038146973 8 8 7.90000009536743 7.80000019073486 7.59999990463257 7.59999990463257 7.5 7.40000009536743 7.40000009536743 7.40000009536743 7.5 7.59999990463257 7.59999990463257 7.59999990463257 7.69999980926514 7.80000019073486 8 8 8.10000038146973 8.19999980926514 8.19999980926514 8.19999980926514 8.30000019073486 8.39999961853027 8.5 8.69999980926514 8.69999980926514 8.69999980926514 8.89999961853027
7.90000009536743 8 8.10000038146973 8.30000019073486 8.19999980926514 8.10000038146973 8.10000038146973 8.10000038146973 8.19999980926514 8.19999980926514 8.30000019073486 8.19999980926514 8.19999980926514 8.30000019073486 8.30000019073486 8.39999961853027 8.5 8.5 8.5 8.5 8.5 8.30000019073486 8.19999980926514 8.10000038146973 8 7.90000009536743 7.80000019073486 7.69999980926514 7.59999990463257 7.5 7.40000009536743 7.40000009536743 7.40000009536743 7.5 7.5 7.59999990463257 7.59999990463257 7.69999980926514 7.80000019073486 7.90000009536743 8.10000038146973 8.10000038146973 8.19999980926514 8.19999980926514 8.19999980926514 8.30000019073486 8.39999961853027 8.60000038146973 8.69999980926514 8.69999980926514 8.80000019073486 8.80000019073486
8.5 8.69999980926514 8.89999961853027 8.80000019073486 8.80000019073486 8.69999980926514 8.5 8.39999961853027 8.39999961853027 8.39999961853027 8.39999961853027 8.39999961853027 8.39999961853027 8.5 8.5 8.5 8.60000038146973 8.60000038146973 8.5 8.5 8.39999961853027 8.30000019073486 8.30000019073486 8.10000038146973 8.10000038146973 7.90000009536743 7.80000019073486 7.69999980926514 7.59999990463257 7.5 7.40000009536743 7.40000009536743 7.40000009536743 7.40000009536743 7.40000009536743 7.5 7.59999990463257 7.69999980926514 7.69999980926514 7.80000019073486 7.90000009536743 7.90000009536743 8.10000038146973 8.30000019073486 8.30000019073486 8.39999961853027 8.5 8.5 8.69999980926514 8.80000019073486 8.80000019073486 8.89999961853027
9.39999961853027 9.30000019073486 9.19999980926514 9.10000038146973 9 8.89999961853027 8.89999961853027 8.80000019073486 8.69999980926514 8.69999980926514 8.60000038146973 8.69999980926514 8.60000038146973 8.60000038146973 8.60000038146973 8.60000038146973 8.5 8.5 8.39999961853027 8.39999961853027 8.39999961853027 8.30000019073486 8.19999980926514 8.10000038146973 8 7.90000009536743 7.80000019073486 7.69999980926514 7.69999980926514 7.59999990463257 7.5 7.40000009536743 7.40000009536743 7.40000009536743 7.5 7.5 7.59999990463257 7.59999990463257 7.69999980926514 7.59999990463257 7.69999980926514 7.80000019073486 8 8.19999980926514 8.30000019073486 8.39999961853027 8.30000019073486 8.30000019073486 8.60000038146973 8.69999980926514 8.89999961853027 9
8.69999980926514 8.80000019073486 8.80000019073486 8.80000019073486 8.80000019073486 8.69999980926514 8.89999961853027 8.89999961853027 8.80000019073486 8.69999980926514 8.69999980926514 8.60000038146973 8.60000038146973 8.60000038146973 8.60000038146973 8.5 8.39999961853027 8.5 8.5 8.5 8.39999961853027 8.30000019073486 8.30000019073486 8.10000038146973 8 7.90000009536743 7.80000019073486 7.80000019073486 7.69999980926514 7.59999990463257 7.5 7.5 7.40000009536743 7.40000009536743 7.5 7.5 7.59999990463257 7.59999990463257 7.69999980926514 7.69999980926514 7.69999980926514 7.80000019073486 8.10000038146973 8.30000019073486 8.30000019073486 8.39999961853027 8.39999961853027 8.39999961853027 8.5 8.69999980926514 8.89999961853027 9
8.60000038146973 8.60000038146973 8.60000038146973 8.80000019073486 8.69999980926514 8.69999980926514 8.89999961853027 8.80000019073486 8.80000019073486 8.69999980926514 8.60000038146973 8.5 8.39999961853027 8.5 8.5 8.5 8.5 8.5 8.39999961853027 8.30000019073486 8.30000019073486 8.19999980926514 8.19999980926514 8.19999980926514 8.10000038146973 7.90000009536743 7.90000009536743 7.80000019073486 7.69999980926514 7.59999990463257 7.5 7.5 7.5 7.40000009536743 7.5 7.59999990463257 7.59999990463257 7.69999980926514 7.69999980926514 7.80000019073486 7.90000009536743 8 8.19999980926514 8.30000019073486 8.39999961853027 8.39999961853027 8.39999961853027 8.5 8.69999980926514 8.80000019073486 8.89999961853027 9
8.69999980926514 8.80000019073486 8.89999961853027 8.89999961853027 9 9 8.89999961853027 8.80000019073486 8.69999980926514 8.69999980926514 8.60000038146973 8.60000038146973 8.60000038146973 8.5 8.30000019073486 8.30000019073486 8.5 8.60000038146973 8.5 8.39999961853027 8.39999961853027 8.30000019073486 8.19999980926514 8.19999980926514 8.10000038146973 8 7.90000009536743 7.80000019073486 7.69999980926514 7.59999990463257 7.5 7.5 7.5 7.5 7.59999990463257 7.59999990463257 7.59999990463257 7.69999980926514 7.80000019073486 7.90000009536743 7.90000009536743 8 8.19999980926514 8.30000019073486 8.39999961853027 8.39999961853027 8.5 8.60000038146973 8.80000019073486 8.89999961853027 9 9.10000038146973
8.5 8.69999980926514 8.89999961853027 8.89999961853027 9 9.10000038146973 9 9 9 8.89999961853027 8.89999961853027 8.80000019073486 8.80000019073486 8.80000019073486 8.69999980926514 8.60000038146973 8.5 8.60000038146973 8.60000038146973 8.60000038146973 8.5 8.39999961853027 8.30000019073486 8.19999980926514 8.10000038146973 8 7.90000009536743 7.80000019073486 7.69999980926514 7.69999980926514 7.59999990463257 7.59999990463257 7.59999990463257 7.59999990463257 7.59999990463257 7.59999990463257 7.59999990463257 7.69999980926514 7.80000019073486 7.80000019073486 7.90000009536743 8 8.19999980926514 8.30000019073486 8.30000019073486 8.39999961853027 8.5 8.60000038146973 8.69999980926514 8.80000019073486 8.89999961853027 9
8.69999980926514 8.80000019073486 8.80000019073486 8.80000019073486 8.89999961853027 9.10000038146973 9.10000038146973 9.10000038146973 9.10000038146973 9.10000038146973 9.10000038146973 9 9 8.89999961853027 8.80000019073486 8.69999980926514 8.69999980926514 8.69999980926514 8.69999980926514 8.69999980926514 8.60000038146973 8.5 8.30000019073486 8.19999980926514 8.10000038146973 8 8 7.90000009536743 7.80000019073486 7.80000019073486 7.69999980926514 7.59999990463257 7.59999990463257 7.59999990463257 7.59999990463257 7.69999980926514 7.69999980926514 7.69999980926514 7.80000019073486 7.80000019073486 7.90000009536743 8 8.19999980926514 8.30000019073486 8.30000019073486 8.30000019073486 8.39999961853027 8.5 8.60000038146973 8.60000038146973 8.69999980926514 8.80000019073486
8.80000019073486 8.69999980926514 8.69999980926514 8.69999980926514 8.80000019073486 8.80000019073486 8.89999961853027 9 9 9 9.10000038146973 9.10000038146973 9 9 8.89999961853027 8.69999980926514 8.69999980926514 8.69999980926514 8.80000019073486 8.69999980926514 8.60000038146973 8.5 8.39999961853027 8.30000019073486 8.19999980926514 8.10000038146973 8 7.90000009536743 7.90000009536743 7.80000019073486 7.80000019073486 7.69999980926514 7.69999980926514 7.59999990463257 7.59999990463257 7.69999980926514 7.69999980926514 7.69999980926514 7.69999980926514 7.80000019073486 7.90000009536743 8 8.10000038146973 8.19999980926514 8.19999980926514 8.30000019073486 8.30000019073486 8.39999961853027 8.5 8.5 8.5 8.5
8.89999961853027 9 8.89999961853027 8.89999961853027 8.89999961853027 8.89999961853027 9 9.10000038146973 9.10000038146973 9.10000038146973 9.10000038146973 9.10000038146973 9 9 8.89999961853027 8.89999961853027 8.80000019073486 8.80000019073486 8.69999980926514 8.69999980926514 8.60000038146973 8.39999961853027 8.39999961853027 8.30000019073486 8.19999980926514 8.10000038146973 8 7.90000009536743 7.90000009536743 7.80000019073486 7.80000019073486 7.69999980926514 7.69999980926514 7.69999980926514 7.69999980926514 7.69999980926514 7.69999980926514 7.69999980926514 7.80000019073486 7.80000019073486 8 8 8.10000038146973 8.10000038146973 8.19999980926514 8.30000019073486 8.30000019073486 8.39999961853027 8.5 8.5 8.60000038146973 8.60000038146973
9.19999980926514 9.19999980926514 9.19999980926514 9.10000038146973 9 9 9 9.10000038146973 9.10000038146973 9 9 8.89999961853027 8.80000019073486 8.89999961853027 8.89999961853027 8.89999961853027 8.80000019073486 8.80000019073486 8.69999980926514 8.69999980926514 8.60000038146973 8.5 8.39999961853027 8.30000019073486 8.19999980926514 8.10000038146973 8 8 8 7.90000009536743 7.80000019073486 7.80000019073486 7.80000019073486 7.69999980926514 7.69999980926514 7.69999980926514 7.69999980926514 7.69999980926514 7.80000019073486 7.80000019073486 7.90000009536743 8 8 8 8.19999980926514 8.30000019073486 8.30000019073486 8.39999961853027 8.5 8.5 8.60000038146973 8.69999980926514
9.19999980926514 9.10000038146973 9.19999980926514 9.10000038146973 9.19999980926514 9.19999980926514 9.10000038146973 9.10000038146973 9.10000038146973 9.10000038146973 9.10000038146973 9 8.80000019073486 9 8.89999961853027 8.80000019073486 8.80000019073486 8.69999980926514 8.69999980926514 8.60000038146973 8.60000038146973 8.5 8.39999961853027 8.30000019073486 8.30000019073486 8.19999980926514 8.10000038146973 8 8 7.90000009536743 7.90000009536743 7.80000019073486 7.80000019073486 7.80000019073486 7.69999980926514 7.80000019073486 7.80000019073486 7.80000019073486 7.90000009536743 7.90000009536743 7.90000009536743 8 8 8.10000038146973 8.10000038146973 8.30000019073486 8.30000019073486 8.39999961853027 8.39999961853027 8.39999961853027 8.60000038146973 8.69999980926514
9.10000038146973 9.19999980926514 9.19999980926514 9.19999980926514 9.30000019073486 9.19999980926514 9.10000038146973 9.10000038146973 9.19999980926514 9.19999980926514 9.19999980926514 9.19999980926514 9.10000038146973 9.10000038146973 9 8.89999961853027 8.89999961853027 8.69999980926514 8.69999980926514 8.60000038146973 8.5 8.5 8.5 8.39999961853027 8.30000019073486 8.19999980926514 8.19999980926514 8.10000038146973 8 8 7.90000009536743 7.80000019073486 7.80000019073486 7.80000019073486 7.69999980926514 7.69999980926514 7.69999980926514 7.80000019073486 7.80000019073486 7.80000019073486 7.90000009536743 8 8 8 8.10000038146973 8.10000038146973 8.19999980926514 8.30000019073486 8.30000019073486 8.39999961853027 8.5 8.60000038146973
9 9 9 9 9.19999980926514 9.10000038146973 9 9.10000038146973 9.19999980926514 9.19999980926514 9.10000038146973 9 9 9 9 8.89999961853027 8.89999961853027 8.80000019073486 8.80000019073486 8.69999980926514 8.60000038146973 8.5 8.39999961853027 8.30000019073486 8.30000019073486 8.19999980926514 8.19999980926514 8.10000038146973 8 8 7.90000009536743 7.80000019073486 7.80000019073486 7.80000019073486 7.80000019073486 7.69999980926514 7.69999980926514 7.80000019073486 7.80000019073486 7.80000019073486 7.90000009536743 7.90000009536743 7.90000009536743 7.90000009536743 8 8.10000038146973 8.19999980926514 8.19999980926514 8.30000019073486 8.39999961853027 8.5 8.5
9 9 8.80000019073486 8.80000019073486 8.89999961853027 9.10000038146973 9.19999980926514 9.30000019073486 9.30000019073486 9.19999980926514 9.19999980926514 9 8.80000019073486 8.80000019073486 9 8.89999961853027 8.89999961853027 8.89999961853027 8.80000019073486 8.80000019073486 8.69999980926514 8.60000038146973 8.5 8.39999961853027 8.30000019073486 8.30000019073486 8.19999980926514 8.10000038146973 8 7.90000009536743 7.90000009536743 7.80000019073486 7.80000019073486 7.80000019073486 7.80000019073486 7.69999980926514 7.69999980926514 7.80000019073486 7.80000019073486 7.80000019073486 7.80000019073486 7.80000019073486 7.80000019073486 7.80000019073486 7.90000009536743 8 8.10000038146973 8.19999980926514 8.19999980926514 8.30000019073486 8.30000019073486 8.39999961853027
