data/fut_env/bio3_avg_2040-2060.asc
NCOLS 664 
NROWS 380 
XLLCORNER 3.91666666666664 
YLLCORNER 55.3333333333333 
CELLSIZE 0.0416666666666667 
NODATA_value -3.4e+38 
[rows 92 to 114 of 380, columns 260 to 311 of 664]
22.7000007629395 22.3999996185303 22.3999996185303 22.2999992370605 22.2999992370605 22.7000007629395 22.7000007629395 22.6000003814697 22.7999992370605 23.2000007629395 22.8999996185303 22.5 22.2999992370605 22.3999996185303 22.3999996185303 22.7999992370605 23.1000003814697 23.1000003814697 23 22.7999992370605 23.1000003814697 23.2000007629395 23.1000003814697 22.6000003814697 22.3999996185303 22.3999996185303 22.7000007629395 22.8999996185303 22.5 22.3999996185303 22.2999992370605 22.5 22.6000003814697 22.7000007629395 22.7000007629395 22.6000003814697 22.3999996185303 22.3999996185303 22 22.1000003814697 22.3999996185303 22.7999992370605 22.8999996185303 23.1000003814697 23.3999996185303 23.6000003814697 23.3999996185303 23.2999992370605 23.2999992370605 23.5 23.3999996185303 23.1000003814697
23.6000003814697 23.2000007629395 23.2000007629395 -3.4e+38 -3.4e+38 -3.4e+38 -3.4e+38 23.7999992370605 23.7999992370605 23.7999992370605 23.3999996185303 23 22.7999992370605 23 23.3999996185303 23.5 23.3999996185303 23.2999992370605 23 22.7000007629395 22.7000007629395 22.6000003814697 22.6000003814697 23 23.2999992370605 23 22.8999996185303 22.7999992370605 22.5 22.3999996185303 22.2999992370605 22.6000003814697 22.8999996185303 23.1000003814697 23.1000003814697 22.8999996185303 22.6000003814697 22.1000003814697 21.8999996185303 22.2999992370605 22.5 22.6000003814697 22.8999996185303 23 23.2000007629395 23.6000003814697 23.5 23.2999992370605 22.7000007629395 22.7000007629395 23.1000003814697 23.5
23.2000007629395 23.1000003814697 22.7999992370605 23 23.6000003814697 24 23.3999996185303 22.8999996185303 23.2000007629395 23.6000003814697 23.7000007629395 23.7999992370605 23.7000007629395 24.1000003814697 24.3999996185303 24.1000003814697 23.5 23.2999992370605 23.3999996185303 23.3999996185303 23.2999992370605 23.3999996185303 23.6000003814697 23.5 22.8999996185303 22.7000007629395 22.7999992370605 23.1000003814697 23.2000007629395 23.2999992370605 23.5 23.2000007629395 23.2000007629395 23.5 23.2999992370605 23.2000007629395 22.7999992370605 22.3999996185303 22.7999992370605 22.7999992370605 22.6000003814697 22.5 23 23.3999996185303 23.1000003814697 22.7000007629395 22.7000007629395 22.7999992370605 23 22.7999992370605 22.2999992370605 22.2000007629395
22.7999992370605 22.3999996185303 22.2999992370605 23.1000003814697 23.2999992370605 23.1000003814697 22.6000003814697 22.3999996185303 22.6000003814697 23.1000003814697 23.2999992370605 23.1000003814697 23.1000003814697 23.2999992370605 23.7999992370605 24.5 24 24 23.7999992370605 23.3999996185303 23.2000007629395 23.1000003814697 23.2999992370605 23.7000007629395 23.5 23.5 23.2999992370605 23.1000003814697 22.8999996185303 23 23.2999992370605 23.3999996185303 23.5 23.3999996185303 23.3999996185303 22.8999996185303 22.5 22.7000007629395 22.7999992370605 22.6000003814697 22.3999996185303 22.3999996185303 22.5 22.5 22.5 22.3999996185303 22.1000003814697 22.6000003814697 22.7999992370605 22.7000007629395 22.3999996185303 22.2000007629395
22.6000003814697 22.1000003814697 22.2999992370605 22.7999992370605 23.2999992370605 23.2000007629395 22.6000003814697 22.2999992370605 22.2999992370605 22.5 22.7000007629395 22.5 22.6000003814697 22.7999992370605 23.5 24.2999992370605 25 24.2999992370605 23.6000003814697 23.1000003814697 22.8999996185303 22.7000007629395 22.6000003814697 22.8999996185303 23.2000007629395 23.2999992370605 23.1000003814697 23.2000007629395 23.3999996185303 23.7000007629395 23.8999996185303 23.7000007629395 23.6000003814697 23.5 23.1000003814697 22.7999992370605 22.6000003814697 22.6000003814697 22.7000007629395 22.6000003814697 22.2000007629395 22.2999992370605 22.5 22.5 22.6000003814697 22.7000007629395 22.6000003814697 22.7000007629395 22.7000007629395 22.7000007629395 22.7000007629395 22.6000003814697
21.7000007629395 21.7999992370605 21.7999992370605 22 22.3999996185303 23 22.8999996185303 22.6000003814697 22.3999996185303 22.2000007629395 22.2000007629395 22.3999996185303 22.6000003814697 23 23.5 23.8999996185303 23.8999996185303 23.7999992370605 23.2999992370605 23.2000007629395 22.8999996185303 22.8999996185303 22.7000007629395 22.6000003814697 22.3999996185303 22.5 22.6000003814697 22.7000007629395 22.8999996185303 23.1000003814697 23.3999996185303 23.6000003814697 23.5 23.2999992370605 22.7999992370605 23 23.1000003814697 23.2000007629395 23.2000007629395 23.2000007629395 23 22.8999996185303 22.8999996185303 22.7999992370605 22.8999996185303 23 22.7999992370605 22.5 22.2999992370605 22.3999996185303 22.2999992370605 22.3999996185303
21.3999996185303 21.5 21.7000007629395 21.7999992370605 22 22.6000003814697 22.7000007629395 22.5 22.3999996185303 22.2999992370605 22.2000007629395 22.2999992370605 22.7999992370605 23.3999996185303 23.6000003814697 23.2000007629395 22.8999996185303 22.7999992370605 23 22.8999996185303 22.7999992370605 22.7000007629395 22.5 22.2999992370605 22.2999992370605 22.5 22.6000003814697 22.7000007629395 23 23.1000003814697 23.2000007629395 23.2000007629395 23.2000007629395 22.8999996185303 22.6000003814697 22.6000003814697 22.8999996185303 22.7999992370605 23.1000003814697 23 23.1000003814697 23.2000007629395 23 22.7999992370605 22.8999996185303 22.8999996185303 22.7000007629395 22.3999996185303 22.3999996185303 22.7000007629395 22.5 22.5
22.1000003814697 22.1000003814697 21.7999992370605 21.7000007629395 21.7999992370605 22.1000003814697 22.2999992370605 22.5 22.6000003814697 22.6000003814697 22.5 22.5 22.8999996185303 23.7000007629395 23.7000007629395 23 23 22.8999996185303 22.7999992370605 22.5 22.3999996185303 22.3999996185303 22.2999992370605 22.3999996185303 22.7000007629395 22.8999996185303 22.8999996185303 23 23.2000007629395 23.2999992370605 23.3999996185303 23.3999996185303 23.2999992370605 22.8999996185303 22.7999992370605 23 23 23 23.2000007629395 23.5 23.5 23.3999996185303 23.2000007629395 23.2000007629395 23.3999996185303 23 22.5 22.5 22.2000007629395 22.3999996185303 22.7000007629395 22.8999996185303
22.8999996185303 22.7999992370605 22.6000003814697 22.2000007629395 21.8999996185303 21.8999996185303 21.8999996185303 22.2000007629395 22.3999996185303 22.5 22.5 22.6000003814697 23.3999996185303 23.7999992370605 23.8999996185303 23.7000007629395 23.5 23.3999996185303 23.2999992370605 22.7000007629395 22.3999996185303 22.3999996185303 22.5 22.5 22.7999992370605 23 23.2000007629395 23.6000003814697 23.7000007629395 23.7000007629395 23.5 23.2999992370605 23.3999996185303 23.3999996185303 22.7999992370605 22.7999992370605 22.8999996185303 23 23.2999992370605 23.2999992370605 23.2999992370605 23.2999992370605 23.3999996185303 23.5 23.3999996185303 23.1000003814697 22.7999992370605 22.8999996185303 22.7000007629395 22.5 22.7000007629395 23.2000007629395
22.7999992370605 22.7999992370605 22.3999996185303 22.3999996185303 22.2000007629395 22.1000003814697 22.1000003814697 22.2999992370605 22.3999996185303 22.7000007629395 22.7000007629395 23.2000007629395 23.5 24 23.7000007629395 23.5 23.5 23.3999996185303 23.2000007629395 22.7999992370605 22.6000003814697 22.5 22.3999996185303 22.2999992370605 22.7000007629395 23 23.5 23.7999992370605 24 24 23.7000007629395 23.5 23.5 23.6000003814697 23.6000003814697 23.6000003814697 23.5 23.5 23.3999996185303 23.5 23.2999992370605 23.2000007629395 23.3999996185303 23.6000003814697 23.6000003814697 23.7000007629395 23.7000007629395 23.6000003814697 23.6000003814697 23.3999996185303 22.8999996185303 22.7000007629395
22.7000007629395 22.5 22.2999992370605 22.2999992370605 22.1000003814697 22.1000003814697 22.3999996185303 22.2999992370605 22.2000007629395 22.3999996185303 22.6000003814697 22.8999996185303 23.6000003814697 24 23.7000007629395 23.2999992370605 23 22.8999996185303 22.6000003814697 22.3999996185303 22.2999992370605 22.5 22.8999996185303 22.5 22.6000003814697 23.2000007629395 22.7999992370605 22.5 22.6000003814697 22.7000007629395 23.2999992370605 23.2000007629395 22.8999996185303 22.8999996185303 23.2000007629395 23.5 23.7999992370605 23.8999996185303 23.7999992370605 23.6000003814697 23.5 23.5 23.6000003814697 23.6000003814697 23.6000003814697 23.6000003814697 23.6000003814697 23.6000003814697 23.6000003814697 23.6000003814697 23.7999992370605 23.7999992370605
22 21.8999996185303 22.1000003814697 22.2000007629395 22.2000007629395 22.2999992370605 22.2999992370605 22.2000007629395 21.6000003814697 21.7000007629395 21.8999996185303 22.6000003814697 23.3999996185303 23.8999996185303 23.8999996185303 23.3999996185303 22.7999992370605 22.8999996185303 22.5 22.2999992370605 22.7000007629395 23.1000003814697 23 22.7999992370605 22.8999996185303 23 22.7999992370605 22.6000003814697 22.5 22.7999992370605 22.7999992370605 23.1000003814697 23.5 23.2999992370605 23.2999992370605 23.2000007629395 23.5 23.3999996185303 23.3999996185303 23.2000007629395 23.2000007629395 23.2999992370605 23.3999996185303 23.3999996185303 23.3999996185303 23.5 23.5 23.7999992370605 23.8999996185303 23.8999996185303 23.8999996185303 24
21.7000007629395 21.7000007629395 21.8999996185303 22.2000007629395 22.1000003814697 22.1000003814697 22.2000007629395 21.8999996185303 21.3999996185303 21.5 21.7999992370605 21.8999996185303 22.6000003814697 23.1000003814697 23.7999992370605 24 24.1000003814697 23.7000007629395 23.6000003814697 23.7999992370605 23.6000003814697 23.6000003814697 23.6000003814697 23.2999992370605 22.7999992370605 22.3999996185303 22.5 22.7999992370605 22.7000007629395 22.8999996185303 23.2999992370605 23.2999992370605 23.5 23.5 23.2000007629395 22.8999996185303 22.5 22.2000007629395 22.5 22.8999996185303 22.8999996185303 23.1000003814697 23 22.8999996185303 23.1000003814697 23.2000007629395 22.7999992370605 23.1000003814697 23.2999992370605 23.6000003814697 23.5 23.5
21.3999996185303 21.6000003814697 22.1000003814697 22.5 22.2000007629395 22 22.2000007629395 21.8999996185303 21.7000007629395 21.5 21.7999992370605 22 22.1000003814697 22.3999996185303 22.8999996185303 23.2999992370605 23.6000003814697 23.7999992370605 23.5 23.5 23.7000007629395 23.7000007629395 23.8999996185303 23.7999992370605 23.6000003814697 23.5 23.2000007629395 23.5 23.5 23.5 23.5 23.3999996185303 23.3999996185303 23.1000003814697 22.7000007629395 22.6000003814697 22.7000007629395 22.3999996185303 22.3999996185303 22.3999996185303 22.6000003814697 22.8999996185303 23 23.2000007629395 23.1000003814697 23.5 22.6000003814697 22.2999992370605 22.7999992370605 23.2000007629395 23.2999992370605 23.3999996185303
21.6000003814697 21.3999996185303 21.7999992370605 22.2999992370605 22.3999996185303 22.3999996185303 22.5 22.2999992370605 21.8999996185303 21.7999992370605 21.8999996185303 22 22.1000003814697 22.2000007629395 22.6000003814697 23 23.3999996185303 23.7000007629395 23.3999996185303 23.1000003814697 23.1000003814697 23.2000007629395 23.1000003814697 23.2999992370605 23.5 23.6000003814697 23.3999996185303 23.2999992370605 23 23.2999992370605 23.5 23.3999996185303 23 23.2999992370605 23.3999996185303 23.1000003814697 23 23.1000003814697 22.7999992370605 22.7000007629395 22.6000003814697 23 22.8999996185303 23.2000007629395 23.3999996185303 23.7999992370605 24.1000003814697 23.7000007629395 23.3999996185303 23.1000003814697 23.1000003814697 23.3999996185303
21.5 21.5 21.6000003814697 21.7000007629395 21.7999992370605 21.7999992370605 22.3999996185303 22.7000007629395 22.2000007629395 22 21.7999992370605 21.7999992370605 22.1000003814697 22.1000003814697 22.6000003814697 23.2000007629395 23.2000007629395 23 22.7999992370605 22.8999996185303 22.7999992370605 22.6000003814697 22.5 22.7999992370605 23.1000003814697 23.2999992370605 23.2999992370605 23 22.8999996185303 22.8999996185303 23.2999992370605 23.6000003814697 23.7000007629395 23.6000003814697 23.5 23.8999996185303 23.8999996185303 23.7000007629395 23.3999996185303 23 23.1000003814697 23.2999992370605 23.5 23.7000007629395 24 24.2000007629395 24.1000003814697 23.8999996185303 23.7000007629395 23.8999996185303 24 23.8999996185303
21.3999996185303 21.5 21.1000003814697 21.5 21.7999992370605 21.7999992370605 22.3999996185303 22.8999996185303 22.5 21.7999992370605 22.1000003814697 22.2000007629395 22.2000007629395 22.3999996185303 22.8999996185303 23.2999992370605 23.2000007629395 22.6000003814697 22.2000007629395 22.2999992370605 22.6000003814697 22.7000007629395 22.7999992370605 22.7000007629395 22.8999996185303 23.3999996185303 23.2999992370605 22.8999996185303 22.7000007629395 22.7999992370605 23 23.2999992370605 23.5 23.7999992370605 24 23.8999996185303 24.2000007629395 24.1000003814697 23.7999992370605 23.3999996185303 22.8999996185303 22.7999992370605 23.1000003814697 23.3999996185303 23.6000003814697 23.8999996185303 24.2000007629395 24.2999992370605 24.2999992370605 24.2000007629395 24.1000003814697 24.1000003814697
21.5 21.6000003814697 21.7000007629395 21.8999996185303 22 22.2000007629395 22.5 22.8999996185303 22.6000003814697 21.8999996185303 21.8999996185303 22.2999992370605 22.5 22.7999992370605 23 23.1000003814697 22.8999996185303 22.6000003814697 22.2999992370605 22.2999992370605 22.1000003814697 22.6000003814697 22.6000003814697 22.6000003814697 22.7000007629395 22.7999992370605 23.2000007629395 23.2000007629395 23.2000007629395 23.2000007629395 23.6000003814697 23.6000003814697 23.7000007629395 23.7999992370605 24 23.8999996185303 24.1000003814697 24.2000007629395 24.1000003814697 24 23.7000007629395 23.2999992370605 23 23.2999992370605 23.2999992370605 23.2999992370605 23.5 24 24.2999992370605 24.6000003814697 24.6000003814697 24.5
21.7000007629395 21.6000003814697 21.6000003814697 22 22.6000003814697 22.6000003814697 22.8999996185303 22.7000007629395 22.7999992370605 22.5 22.2999992370605 22.3999996185303 22.6000003814697 22.8999996185303 22.8999996185303 22.7000007629395 22.3999996185303 22.2999992370605 22.2000007629395 22.6000003814697 22.6000003814697 22.7000007629395 23 23.1000003814697 23.3999996185303 23.5 23.3999996185303 23.3999996185303 23.5 23.7999992370605 23.8999996185303 24 23.8999996185303 23.8999996185303 24 23.8999996185303 24.1000003814697 24.1000003814697 24.2000007629395 24.2999992370605 24.3999996185303 24.2999992370605 24.2999992370605 24.5 24.2999992370605 24.1000003814697 24.1000003814697 24.2000007629395 24.1000003814697 24.1000003814697 24.1000003814697 24.1000003814697
22 22.1000003814697 22.3999996185303 22.7000007629395 22.7999992370605 22.8999996185303 22.7999992370605 22.7000007629395 22.7000007629395 22.7999992370605 22.7000007629395 22.7999992370605 23.1000003814697 22.8999996185303 22.7000007629395 22.5 22.5 22.6000003814697 22.5 22.7999992370605 22.7999992370605 23 23 23 22.8999996185303 23.1000003814697 22.7999992370605 22.7999992370605 23 23.2999992370605 23.2000007629395 23.2999992370605 23.7000007629395 23.8999996185303 24 24.1000003814697 24.1000003814697 24.2999992370605 24.2999992370605 24.3999996185303 24.2999992370605 24.2999992370605 24.5 24.5 24.5 24.5 24.5 24.3999996185303 24.2999992370605 24.2000007629395 24.2000007629395 24.1000003814697
21.8999996185303 22.5 23.1000003814697 22.7999992370605 22.7999992370605 22.7999992370605 22.8999996185303 23.1000003814697 23 23 23.1000003814697 23.2999992370605 23.2000007629395 22.7999992370605 22.5 22.5 22.6000003814697 22.6000003814697 22.7000007629395 22.8999996185303 23.1000003814697 23.1000003814697 23.2000007629395 23.1000003814697 22.8999996185303 23.2000007629395 23.2000007629395 23 22.8999996185303 23.1000003814697 23.2999992370605 23.3999996185303 23.5 23.6000003814697 23.7000007629395 23.7999992370605 24 24.2999992370605 24.3999996185303 24.3999996185303 24.3999996185303 24.3999996185303 24.3999996185303 24.3999996185303 24.3999996185303 24.3999996185303 24.3999996185303 24.3999996185303 24.3999996185303 24.2999992370605 24.5 24.5
23 23.1000003814697 22.7999992370605 22.6000003814697 22.7999992370605 22.5 22.3999996185303 22.7000007629395 23.1000003814697 23.3999996185303 23.2999992370605 23.2000007629395 23.2999992370605 23.2999992370605 23 22.7000007629395 22.6000003814697 22.6000003814697 22.6000003814697 22.7000007629395 22.7999992370605 22.8999996185303 23.1000003814697 23.2000007629395 23.3999996185303 23.7000007629395 23.8999996185303 24 23.7000007629395 23.7999992370605 24 24.1000003814697 24.1000003814697 24.1000003814697 24.1000003814697 24.1000003814697 24.1000003814697 24.2000007629395 24.2999992370605 24.2999992370605 24.2999992370605 24.2999992370605 24.3999996185303 24.3999996185303 24.3999996185303 24.6000003814697 24.6000003814697 24.6000003814697 24.5 24.5 24.6000003814697 24.5
22.7000007629395 22.7000007629395 22.6000003814697 22.8999996185303 22.7999992370605 22.6000003814697 22.5 22.7000007629395 22.8999996185303 23.2999992370605 23.5 23.3999996185303 23.3999996185303 23.1000003814697 23.2000007629395 23 22.7999992370605 22.8999996185303 23 23.1000003814697 22.8999996185303 22.8999996185303 22.8999996185303 23.2000007629395 23.1000003814697 23.2000007629395 23.6000003814697 23.8999996185303 24 24.1000003814697 24.3999996185303 24.2000007629395 24.3999996185303 24.3999996185303 24.5 24.6000003814697 24.5 24.5 24.3999996185303 24.2000007629395 24.3999996185303 24.3999996185303 24.3999996185303 24.2999992370605 24.5 24.3999996185303 24.3999996185303 24.2999992370605 24.2999992370605 24.3999996185303 24.3999996185303 24.5
