data/fut_env/bio3_avg_2040-2060.asc
NCOLS 664 
NROWS 380 
XLLCORNER 3.91666666666664 
YLLCORNER 55.3333333333333 
CELLSIZE 0.0416666666666667 
NODATA_value -3.4e+38 
[rows 345 to 367 of 380, columns 260 to 311 of 664]
29.2000007629395 29.6000003814697 29.7000007629395 29.7000007629395 29.5 29.5 29.2999992370605 29.3999996185303 29.3999996185303 29.2999992370605 29.7999992370605 29.8999996185303 30 29.8999996185303 29.8999996185303 30 30.2000007629395 30.2000007629395 30.2999992370605 30.2999992370605 30.2999992370605 30.2000007629395 30.2999992370605 30.2999992370605 30.2000007629395 30.3999996185303 30.3999996185303 30.3999996185303 30.2999992370605 30.2999992370605 30.2999992370605 30.2999992370605 30.5 30.3999996185303 30.5 30.5 30.6000003814697 30.5 30.2999992370605 29.7000007629395 28.5 28.2000007629395 27.7999992370605 28 28.3999996185303 28.3999996185303 28.1000003814697 27.8999996185303 27.7000007629395 -3.4e+38 -3.4e+38 -3.4e+38
29.2000007629395 29.7999992370605 29.8999996185303 30 29.8999996185303 29.8999996185303 30 29.6000003814697 29.6000003814697 29.5 29.7000007629395 29.8999996185303 29.8999996185303 29.8999996185303 29.8999996185303 30.1000003814697 30.1000003814697 30.1000003814697 30.2999992370605 30.2000007629395 30.2000007629395 30.1000003814697 30.1000003814697 30 30 30.1000003814697 30.1000003814697 30.2000007629395 30.1000003814697 30.1000003814697 30.2000007629395 30.1000003814697 30.2000007629395 30.1000003814697 30.2000007629395 30.2999992370605 30.3999996185303 30.2999992370605 29.8999996185303 -3.4e+38 -3.4e+38 28.2000007629395 28.1000003814697 28.1000003814697 28 28.1000003814697 27.8999996185303 27.6000003814697 27.3999996185303 -3.4e+38 -3.4e+38 -3.4e+38
28.5 29.1000003814697 29.7000007629395 30.1000003814697 30.2000007629395 30.3999996185303 30.2999992370605 30.2999992370605 30.2999992370605 30.1000003814697 30 30 30.1000003814697 30.3999996185303 30.3999996185303 30.1000003814697 30.2000007629395 30.2000007629395 30.2000007629395 30 30 29.7999992370605 29.6000003814697 29.6000003814697 29.5 29.7999992370605 29.7999992370605 29.7999992370605 29.7000007629395 29.8999996185303 30 29.8999996185303 29.7999992370605 29.8999996185303 29.7999992370605 29.7999992370605 29.6000003814697 29.3999996185303 28.8999996185303 28.2999992370605 -3.4e+38 28.1000003814697 28.2000007629395 28 27.7000007629395 27.7000007629395 27.5 27.2999992370605 -3.4e+38 -3.4e+38 -3.4e+38 -3.4e+38
27.7000007629395 27.8999996185303 28.8999996185303 29.7000007629395 29.8999996185303 30.1000003814697 30.5 30.3999996185303 30.3999996185303 30.2000007629395 30 29.7000007629395 29.8999996185303 30.3999996185303 30.2000007629395 30.2000007629395 30.2000007629395 30.1000003814697 30.1000003814697 30.2000007629395 30 29.6000003814697 29.3999996185303 29.3999996185303 29.2999992370605 29.3999996185303 29.3999996185303 29.3999996185303 29.3999996185303 29.5 29.7000007629395 29.5 29.6000003814697 29.5 29.3999996185303 29.2000007629395 28.8999996185303 28.2999992370605 28.1000003814697 -3.4e+38 27.7000007629395 27.7999992370605 27.8999996185303 27.7000007629395 27.5 27.3999996185303 27.1000003814697 27 -3.4e+38 -3.4e+38 -3.4e+38 -3.4e+38
28.2999992370605 28.2999992370605 28.7999992370605 29.3999996185303 29.2999992370605 29.5 30 30.2000007629395 30.2999992370605 30.3999996185303 30.1000003814697 30.1000003814697 30.1000003814697 30.2000007629395 30.1000003814697 30.2000007629395 30.2000007629395 29.8999996185303 29.7999992370605 30 29.7999992370605 29.6000003814697 29.2000007629395 29.2000007629395 29.3999996185303 29.2999992370605 29.2000007629395 29.1000003814697 29.1000003814697 29.1000003814697 29 29.1000003814697 29.1000003814697 29.1000003814697 28.7999992370605 28.5 28.2000007629395 -3.4e+38 -3.4e+38 27.2000007629395 27.5 27.7000007629395 27.6000003814697 27.3999996185303 27.2000007629395 26.8999996185303 26.7000007629395 -3.4e+38 -3.4e+38 -3.4e+38 -3.4e+38 -3.4e+38
29.3999996185303 29.7000007629395 29.6000003814697 29.5 29.2999992370605 29.3999996185303 29.7000007629395 30 30.1000003814697 30 30 29.8999996185303 30.2000007629395 30.2000007629395 30 29.7999992370605 30 29.7000007629395 29.3999996185303 29.2000007629395 29.5 29.6000003814697 29.5 29.2999992370605 29.1000003814697 29.1000003814697 29 28.7999992370605 28.7999992370605 28.7999992370605 28.7000007629395 28.7000007629395 28.7000007629395 28.3999996185303 28.1000003814697 27.7999992370605 -3.4e+38 -3.4e+38 -3.4e+38 27.1000003814697 27 27.2999992370605 27.2999992370605 27.1000003814697 26.7999992370605 26.3999996185303 26.2999992370605 -3.4e+38 -3.4e+38 -3.4e+38 -3.4e+38 -3.4e+38
29.7999992370605 29.7999992370605 29.7999992370605 29.7000007629395 29.5 29.5 29.7999992370605 29.8999996185303 29.8999996185303 29.7999992370605 30 30 30.1000003814697 29.8999996185303 30 29.8999996185303 29.7000007629395 29.6000003814697 29.2999992370605 29.2000007629395 29.2000007629395 29.3999996185303 29.2999992370605 29.2000007629395 29 28.7999992370605 28.7000007629395 28.7000007629395 28.6000003814697 28.5 28.3999996185303 28.2999992370605 28.1000003814697 27.7999992370605 27.3999996185303 27.1000003814697 -3.4e+38 -3.4e+38 -3.4e+38 26.7000007629395 26.5 26.7000007629395 26.7000007629395 26.5 25.8999996185303 25.6000003814697 -3.4e+38 -3.4e+38 -3.4e+38 -3.4e+38 -3.4e+38 -3.4e+38
29.7000007629395 29.6000003814697 29.5 29.6000003814697 29.5 29.5 29.7999992370605 29.7000007629395 29.7000007629395 30 30.1000003814697 30.2000007629395 30.1000003814697 30 30.1000003814697 29.8999996185303 29.6000003814697 29.2000007629395 29.1000003814697 29.1000003814697 29.1000003814697 29.1000003814697 29 28.8999996185303 28.6000003814697 28.5 28.2999992370605 28.2999992370605 28.1000003814697 28.1000003814697 27.8999996185303 27.7999992370605 27.5 27 26.7000007629395 -3.4e+38 -3.4e+38 -3.4e+38 -3.4e+38 25.8999996185303 25.8999996185303 25.8999996185303 26.1000003814697 25.7999992370605 25.1000003814697 -3.4e+38 -3.4e+38 -3.4e+38 -3.4e+38 -3.4e+38 -3.4e+38 -3.4e+38
29.6000003814697 29.5 29 29.2999992370605 29.7000007629395 29.8999996185303 30 29.8999996185303 29.7999992370605 30.1000003814697 30.1000003814697 30.1000003814697 30.1000003814697 30 29.8999996185303 29.7000007629395 29.7000007629395 29.3999996185303 29.2999992370605 29.2000007629395 29.1000003814697 29 28.7000007629395 28.3999996185303 28.3999996185303 28.1000003814697 28.2000007629395 28 27.7999992370605 27.7999992370605 27.7999992370605 27.2999992370605 26.7999992370605 26.2000007629395 -3.4e+38 -3.4e+38 -3.4e+38 -3.4e+38 -3.4e+38 25.2000007629395 25.2000007629395 25 25 24.7999992370605 24.6000003814697 -3.4e+38 -3.4e+38 -3.4e+38 -3.4e+38 -3.4e+38 -3.4e+38 -3.4e+38
29.5 29.2999992370605 29 29.3999996185303 29.6000003814697 29.6000003814697 29.8999996185303 30.1000003814697 30.2000007629395 30.1000003814697 30.1000003814697 30.1000003814697 29.8999996185303 29.7000007629395 29.6000003814697 29.5 29.5 29.3999996185303 29.1000003814697 28.8999996185303 28.7000007629395 28.6000003814697 28.3999996185303 28.2000007629395 27.8999996185303 27.8999996185303 27.7000007629395 27.6000003814697 27.3999996185303 27.2999992370605 27 26.6000003814697 26 -3.4e+38 -3.4e+38 -3.4e+38 -3.4e+38 -3.4e+38 -3.4e+38 24 24.2000007629395 24.3999996185303 24.1000003814697 23.7000007629395 -3.4e+38 -3.4e+38 -3.4e+38 -3.4e+38 -3.4e+38 -3.4e+38 -3.4e+38 -3.4e+38
29.2999992370605 29.3999996185303 29.5 29.6000003814697 29.3999996185303 29.7000007629395 29.7000007629395 29.8999996185303 29.7999992370605 30.1000003814697 30.1000003814697 30.1000003814697 30.1000003814697 29.7999992370605 29.6000003814697 29.5 29.3999996185303 29.2000007629395 29 29 28.7999992370605 28.3999996185303 28.2000007629395 28.1000003814697 27.7000007629395 27.3999996185303 27.3999996185303 27.2999992370605 27 26.8999996185303 26.5 25.7000007629395 -3.4e+38 -3.4e+38 -3.4e+38 -3.4e+38 -3.4e+38 -3.4e+38 -3.4e+38 23 23.2000007629395 23.2999992370605 23.2000007629395 22.8999996185303 -3.4e+38 -3.4e+38 -3.4e+38 -3.4e+38 -3.4e+38 -3.4e+38 -3.4e+38 -3.4e+38
29.3999996185303 29.5 29.3999996185303 29.3999996185303 29.3999996185303 29.5 29.6000003814697 29.7000007629395 29.8999996185303 30 30.1000003814697 30.2000007629395 30.2000007629395 29.8999996185303 29.5 29.5 29.6000003814697 29.3999996185303 29.2000007629395 28.7999992370605 28.5 28.2999992370605 28 27.7000007629395 27.2999992370605 27.2000007629395 27 26.7999992370605 26.6000003814697 26.2999992370605 25.7999992370605 25.1000003814697 -3.4e+38 -3.4e+38 -3.4e+38 -3.4e+38 -3.4e+38 -3.4e+38 -3.4e+38 22.2000007629395 22.2000007629395 22.2000007629395 22 -3.4e+38 -3.4e+38 -3.4e+38 -3.4e+38 -3.4e+38 -3.4e+38 -3.4e+38 -3.4e+38 -3.4e+38
29.5 29.3999996185303 29.2999992370605 29.2999992370605 29.2999992370605 29.5 29.5 29.7999992370605 30.1000003814697 30.2000007629395 30.3999996185303 30.5 30.3999996185303 30.1000003814697 29.7000007629395 29.5 29.5 29.3999996185303 29.2000007629395 28.7000007629395 28.3999996185303 28.1000003814697 27.7000007629395 27.2999992370605 27.1000003814697 26.8999996185303 26.6000003814697 26.3999996185303 26.2000007629395 25.7999992370605 25.2000007629395 24.3999996185303 -3.4e+38 -3.4e+38 -3.4e+38 -3.4e+38 -3.4e+38 -3.4e+38 -3.4e+38 21.1000003814697 21 20.8999996185303 21 -3.4e+38 -3.4e+38 -3.4e+38 -3.4e+38 -3.4e+38 -3.4e+38 -3.4e+38 -3.4e+38 -3.4e+38
29.5 29.5 29.2999992370605 29.3999996185303 29.5 29.2999992370605 29.6000003814697 29.7999992370605 30.1000003814697 30 30.2000007629395 30.2000007629395 30.2999992370605 30.2999992370605 29.8999996185303 29.7000007629395 29.3999996185303 29.2000007629395 28.8999996185303 28.6000003814697 28.2999992370605 28 27.5 27 26.7999992370605 26.5 26.2999992370605 25.8999996185303 25.7000007629395 25.2999992370605 24.7000007629395 -3.4e+38 -3.4e+38 -3.4e+38 -3.4e+38 -3.4e+38 -3.4e+38 -3.4e+38 -3.4e+38 19.3999996185303 19.7000007629395 19.8999996185303 -3.4e+38 -3.4e+38 -3.4e+38 -3.4e+38 -3.4e+38 -3.4e+38 -3.4e+38 -3.4e+38 -3.4e+38 -3.4e+38
29.5 29.5 29.3999996185303 29.5 29.5 29.2999992370605 29.5 29.6000003814697 29.7999992370605 29.7999992370605 29.7999992370605 29.7999992370605 30 30 29.7999992370605 29.3999996185303 29 28.7000007629395 28.5 28 27.6000003814697 27.6000003814697 27.2999992370605 26.7999992370605 26.6000003814697 26.3999996185303 26 25.5 25.2999992370605 25 -3.4e+38 -3.4e+38 -3.4e+38 -3.4e+38 -3.4e+38 -3.4e+38 -3.4e+38 -3.4e+38 -3.4e+38 18.5 -3.4e+38 -3.4e+38 -3.4e+38 -3.4e+38 -3.4e+38 -3.4e+38 -3.4e+38 -3.4e+38 -3.4e+38 -3.4e+38 -3.4e+38 -3.4e+38
29.3999996185303 29.5 29.3999996185303 29.5 29.3999996185303 29.2000007629395 29.2999992370605 29.3999996185303 29.5 29.5 29.6000003814697 29.5 29.5 29.3999996185303 29.2999992370605 28.8999996185303 28.2999992370605 28.2000007629395 27 26.8999996185303 26.7999992370605 26.7999992370605 26.8999996185303 25.8999996185303 25.8999996185303 25.3999996185303 25.2999992370605 25 24.8999996185303 -3.4e+38 -3.4e+38 -3.4e+38 -3.4e+38 -3.4e+38 -3.4e+38 -3.4e+38 -3.4e+38 -3.4e+38 -3.4e+38 -3.4e+38 -3.4e+38 -3.4e+38 -3.4e+38 -3.4e+38 -3.4e+38 -3.4e+38 -3.4e+38 -3.4e+38 -3.4e+38 -3.4e+38 -3.4e+38 -3.4e+38
-3.4e+38 -3.4e+38 -3.4e+38 -3.4e+38 27.3999996185303 27.7999992370605 -3.4e+38 -3.4e+38 -3.4e+38 -3.4e+38 -3.4e+38 -3.4e+38 -3.4e+38 -3.4e+38 26.7999992370605 -3.4e+38 27.2999992370605 27.1000003814697 26.7000007629395 26.5 26.2999992370605 25.8999996185303 25.7999992370605 24.8999996185303 24.3999996185303 24.6000003814697 24.5 24.2999992370605 -3.4e+38 -3.4e+38 -3.4e+38 -3.4e+38 -3.4e+38 -3.4e+38 -3.4e+38 -3.4e+38 -3.4e+38 -3.4e+38 -3.4e+38 -3.4e+38 -3.4e+38 -3.4e+38 -3.4e+38 -3.4e+38 -3.4e+38 -3.4e+38 -3.4e+38 -3.4e+38 -3.4e+38 -3.4e+38 -3.4e+38 -3.4e+38
28.3999996185303 -3.4e+38 -3.4e+38 -3.4e+38 -3.4e+38 -3.4e+38 -3.4e+38 -3.4e+38 -3.4e+38 -3.4e+38 -3.4e+38 -3.4e+38 -3.4e+38 -3.4e+38 -3.4e+38 -3.4e+38 -3.4e+38 -3.4e+38 -3.4e+38 -3.4e+38 -3.4e+38 -3.4e+38 25.3999996185303 24.8999996185303 24 23.8999996185303 24.3999996185303 -3.4e+38 -3.4e+38 -3.4e+38 -3.4e+38 -3.4e+38 -3.4e+38 -3.4e+38 -3.4e+38 -3.4e+38 -3.4e+38 -3.4e+38 -3.4e+38 -3.4e+38 -3.4e+38 -3.4e+38 -3.4e+38 -3.4e+38 -3.4e+38 -3.4e+38 -3.4e+38 -3.4e+38 -3.4e+38 -3.4e+38 -3.4e+38 -3.4e+38
27.8999996185303 -3.4e+38 26.7999992370605 -3.4e+38 -3.4e+38 -3.4e+38 -3.4e+38 -3.4e+38 -3.4e+38 -3.4e+38 -3.4e+38 -3.4e+38 -3.4e+38 -3.4e+38 -3.4e+38 -3.4e+38 -3.4e+38 -3.4e+38 -3.4e+38 -3.4e+38 -3.4e+38 -3.4e+38 -3.4e+38 -3.4e+38 23.5 23.7000007629395 -3.4e+38 -3.4e+38 -3.4e+38 -3.4e+38 -3.4e+38 -3.4e+38 -3.4e+38 -3.4e+38 -3.4e+38 -3.4e+38 -3.4e+38 -3.4e+38 -3.4e+38 -3.4e+38 -3.4e+38 -3.4e+38 -3.4e+38 -3.4e+38 -3.4e+38 -3.4e+38 -3.4e+38 -3.4e+38 -3.4e+38 -3.4e+38 -3.4e+38 -3.4e+38
-3.4e+38 -3.4e+38 -3.4e+38 -3.4e+38 -3.4e+38 -3.4e+38 -3.4e+38 -3.4e+38 -3.4e+38 -3.4e+38 -3.4e+38 -3.4e+38 -3.4e+38 -3.4e+38 -3.4e+38 -3.4e+38 -3.4e+38 -3.4e+38 -3.4e+38 -3.4e+38 -3.4e+38 -3.4e+38 -3.4e+38 -3.4e+38 -3.4e+38 -3.4e+38 -3.4e+38 -3.4e+38 -3.4e+38 -3.4e+38 -3.4e+38 -3.4e+38 -3.4e+38 -3.4e+38 -3.4e+38 -3.4e+38 -3.4e+38 -3.4e+38 -3.4e+38 -3.4e+38 -3.4e+38 -3.4e+38 -3.4e+38 -3.4e+38 -3.4e+38 -3.4e+38 -3.4e+38 -3.4e+38 -3.4e+38 -3.4e+38 -3.4e+38 -3.4e+38
-3.4e+38 -3.4e+38 -3.4e+38 -3.4e+38 -3.4e+38 -3.4e+38 -3.4e+38 -3.4e+38 -3.4e+38 -3.4e+38 -3.4e+38 -3.4e+38 -3.4e+38 -3.4e+38 -3.4e+38 -3.4e+38 -3.4e+38 -3.4e+38 -3.4e+38 -3.4e+38 -3.4e+38 -3.4e+38 -3.4e+38 -3.4e+38 -3.4e+38 -3.4e+38 -3.4e+38 -3.4e+38 -3.4e+38 -3.4e+38 -3.4e+38 -3.4e+38 -3.4e+38 -3.4e+38 -3.4e+38 -3.4e+38 -3.4e+38 -3.4e+38 -3.4e+38 -3.4e+38 -3.4e+38 -3.4e+38 -3.4e+38 -3.4e+38 -3.4e+38 -3.4e+38 -3.4e+38 -3.4e+38 -3.4e+38 -3.4e+38 -3.4e+38 -3.4e+38
-3.4e+38 -3.4e+38 -3.4e+38 -3.4e+38 -3.4e+38 -3.4e+38 -3.4e+38 -3.4e+38 -3.4e+38 -3.4e+38 -3.4e+38 -3.4e+38 -3.4e+38 -3.4e+38 -3.4e+38 -3.4e+38 -3.4e+38 -3.4e+38 -3.4e+38 -3.4e+38 -3.4e+38 -3.4e+38 -3.4e+38 -3.4e+38 -3.4e+38 -3.4e+38 -3.4e+38 -3.4e+38 -3.4e+38 -3.4e+38 -3.4e+38 -3.4e+38 -3.4e+38 -3.4e+38 -3.4e+38 -3.4e+38 -3.4e+38 -3.4e+38 -3.4e+38 -3.4e+38 -3.4e+38 -3.4e+38 -3.4e+38 -3.4e+38 -3.4e+38 -3.4e+38 -3.4e+38 -3.4e+38 -3.4e+38 -3.4e+38 -3.4e+38 -3.4e+38
-3.4e+38 -3.4e+38 -3.4e+38 -3.4e+38 -3.4e+38 -3.4e+38 -3.4e+38 -3.4e+38 -3.4e+38 -3.4e+38 -3.4e+38 -3.4e+38 -3.4e+38 -3.4e+38 -3.4e+38 -3.4e+38 -3.4e+38 -3.4e+38 -3.4e+38 -3.4e+38 -3.4e+38 -3.4e+38 -3.4e+38 -3.4e+38 -3.4e+38 -3.4e+38 -3.4e+38 -3.4e+38 -3.4e+38 -3.4e+38 -3.4e+38 -3.4e+38 -3.4e+38 -3.4e+38 -3.4e+38 -3.4e+38 -3.4e+38 -3.4e+38 -3.4e+38 -3.4e+38 -3.4e+38 -3.4e+38 -3.4e+38 -3.4e+38 -3.4e+38 -3.4e+38 -3.4e+38 -3.4e+38 -3.4e+38 -3.4e+38 -3.4e+38 -3.4e+38
