data/fut_env/bio3_avg_2040-2060.asc
NCOLS 664 
NROWS 380 
XLLCORNER 3.91666666666664 
YLLCORNER 55.3333333333333 
CELLSIZE 0.0416666666666667 
NODATA_value -3.4e+38 
[rows 230 to 252 of 380, columns 0 to 51 of 664]
-3.4e+38 -3.4e+38 -3.4e+38 -3.4e+38 -3.4e+38 -3.4e+38 -3.4e+38 -3.4e+38 -3.4e+38 -3.4e+38 -3.4e+38 -3.4e+38 -3.4e+38 -3.4e+38 -3.4e+38 -3.4e+38 -3.4e+38 -3.4e+38 -3.4e+38 19.3999996185303 19.6000003814697 20.5 20.6000003814697 21.1000003814697 -3.4e+38 21.3999996185303 21.7000007629395 22.1000003814697 22.3999996185303 22.6000003814697 22.5 23.2999992370605 24 24 23 22.2000007629395 21 23.7000007629395 22.5 21.5 20.8999996185303 20 18.8999996185303 19.2000007629395 23.2999992370605 21.7999992370605 20.8999996185303 19.8999996185303 19.5 19.2999992370605 18.1000003814697 19
-3.4e+38 -3.4e+38 -3.4e+38 -3.4e+38 -3.4e+38 -3.4e+38 -3.4e+38 -3.4e+38 -3.4e+38 -3.4e+38 -3.4e+38 -3.4e+38 -3.4e+38 -3.4e+38 -3.4e+38 -3.4e+38 -3.4e+38 -3.4e+38 -3.4e+38 -3.4e+38 -3.4e+38 -3.4e+38 -3.4e+38 -3.4e+38 21.2000007629395 21.8999996185303 -3.4e+38 -3.4e+38 22.6000003814697 -3.4e+38 22.5 21.8999996185303 22 21.6000003814697 19.7000007629395 18.7000007629395 21.2000007629395 21.2000007629395 19.6000003814697 18.7000007629395 18.2000007629395 18.5 20.7000007629395 23.6000003814697 22.6000003814697 19.6000003814697 19 18 18 21 21.2999992370605 20.2999992370605
-3.4e+38 -3.4e+38 -3.4e+38 -3.4e+38 -3.4e+38 -3.4e+38 -3.4e+38 -3.4e+38 -3.4e+38 -3.4e+38 -3.4e+38 -3.4e+38 -3.4e+38 -3.4e+38 -3.4e+38 -3.4e+38 -3.4e+38 -3.4e+38 -3.4e+38 -3.4e+38 -3.4e+38 -3.4e+38 -3.4e+38 -3.4e+38 22 22 -3.4e+38 21.7999992370605 22.6000003814697 23.2999992370605 -3.4e+38 24.2999992370605 24 23.6000003814697 24.1000003814697 23.8999996185303 24 23.3999996185303 23 20.5 21.7000007629395 22.6000003814697 19.7999992370605 18.7999992370605 21.2999992370605 23.2000007629395 20.5 20.6000003814697 21.7000007629395 20.5 21.7999992370605 22.1000003814697
-3.4e+38 -3.4e+38 -3.4e+38 -3.4e+38 -3.4e+38 -3.4e+38 -3.4e+38 -3.4e+38 -3.4e+38 -3.4e+38 -3.4e+38 -3.4e+38 -3.4e+38 -3.4e+38 -3.4e+38 -3.4e+38 -3.4e+38 -3.4e+38 -3.4e+38 -3.4e+38 -3.4e+38 -3.4e+38 -3.4e+38 -3.4e+38 -3.4e+38 21.5 20.7999992370605 22.2000007629395 21.1000003814697 20.7000007629395 21.5 21.1000003814697 20.1000003814697 21.7999992370605 21 19.7000007629395 20.2000007629395 19 15.3999996185303 19.3999996185303 20.2999992370605 20 18.3999996185303 17.7999992370605 17.6000003814697 19.5 20.8999996185303 22.8999996185303 21.7000007629395 22.5 22.7000007629395 21.3999996185303
-3.4e+38 -3.4e+38 -3.4e+38 -3.4e+38 -3.4e+38 -3.4e+38 -3.4e+38 -3.4e+38 -3.4e+38 -3.4e+38 -3.4e+38 -3.4e+38 -3.4e+38 -3.4e+38 -3.4e+38 -3.4e+38 -3.4e+38 -3.4e+38 -3.4e+38 -3.4e+38 -3.4e+38 -3.4e+38 -3.4e+38 -3.4e+38 -3.4e+38 21.8999996185303 21.7999992370605 20.6000003814697 21.5 19 19.2999992370605 19.8999996185303 19.2999992370605 18.7999992370605 19.6000003814697 20.7000007629395 20.3999996185303 20.2000007629395 19.2000007629395 17.7000007629395 19.2999992370605 19.7999992370605 19.5 19 18.6000003814697 17.8999996185303 18.1000003814697 18.7000007629395 18.5 18.8999996185303 18.2999992370605 19
-3.4e+38 -3.4e+38 -3.4e+38 -3.4e+38 -3.4e+38 -3.4e+38 -3.4e+38 -3.4e+38 -3.4e+38 -3.4e+38 -3.4e+38 -3.4e+38 -3.4e+38 -3.4e+38 -3.4e+38 -3.4e+38 -3.4e+38 -3.4e+38 -3.4e+38 -3.4e+38 -3.4e+38 21.2000007629395 21.5 22 21.7000007629395 20.7999992370605 22.7000007629395 22.2000007629395 23.2999992370605 22.2999992370605 23.7999992370605 22.8999996185303 23.7999992370605 23.8999996185303 21.2000007629395 23.3999996185303 21.2999992370605 20.7000007629395 20.7000007629395 20.8999996185303 19.8999996185303 20.2000007629395 20.7000007629395 22.2999992370605 19 18.5 19 18.6000003814697 18 17.8999996185303 17.7000007629395 18.7000007629395
-3.4e+38 -3.4e+38 -3.4e+38 -3.4e+38 -3.4e+38 -3.4e+38 -3.4e+38 -3.4e+38 -3.4e+38 -3.4e+38 -3.4e+38 -3.4e+38 -3.4e+38 -3.4e+38 -3.4e+38 -3.4e+38 19.3999996185303 19.7000007629395 21 21.2000007629395 20.7999992370605 -3.4e+38 -3.4e+38 -3.4e+38 23.2000007629395 22.6000003814697 23.5 24.2000007629395 23.8999996185303 24.1000003814697 24.1000003814697 23.2000007629395 23.5 23.6000003814697 23.8999996185303 21.5 21.2999992370605 20.6000003814697 19.2999992370605 18.1000003814697 17.3999996185303 17.3999996185303 18 19.2999992370605 20.8999996185303 20.2999992370605 18.7999992370605 19 19 19 19.1000003814697 18.7000007629395
-3.4e+38 -3.4e+38 -3.4e+38 -3.4e+38 -3.4e+38 -3.4e+38 -3.4e+38 -3.4e+38 -3.4e+38 -3.4e+38 -3.4e+38 -3.4e+38 -3.4e+38 -3.4e+38 -3.4e+38 -3.4e+38 19.3999996185303 20.1000003814697 20.7999992370605 21.1000003814697 21.2000007629395 -3.4e+38 -3.4e+38 -3.4e+38 23.2000007629395 23.5 23.7000007629395 23.1000003814697 23.3999996185303 23.5 23.2999992370605 22.6000003814697 21.1000003814697 22.7000007629395 24.3999996185303 22.5 21.7000007629395 21.1000003814697 20.5 19.2000007629395 18.2999992370605 18.7000007629395 17.7000007629395 17.2999992370605 16.8999996185303 19.1000003814697 18.3999996185303 18.1000003814697 17.7999992370605 17.1000003814697 16.8999996185303 17.1000003814697
-3.4e+38 -3.4e+38 -3.4e+38 -3.4e+38 -3.4e+38 -3.4e+38 -3.4e+38 -3.4e+38 -3.4e+38 -3.4e+38 -3.4e+38 -3.4e+38 -3.4e+38 -3.4e+38 -3.4e+38 -3.4e+38 -3.4e+38 -3.4e+38 -3.4e+38 20.8999996185303 21.2000007629395 21.7999992370605 22 22.8999996185303 -3.4e+38 23.6000003814697 24 24 24.2999992370605 23.7000007629395 23.8999996185303 23.5 21.7000007629395 21.8999996185303 22.7000007629395 22.6000003814697 22.1000003814697 20.1000003814697 20.5 21.8999996185303 20.3999996185303 19.5 18.3999996185303 17.8999996185303 17.6000003814697 20.1000003814697 19.7999992370605 18 17.7999992370605 17.6000003814697 17.3999996185303 20.2999992370605
-3.4e+38 -3.4e+38 -3.4e+38 -3.4e+38 -3.4e+38 -3.4e+38 -3.4e+38 -3.4e+38 -3.4e+38 -3.4e+38 -3.4e+38 -3.4e+38 -3.4e+38 -3.4e+38 -3.4e+38 -3.4e+38 -3.4e+38 -3.4e+38 -3.4e+38 21.1000003814697 21.3999996185303 22.1000003814697 22.2000007629395 22.5 23.2999992370605 23.7000007629395 22.8999996185303 23.7999992370605 21.8999996185303 20.2000007629395 20.3999996185303 23.7000007629395 25 23.3999996185303 23.8999996185303 22.8999996185303 19.7999992370605 21 20 19.6000003814697 19.6000003814697 19.6000003814697 19.2999992370605 19.1000003814697 19.5 23.3999996185303 19.5 19.1000003814697 19.2000007629395 20.3999996185303 19.8999996185303 21.1000003814697
-3.4e+38 -3.4e+38 -3.4e+38 -3.4e+38 -3.4e+38 -3.4e+38 -3.4e+38 -3.4e+38 -3.4e+38 -3.4e+38 -3.4e+38 -3.4e+38 -3.4e+38 -3.4e+38 -3.4e+38 -3.4e+38 -3.4e+38 -3.4e+38 -3.4e+38 -3.4e+38 21.8999996185303 22 22 22.7000007629395 23.1000003814697 23.2999992370605 23.8999996185303 23.2999992370605 25 20 25.2999992370605 25.5 25 25.2000007629395 25.7999992370605 24.6000003814697 23.1000003814697 23.1000003814697 22 21.2999992370605 23.6000003814697 23.2000007629395 23.1000003814697 26.1000003814697 24.8999996185303 25.3999996185303 25.7000007629395 25.6000003814697 25.3999996185303 -3.4e+38 21.2999992370605 23
-3.4e+38 -3.4e+38 -3.4e+38 -3.4e+38 -3.4e+38 -3.4e+38 -3.4e+38 -3.4e+38 -3.4e+38 -3.4e+38 -3.4e+38 -3.4e+38 -3.4e+38 -3.4e+38 -3.4e+38 -3.4e+38 -3.4e+38 -3.4e+38 21.3999996185303 21.3999996185303 21.6000003814697 22.2000007629395 21.3999996185303 22.7000007629395 22.5 22.5 24.1000003814697 23.8999996185303 25.6000003814697 -3.4e+38 -3.4e+38 26.1000003814697 26.8999996185303 26.7999992370605 23.8999996185303 21.8999996185303 21.7000007629395 24 24.7999992370605 26 -3.4e+38 21.7000007629395 20.8999996185303 20.3999996185303 19.5 23.2999992370605 23.6000003814697 20.6000003814697 18.7000007629395 19.2000007629395 19.7999992370605 20.2999992370605
-3.4e+38 -3.4e+38 -3.4e+38 -3.4e+38 -3.4e+38 -3.4e+38 -3.4e+38 -3.4e+38 -3.4e+38 -3.4e+38 -3.4e+38 -3.4e+38 -3.4e+38 -3.4e+38 -3.4e+38 -3.4e+38 -3.4e+38 21 21.2000007629395 21.7000007629395 21.8999996185303 22.5 22.7000007629395 23.3999996185303 23.7999992370605 -3.4e+38 -3.4e+38 24.5 24.8999996185303 23.5 23.7999992370605 23.6000003814697 24.1000003814697 27.2000007629395 -3.4e+38 24.7000007629395 27.8999996185303 21.8999996185303 24 24.2999992370605 21.8999996185303 24 21.5 19.1000003814697 20.5 24.2999992370605 19.3999996185303 22.1000003814697 19.1000003814697 17.7000007629395 17.2999992370605 17.7000007629395
-3.4e+38 -3.4e+38 -3.4e+38 -3.4e+38 -3.4e+38 -3.4e+38 -3.4e+38 -3.4e+38 -3.4e+38 -3.4e+38 -3.4e+38 -3.4e+38 -3.4e+38 -3.4e+38 -3.4e+38 -3.4e+38 -3.4e+38 21.1000003814697 21.3999996185303 21.8999996185303 22.2000007629395 -3.4e+38 -3.4e+38 -3.4e+38 24 24.6000003814697 24.6000003814697 24.1000003814697 22.1000003814697 21.2000007629395 23.7999992370605 21.2000007629395 21.5 22.8999996185303 23.8999996185303 23.7999992370605 25.7000007629395 26.6000003814697 21.3999996185303 21.2999992370605 19.2000007629395 19.1000003814697 18.7000007629395 18.3999996185303 18.3999996185303 19 18.7999992370605 18 17.1000003814697 17.2999992370605 17.1000003814697 17.2000007629395
-3.4e+38 -3.4e+38 -3.4e+38 -3.4e+38 -3.4e+38 -3.4e+38 -3.4e+38 -3.4e+38 -3.4e+38 -3.4e+38 -3.4e+38 -3.4e+38 -3.4e+38 -3.4e+38 -3.4e+38 -3.4e+38 -3.4e+38 -3.4e+38 21.7000007629395 21.7000007629395 -3.4e+38 22.3999996185303 23.1000003814697 24 24.2999992370605 24.3999996185303 25.1000003814697 25.1000003814697 25.2999992370605 24.7000007629395 24.2999992370605 23.7000007629395 23.8999996185303 23 21.6000003814697 21 21.2000007629395 23.3999996185303 19.7999992370605 18.7000007629395 18.3999996185303 18.2000007629395 18.7000007629395 18.3999996185303 17.3999996185303 17.2000007629395 17.3999996185303 16.8999996185303 17.7000007629395 17.6000003814697 18.1000003814697 18.2999992370605
-3.4e+38 -3.4e+38 -3.4e+38 -3.4e+38 -3.4e+38 -3.4e+38 -3.4e+38 -3.4e+38 -3.4e+38 -3.4e+38 -3.4e+38 -3.4e+38 -3.4e+38 -3.4e+38 -3.4e+38 -3.4e+38 -3.4e+38 -3.4e+38 -3.4e+38 -3.4e+38 22.7000007629395 23 23.6000003814697 24.1000003814697 24.6000003814697 24.7000007629395 24.3999996185303 24.5 25.7999992370605 25.6000003814697 23.7000007629395 23.3999996185303 22.2999992370605 23.7000007629395 24.2000007629395 22.7999992370605 20.3999996185303 21.6000003814697 20.7000007629395 19.3999996185303 19 19.5 19.2999992370605 18.7000007629395 17.8999996185303 17.2000007629395 17.2999992370605 16.8999996185303 18.1000003814697 20.8999996185303 18.7000007629395 17.7999992370605
-3.4e+38 -3.4e+38 -3.4e+38 -3.4e+38 -3.4e+38 -3.4e+38 -3.4e+38 -3.4e+38 -3.4e+38 -3.4e+38 -3.4e+38 -3.4e+38 -3.4e+38 -3.4e+38 -3.4e+38 -3.4e+38 -3.4e+38 -3.4e+38 -3.4e+38 -3.4e+38 -3.4e+38 23 23.7000007629395 24.3999996185303 25 25 25.7000007629395 25.7000007629395 26 24.7000007629395 25.2999992370605 25.3999996185303 25.6000003814697 25 23.2999992370605 24.5 26 25.8999996185303 24.2000007629395 21.7999992370605 22.2999992370605 20.2000007629395 19.1000003814697 18 17.7000007629395 17.5 17.2999992370605 17 18.3999996185303 21.6000003814697 20.2999992370605 18.7999992370605
-3.4e+38 -3.4e+38 -3.4e+38 -3.4e+38 -3.4e+38 -3.4e+38 -3.4e+38 -3.4e+38 -3.4e+38 -3.4e+38 -3.4e+38 -3.4e+38 -3.4e+38 -3.4e+38 -3.4e+38 -3.4e+38 -3.4e+38 -3.4e+38 -3.4e+38 -3.4e+38 22.5 22.6000003814697 23.6000003814697 24.5 25.1000003814697 25.3999996185303 26 26.1000003814697 26.5 26.6000003814697 26.8999996185303 27.2000007629395 26.3999996185303 25.7999992370605 26.7999992370605 24.7999992370605 20.7000007629395 22.5 24.3999996185303 21.8999996185303 21.2000007629395 19.7999992370605 19.2000007629395 18.2999992370605 18 18.6000003814697 21.2999992370605 20.5 21.2000007629395 21.6000003814697 19.5 18.2999992370605
-3.4e+38 -3.4e+38 -3.4e+38 -3.4e+38 -3.4e+38 -3.4e+38 -3.4e+38 -3.4e+38 -3.4e+38 -3.4e+38 -3.4e+38 -3.4e+38 -3.4e+38 -3.4e+38 -3.4e+38 -3.4e+38 -3.4e+38 -3.4e+38 -3.4e+38 -3.4e+38 22 23 23.7000007629395 24.3999996185303 25.1000003814697 25.7999992370605 26.1000003814697 26.6000003814697 -3.4e+38 27.2000007629395 27.3999996185303 27.3999996185303 27.6000003814697 27.2999992370605 25.3999996185303 25.1000003814697 21.7000007629395 21 21.3999996185303 21.2999992370605 20.8999996185303 20.2999992370605 18.7999992370605 20.2000007629395 23.2000007629395 22.1000003814697 22 21.3999996185303 20 19.2999992370605 19.7000007629395 19.3999996185303
-3.4e+38 -3.4e+38 -3.4e+38 -3.4e+38 -3.4e+38 -3.4e+38 -3.4e+38 -3.4e+38 -3.4e+38 -3.4e+38 -3.4e+38 -3.4e+38 -3.4e+38 -3.4e+38 -3.4e+38 -3.4e+38 -3.4e+38 -3.4e+38 21.2000007629395 21.5 -3.4e+38 23 23.5 24.2999992370605 25.2000007629395 25.8999996185303 26.2999992370605 26.5 26.8999996185303 26.6000003814697 27.2999992370605 27.2999992370605 27.1000003814697 26.6000003814697 26.3999996185303 25.8999996185303 23.2000007629395 22.1000003814697 21.7999992370605 22.2000007629395 23.5 23.1000003814697 23.2999992370605 23.8999996185303 21.3999996185303 23.2000007629395 22.3999996185303 20.7000007629395 21 20.2000007629395 20.5 20
-3.4e+38 -3.4e+38 -3.4e+38 -3.4e+38 -3.4e+38 -3.4e+38 -3.4e+38 -3.4e+38 -3.4e+38 -3.4e+38 -3.4e+38 -3.4e+38 -3.4e+38 -3.4e+38 -3.4e+38 -3.4e+38 -3.4e+38 -3.4e+38 -3.4e+38 -3.4e+38 -3.4e+38 -3.4e+38 24.1000003814697 25 25.5 26.1000003814697 26.5 26.7000007629395 26.7999992370605 27.1000003814697 27.7000007629395 27.7000007629395 28.3999996185303 28.2999992370605 28.6000003814697 27.3999996185303 24.7999992370605 21.7000007629395 23.8999996185303 24 25.7999992370605 26.8999996185303 24.6000003814697 23.3999996185303 25.1000003814697 23.8999996185303 20.7000007629395 18.8999996185303 19.2999992370605 20.1000003814697 20.2000007629395 19.8999996185303
-3.4e+38 -3.4e+38 -3.4e+38 -3.4e+38 -3.4e+38 -3.4e+38 -3.4e+38 -3.4e+38 -3.4e+38 -3.4e+38 -3.4e+38 -3.4e+38 -3.4e+38 -3.4e+38 -3.4e+38 -3.4e+38 -3.4e+38 -3.4e+38 -3.4e+38 21.7999992370605 -3.4e+38 23.2999992370605 -3.4e+38 25.1000003814697 25.6000003814697 26.2999992370605 26.6000003814697 26.7999992370605 27.2999992370605 27.7000007629395 28 27.7999992370605 27.1000003814697 27.7000007629395 28.8999996185303 28.6000003814697 26 22.8999996185303 23 27.1000003814697 28.1000003814697 25.7999992370605 26.3999996185303 26.5 25.7000007629395 23.3999996185303 21.1000003814697 20.2999992370605 21.7000007629395 22 20.8999996185303 21.5
-3.4e+38 -3.4e+38 -3.4e+38 -3.4e+38 -3.4e+38 -3.4e+38 -3.4e+38 -3.4e+38 -3.4e+38 -3.4e+38 -3.4e+38 -3.4e+38 -3.4e+38 -3.4e+38 -3.4e+38 -3.4e+38 -3.4e+38 -3.4e+38 -3.4e+38 -3.4e+38 -3.4e+38 23.3999996185303 24.2000007629395 25.2000007629395 25.7999992370605 26.3999996185303 26.7000007629395 27 27.2000007629395 27.7000007629395 28 28.2999992370605 28.2999992370605 28.2999992370605 28.2999992370605 28.2000007629395 28.2000007629395 28.1000003814697 26.2000007629395 27.7000007629395 27.5 24.7999992370605 24.6000003814697 26.3999996185303 24.6000003814697 25.5 24.1000003814697 25.2999992370605 24.8999996185303 24.5 24.2000007629395 24.1000003814697
