data/fut_env/bio5_avg_2040-2060.asc
NCOLS 664 
NROWS 380 
XLLCORNER 3.91666666666664 
YLLCORNER 55.3333333333333 
CELLSIZE 0.0416666666666667 
NODATA_value -3.4e+38 
[rows 23 to 45 of 380, columns 408 to 458 of 664]
-3.4e+38 -3.4e+38 -3.4e+38 -3.4e+38 -3.4e+38 -3.4e+38 -3.4e+38 17.2000007629395 17.1000003814697 17.3999996185303 16.7999992370605 16.5 16.7000007629395 17.7000007629395 17 16.2999992370605 16.8999996185303 16.8999996185303 17 15.6999998092651 16.7999992370605 17.2000007629395 16 15.6000003814697 14.3000001907349 12.8999996185303 12.8000001907349 12.5 13.3999996185303 13.3999996185303 15.1000003814697 16.6000003814697 17.7000007629395 16.8999996185303 16.1000003814697 16.2000007629395 16.1000003814697 15.8000001907349 16.2000007629395 17.2000007629395 16.7000007629395 16.7000007629395 16.5 16.6000003814697 15.5 15.1999998092651 15.8999996185303 16.7000007629395 17.5 18.3999996185303 -3.4e+38
-3.4e+38 -3.4e+38 -3.4e+38 -3.4e+38 -3.4e+38 -3.4e+38 -3.4e+38 -3.4e+38 18.1000003814697 18.2000007629395 17.1000003814697 18.1000003814697 16.7999992370605 16.6000003814697 16.7000007629395 17 16.6000003814697 15.1999998092651 14.1999998092651 13.8000001907349 14.3999996185303 16 17 15.6000003814697 14.8000001907349 13.3999996185303 12.3999996185303 12.6000003814697 12.3000001907349 13.1999998092651 15.5 17.5 17.3999996185303 17.2999992370605 17.1000003814697 17.2999992370605 17.6000003814697 17.3999996185303 16.7000007629395 15.6999998092651 16.6000003814697 17.1000003814697 16.2999992370605 16 16 15.5 16.6000003814697 18.2999992370605 18.2000007629395 18.3999996185303 18.3999996185303
18.1000003814697 -3.4e+38 -3.4e+38 -3.4e+38 -3.4e+38 -3.4e+38 -3.4e+38 -3.4e+38 -3.4e+38 16.7999992370605 17 -3.4e+38 16.3999996185303 16.5 16.5 17.5 16.8999996185303 15.6000003814697 13.8999996185303 13.8999996185303 15.1000003814697 16 15.6999998092651 15.8999996185303 16.8999996185303 16.8999996185303 16.3999996185303 16 14.6999998092651 14 15.1000003814697 15.6999998092651 15 16.2000007629395 16.6000003814697 16.7999992370605 17.1000003814697 17.7999992370605 18 17.3999996185303 17.7000007629395 18.1000003814697 18.1000003814697 18.2000007629395 18.1000003814697 18 17.2999992370605 17.2000007629395 17.3999996185303 18.5 -3.4e+38
-3.4e+38 17.3999996185303 17.6000003814697 -3.4e+38 -3.4e+38 -3.4e+38 -3.4e+38 16.7000007629395 17.2000007629395 -3.4e+38 -3.4e+38 -3.4e+38 -3.4e+38 -3.4e+38 -3.4e+38 -3.4e+38 18 16.7999992370605 16 15.5 16.2000007629395 17.2999992370605 17 17.1000003814697 16.7999992370605 16.5 16.8999996185303 17.2000007629395 16.7000007629395 15.6000003814697 15.1999998092651 16.5 16.2999992370605 17.2999992370605 18 17.8999996185303 18.1000003814697 17.8999996185303 17.5 16.8999996185303 17 17.7000007629395 17.2000007629395 16.6000003814697 16 16 16.6000003814697 17.3999996185303 18.2000007629395 19 -3.4e+38
17.7999992370605 17.7999992370605 17.7000007629395 17.6000003814697 17.5 -3.4e+38 16.8999996185303 16.8999996185303 17.3999996185303 17 17.1000003814697 17.2999992370605 17.7000007629395 18 -3.4e+38 17.2000007629395 17.1000003814697 17.2000007629395 17.6000003814697 17.7999992370605 17.1000003814697 16.5 16.2999992370605 16.3999996185303 16.5 17.1000003814697 17.6000003814697 17.6000003814697 17.3999996185303 17.3999996185303 17.2999992370605 17.2999992370605 17.7999992370605 18.1000003814697 16.6000003814697 15.5 15.3999996185303 15.5 15.3999996185303 14.6000003814697 15.3000001907349 16.5 17.1000003814697 17 17 17.3999996185303 18 19 18.6000003814697 18.2000007629395 18.7000007629395
18.2000007629395 18 17.8999996185303 18.2000007629395 -3.4e+38 -3.4e+38 -3.4e+38 17.1000003814697 17 16.8999996185303 16.3999996185303 16.1000003814697 16.5 17.2000007629395 17.7000007629395 -3.4e+38 -3.4e+38 -3.4e+38 17.7999992370605 -3.4e+38 -3.4e+38 -3.4e+38 17.7999992370605 17 17.2999992370605 17.7999992370605 18.2000007629395 16.7000007629395 16.3999996185303 16.3999996185303 16.6000003814697 16.2000007629395 16.2999992370605 16.8999996185303 17.2999992370605 16.6000003814697 16.1000003814697 16 15.8000001907349 15.6999998092651 16 16.3999996185303 17.1000003814697 17.7000007629395 17.8999996185303 17.7999992370605 17.2000007629395 16.7000007629395 16.2999992370605 17 17.5
18.2000007629395 18.2999992370605 18 17.8999996185303 -3.4e+38 -3.4e+38 17.5 17.5 17.8999996185303 17.8999996185303 17 16.3999996185303 16.1000003814697 16 17 18 -3.4e+38 17.7000007629395 17.6000003814697 17.7999992370605 17.2000007629395 17.2999992370605 17 16.7999992370605 17.2000007629395 18 18.5 17.7999992370605 17.1000003814697 16.7999992370605 16.7000007629395 16.6000003814697 16.5 16.2999992370605 16.2999992370605 16.3999996185303 16.2999992370605 16.1000003814697 16.5 16.3999996185303 15.8999996185303 16.2000007629395 16.5 16.3999996185303 15.6000003814697 15.3000001907349 15.6999998092651 16.1000003814697 16.7999992370605 18 19.1000003814697
18.3999996185303 18.6000003814697 -3.4e+38 18.2999992370605 -3.4e+38 -3.4e+38 17.7999992370605 17.3999996185303 16.2999992370605 17.8999996185303 18 17.8999996185303 16.8999996185303 16.7999992370605 16.7000007629395 17.2000007629395 17.3999996185303 17.8999996185303 18.1000003814697 18 -3.4e+38 17.6000003814697 18 17.2000007629395 17.1000003814697 17.5 18 17.7999992370605 17.7000007629395 17.7999992370605 17.6000003814697 17.5 17.3999996185303 16.7999992370605 16.6000003814697 16.5 16.2000007629395 16.2000007629395 16.2000007629395 16.2999992370605 16.5 16.7000007629395 16.7000007629395 16.6000003814697 16.7999992370605 17 17.3999996185303 17.7999992370605 18.7999992370605 19.5 19.2000007629395
18.6000003814697 -3.4e+38 18.2999992370605 18.2000007629395 18 18.2999992370605 18.6000003814697 18 16.8999996185303 17 17.3999996185303 18.2000007629395 17.7999992370605 17.2999992370605 17.1000003814697 16.7999992370605 16.8999996185303 17.3999996185303 17.7000007629395 17.6000003814697 17.7000007629395 18.3999996185303 18.6000003814697 18.2000007629395 18 17.8999996185303 17.6000003814697 16.7999992370605 16.5 16.7000007629395 17.1000003814697 17 16.7000007629395 16.3999996185303 16.1000003814697 16.1000003814697 15.8999996185303 15.6000003814697 15.3999996185303 15.8000001907349 16.1000003814697 16.6000003814697 16.6000003814697 17.1000003814697 17.2000007629395 17.3999996185303 18.1000003814697 18.7999992370605 19.1000003814697 18.7999992370605 18.7999992370605
18.7000007629395 17.7000007629395 17.8999996185303 18.2999992370605 18.6000003814697 18.5 17.7000007629395 17.2999992370605 16.7000007629395 16.3999996185303 16 17.1000003814697 17.2999992370605 17.2999992370605 16.2999992370605 16.5 17.2999992370605 17.2999992370605 17.3999996185303 16.8999996185303 17.1000003814697 17.8999996185303 18 18.2999992370605 18.2000007629395 17.8999996185303 17.6000003814697 17.3999996185303 16.8999996185303 17 17.2999992370605 17.3999996185303 17.2000007629395 16.7999992370605 16.5 16.3999996185303 16.2999992370605 16.2000007629395 16.1000003814697 15.8999996185303 16.2000007629395 16.7000007629395 17 17.3999996185303 17.7999992370605 18.2999992370605 18.3999996185303 18.3999996185303 18.5 18.3999996185303 18.3999996185303
18 18.5 18.7999992370605 18.6000003814697 18.2000007629395 17.8999996185303 18 18.1000003814697 17.7000007629395 17.7999992370605 17.1000003814697 16.6000003814697 15.8999996185303 15.3999996185303 14.3000001907349 14.5 16.5 17.3999996185303 17.2999992370605 17.1000003814697 17.5 17.5 17.7000007629395 18.2000007629395 18.2000007629395 18.2000007629395 18.3999996185303 18.1000003814697 17.7000007629395 16.8999996185303 16.7999992370605 16.5 16.6000003814697 17.1000003814697 17.2000007629395 17 17 16.7000007629395 16.6000003814697 16.7000007629395 16.8999996185303 17.1000003814697 17.3999996185303 17.6000003814697 17.7999992370605 17.7999992370605 17.8999996185303 18.1000003814697 18.1000003814697 18.2000007629395 18.2999992370605
17.1000003814697 18 18.5 18.7999992370605 18.3999996185303 18.2999992370605 18.5 18.7000007629395 18.1000003814697 16.2000007629395 15.3000001907349 14.6000003814697 14.1000003814697 14.1000003814697 13.6000003814697 14.3999996185303 15.8000001907349 16.8999996185303 17.1000003814697 17.1000003814697 17.7000007629395 17.7000007629395 17.1000003814697 16.8999996185303 17.3999996185303 17.8999996185303 18.2999992370605 18.2000007629395 18.2999992370605 18.2999992370605 18.2999992370605 18.2999992370605 17.8999996185303 17.5 17.2000007629395 17 16.8999996185303 16.7000007629395 16.7000007629395 16.7999992370605 16.7999992370605 16.8999996185303 17.2000007629395 17.3999996185303 17.3999996185303 17.3999996185303 17.5 17.6000003814697 17.6000003814697 17.6000003814697 18
16.2000007629395 17.1000003814697 17.7999992370605 18.6000003814697 17.8999996185303 17.5 18 18.7999992370605 18.7000007629395 17.3999996185303 16.2999992370605 16.1000003814697 15.8999996185303 15 14.3999996185303 14.1999998092651 14.6999998092651 15.3000001907349 16.2000007629395 17.5 17.5 17 16.6000003814697 16.1000003814697 16 15.8999996185303 16.2999992370605 16.7999992370605 17.1000003814697 17.2999992370605 17.6000003814697 17.3999996185303 18 18.2000007629395 17.8999996185303 17.6000003814697 17.6000003814697 17.2999992370605 17.1000003814697 17 17.1000003814697 17.2000007629395 17.2000007629395 17 17 17 16.7999992370605 16.6000003814697 17 17.6000003814697 17.7000007629395
16.7000007629395 17.1000003814697 17.7000007629395 18.2000007629395 18.3999996185303 17.2999992370605 17 18.2000007629395 18.7000007629395 18.3999996185303 17.3999996185303 16.7000007629395 16.2999992370605 16.2000007629395 15.6999998092651 14.8000001907349 14.1999998092651 15.1000003814697 16.3999996185303 17.3999996185303 16.7000007629395 16.5 16.1000003814697 16 15.8999996185303 15.3000001907349 15 15.3000001907349 15.8999996185303 16.2999992370605 16.3999996185303 16.2000007629395 16.3999996185303 17.1000003814697 17.7000007629395 17.5 17.3999996185303 17.2999992370605 17.5 17.5 17.3999996185303 17.3999996185303 17.2999992370605 17.2000007629395 17.1000003814697 16.8999996185303 16.7000007629395 16.7999992370605 17.1000003814697 17.3999996185303 17.1000003814697
16.5 17.5 17.1000003814697 17.7000007629395 17.7000007629395 16 16.6000003814697 18.3999996185303 18.6000003814697 18.5 17.2000007629395 16.3999996185303 15.6999998092651 15.5 15.3999996185303 15.1999998092651 15.3000001907349 15.5 16.3999996185303 17 17.1000003814697 16.2999992370605 16 15.8000001907349 15.3999996185303 15.1000003814697 14.8999996185303 15 15 15.3999996185303 16.1000003814697 16.2000007629395 16.3999996185303 16.7000007629395 17.2999992370605 17.3999996185303 17.1000003814697 16.7999992370605 16.8999996185303 17.2999992370605 17.3999996185303 17.5 17.5 17.3999996185303 17.3999996185303 17.3999996185303 17.2999992370605 17.5 17.5 17.1000003814697 17.1000003814697
15.6000003814697 16.5 16.7999992370605 17.6000003814697 16.6000003814697 16.2999992370605 16.8999996185303 17.8999996185303 18.6000003814697 18.6000003814697 17.7999992370605 17 16.2999992370605 15.6999998092651 15.6000003814697 15.3999996185303 15.6999998092651 16.2999992370605 16.6000003814697 16.5 16.2000007629395 16.2000007629395 16 15.6999998092651 15.3999996185303 15.3000001907349 15.1999998092651 15.3999996185303 15.6000003814697 15.5 15.3999996185303 15.8000001907349 16 16.3999996185303 17.2999992370605 17 16.8999996185303 16.5 16.6000003814697 17 17.2000007629395 17.5 17.3999996185303 17.3999996185303 17.3999996185303 17.5 17.6000003814697 17.6000003814697 17.6000003814697 17.2999992370605 17
16.1000003814697 16.2999992370605 16.6000003814697 16.7000007629395 16.5 16.2000007629395 16.1000003814697 16.5 17.2000007629395 17.7999992370605 18 18.5 18 16.7999992370605 16.2000007629395 16.1000003814697 16 16.2000007629395 16.7999992370605 16.3999996185303 16.2999992370605 16.2000007629395 16.1000003814697 15.3000001907349 15.1999998092651 15.6999998092651 15.8000001907349 15.6999998092651 15.8999996185303 16 16.1000003814697 16.2999992370605 16.6000003814697 16.7000007629395 17.2000007629395 17.3999996185303 17.3999996185303 17.2000007629395 17 17.2000007629395 17.2000007629395 17.2999992370605 17.2999992370605 17.3999996185303 17.3999996185303 17.5 17.6000003814697 17.2999992370605 17.3999996185303 17.7999992370605 17.7000007629395
17.6000003814697 17.1000003814697 16.8999996185303 16.8999996185303 16.7000007629395 16.2999992370605 16.3999996185303 16.7000007629395 17.1000003814697 16.7999992370605 17.2000007629395 18.2000007629395 18.2999992370605 18.5 17.7999992370605 17 16.7000007629395 16.7999992370605 17.2000007629395 17 16.6000003814697 16.2999992370605 15.8999996185303 15.6999998092651 15.8999996185303 16.3999996185303 16.6000003814697 16.5 16.7000007629395 16.8999996185303 16.8999996185303 16.8999996185303 17 17.2999992370605 17.5 17.7999992370605 17.8999996185303 17.7000007629395 17.5 17.6000003814697 17.5 17.2999992370605 17.5 17.3999996185303 17.5 17.6000003814697 17.3999996185303 17.1000003814697 17.3999996185303 17.7999992370605 18
18.5 17.7000007629395 16.7999992370605 16.6000003814697 16.6000003814697 16.6000003814697 16.8999996185303 17.2000007629395 17.5 17.3999996185303 17.1000003814697 17.1000003814697 17.1000003814697 17.5 18.1000003814697 18.3999996185303 18.1000003814697 18 17.8999996185303 17.5 17.1000003814697 16.7000007629395 16.5 16.5 16.6000003814697 17 17.2000007629395 17.1000003814697 17.2000007629395 17.1000003814697 17 17.1000003814697 17 17.2000007629395 17.5 17.7000007629395 18 18.1000003814697 18.1000003814697 18.1000003814697 18 18.1000003814697 18.1000003814697 17.8999996185303 17.3999996185303 17.2999992370605 17.3999996185303 17.3999996185303 17.2999992370605 17.2999992370605 17.7000007629395
16.7000007629395 17.6000003814697 17.2000007629395 16.6000003814697 16.2000007629395 16.3999996185303 16.7000007629395 17.1000003814697 17.3999996185303 17.2000007629395 16.7000007629395 16.6000003814697 16.7999992370605 17.1000003814697 17.2000007629395 16.8999996185303 17.1000003814697 17.7000007629395 18.2999992370605 18.5 18.2999992370605 17.7999992370605 17.6000003814697 17.3999996185303 17.5 17.5 17.5 17.2000007629395 17.1000003814697 16.8999996185303 16.7999992370605 16.7000007629395 16.7000007629395 16.7000007629395 17.2000007629395 17.3999996185303 17.7999992370605 18.1000003814697 18.2999992370605 18.2999992370605 18.3999996185303 18.5 18.6000003814697 18.2999992370605 17.8999996185303 17.7000007629395 17.5 17.5 17.7999992370605 17.7999992370605 17.8999996185303
16.7000007629395 16.7000007629395 16.8999996185303 17 16.7999992370605 16.7000007629395 16.5 16.5 16.3999996185303 16.3999996185303 16.2999992370605 16.6000003814697 16.7999992370605 16.8999996185303 17.1000003814697 17.2000007629395 17.2999992370605 17.3999996185303 17.3999996185303 17.7000007629395 18.1000003814697 18.3999996185303 18.5 18.3999996185303 18.2999992370605 17.7999992370605 17.6000003814697 17.3999996185303 17.1000003814697 17 16.7999992370605 17 17.1000003814697 17.1000003814697 17.1000003814697 17.3999996185303 17.7999992370605 18.1000003814697 18.5 18.5 18.7000007629395 18.6000003814697 18.3999996185303 18.2999992370605 18.2000007629395 17.6000003814697 17.2000007629395 17.2000007629395 17.8999996185303 18.2999992370605 18.5
16.3999996185303 16.6000003814697 16.7000007629395 16.7999992370605 16.7999992370605 16.3999996185303 15.8999996185303 15.1999998092651 14.8000001907349 15.1999998092651 15.5 16.2999992370605 16.7000007629395 17.1000003814697 17.1000003814697 17.2000007629395 17.2000007629395 17.3999996185303 17.6000003814697 17.6000003814697 17.7000007629395 18 18 18.1000003814697 18.5 18.6000003814697 18.1000003814697 17.5 17.2999992370605 17.2000007629395 17.1000003814697 17.1000003814697 17.5 17.3999996185303 17.7000007629395 17.7000007629395 17.8999996185303 18.1000003814697 18.2999992370605 18.5 18.7000007629395 18.7000007629395 18.3999996185303 18.3999996185303 18.2999992370605 18.1000003814697 18.1000003814697 17.8999996185303 18.2000007629395 18.3999996185303 18.5
15.8999996185303 16.1000003814697 16.2000007629395 16.2999992370605 16.6000003814697 16.8999996185303 16.5 16.2000007629395 16.3999996185303 16.2000007629395 16.1000003814697 16.3999996185303 16.7999992370605 17.2000007629395 17.2999992370605 17.2000007629395 17 17.2000007629395 17.3999996185303 17.5 17.6000003814697 17.8999996185303 18.2000007629395 18.2999992370605 18.1000003814697 18.2000007629395 18.7999992370605 18.3999996185303 18.2000007629395 18.1000003814697 17.6000003814697 17.7000007629395 18 17.7000007629395 18.1000003814697 18.2999992370605 17.8999996185303 17.7999992370605 18 18.5 18.5 18.7000007629395 18.8999996185303 18.7999992370605 18.6000003814697 18.7000007629395 18.5 17.8999996185303 17.7000007629395 18.2000007629395 18.2999992370605
