data/fut_env/bio5_avg_2040-2060.asc
NCOLS 664 
NROWS 380 
XLLCORNER 3.91666666666664 
YLLCORNER 55.3333333333333 
CELLSIZE 0.0416666666666667 
NODATA_value -3.4e+38 
[rows 161 to 183 of 380, columns 204 to 254 of 664]
19.5 19.6000003814697 19.8999996185303 19.5 19.3999996185303 19.5 19.2000007629395 19 19 19.2000007629395 19.2999992370605 18.8999996185303 18.2000007629395 18 17.6000003814697 17.2999992370605 17.2999992370605 17.8999996185303 18.2000007629395 18.3999996185303 18 17.6000003814697 18.3999996185303 19.1000003814697 19.3999996185303 19.2000007629395 19 19 19.1000003814697 19.1000003814697 19.1000003814697 19 19 19.2000007629395 19.2000007629395 19.2000007629395 18.7000007629395 18.7000007629395 18.7000007629395 18.6000003814697 19 19.5 19.7999992370605 20 20 20.2000007629395 20 20 19.8999996185303 19.5 19.5
20.5 20.5 20.3999996185303 20.5 20 19.3999996185303 19.2999992370605 19 18.7000007629395 18.7999992370605 19.5 19.2999992370605 19.2999992370605 19 18.7000007629395 18.5 18.8999996185303 18.3999996185303 18.6000003814697 18.6000003814697 18.1000003814697 17.6000003814697 18 18.8999996185303 19 18.7000007629395 18.7999992370605 18.8999996185303 18.6000003814697 18.7000007629395 18.8999996185303 18.7999992370605 18.7999992370605 18.7999992370605 18.1000003814697 17.6000003814697 17.2000007629395 17.7000007629395 17.7000007629395 17.7000007629395 17.8999996185303 18.2000007629395 18.2000007629395 18.7000007629395 19.3999996185303 19.8999996185303 19.8999996185303 19.7999992370605 19.7999992370605 20.2000007629395 20.1000003814697
19.2000007629395 19.6000003814697 20.5 20.2999992370605 20 20 19.8999996185303 20.1000003814697 20.2000007629395 19.8999996185303 19.5 19.5 19.6000003814697 19.7000007629395 19.2999992370605 18.5 18 18.1000003814697 18.2000007629395 18.1000003814697 18 18.1000003814697 18.2999992370605 18.7999992370605 19.2000007629395 19.2000007629395 19.1000003814697 18.8999996185303 19.1000003814697 18.3999996185303 18.6000003814697 18.7000007629395 18.6000003814697 18 17.7999992370605 17.6000003814697 16.8999996185303 16.3999996185303 16.7999992370605 17 17.3999996185303 17.7000007629395 17.8999996185303 18.3999996185303 18.7000007629395 18.7999992370605 19.3999996185303 19.6000003814697 19.5 19.5 19.5
20 20.2999992370605 20.6000003814697 20.7000007629395 20.3999996185303 19.8999996185303 19.3999996185303 18.6000003814697 18.3999996185303 19.1000003814697 19.5 19.6000003814697 20 20.2999992370605 19.8999996185303 19.3999996185303 19.2999992370605 18.8999996185303 18.3999996185303 18.2000007629395 18.3999996185303 18.8999996185303 18.7999992370605 18.7000007629395 18.3999996185303 18.3999996185303 18.2000007629395 18.6000003814697 19.2000007629395 18.6000003814697 18.7000007629395 18.7000007629395 18.5 18.3999996185303 18.2000007629395 17.5 17 16.1000003814697 16.5 17 17.5 17.7999992370605 17.7999992370605 18.2000007629395 18.7000007629395 18.7000007629395 19.1000003814697 18.8999996185303 18 17.5 17.7999992370605
20.8999996185303 21 21 20.7999992370605 20.1000003814697 19.5 19.6000003814697 19.7000007629395 20 19.8999996185303 20 20.1000003814697 20.1000003814697 19.8999996185303 19.6000003814697 19.1000003814697 18.7999992370605 19.1000003814697 19 18.3999996185303 18.2999992370605 17.8999996185303 18.2000007629395 17.8999996185303 18.2999992370605 18.6000003814697 18.3999996185303 18.1000003814697 19.3999996185303 19.7999992370605 19.2999992370605 18.6000003814697 18.5 18.3999996185303 18.7999992370605 18.7000007629395 18.2999992370605 17.7000007629395 17 16.8999996185303 16.8999996185303 16.7000007629395 17.5 17.7000007629395 18 18.1000003814697 18.3999996185303 18.8999996185303 18.5 18.3999996185303 18.5
20.8999996185303 20.3999996185303 20 19.6000003814697 19.5 19.5 19.5 19.7999992370605 20 20.2000007629395 20.2999992370605 20.2000007629395 20.2000007629395 19.7000007629395 19.2000007629395 18.6000003814697 18.2000007629395 18.7000007629395 18.2999992370605 18 17.7999992370605 18.5 19 19.2000007629395 19.2999992370605 19.2000007629395 18.8999996185303 18.8999996185303 18.7999992370605 19.2000007629395 19.2000007629395 19.3999996185303 19.7000007629395 19.3999996185303 19.2000007629395 18.7999992370605 18.7000007629395 18.3999996185303 18.2000007629395 17.8999996185303 17.2999992370605 17.2999992370605 17.5 17.7999992370605 17.8999996185303 18.2000007629395 18.1000003814697 18.3999996185303 18.5 18.3999996185303 18.2999992370605
19 19 19.5 19.7999992370605 20 19.7000007629395 19.7000007629395 19.3999996185303 19.1000003814697 18.7000007629395 19 19.1000003814697 18.8999996185303 19.6000003814697 19.2000007629395 18.5 18.5 18.8999996185303 18.7000007629395 18.7000007629395 19 19.2000007629395 19.2999992370605 19.1000003814697 18.8999996185303 19.1000003814697 19.1000003814697 19.2000007629395 19.5 19.7000007629395 19.7000007629395 19.5 19.2999992370605 20 19.3999996185303 19 18.6000003814697 18.7000007629395 19 18.6000003814697 18.5 18 18 17.8999996185303 17.7000007629395 17.7000007629395 17.7999992370605 18 18.2000007629395 18.2000007629395 18.3999996185303
20.5 20.2999992370605 19.7000007629395 19 18.7000007629395 18.3999996185303 18.2000007629395 18.6000003814697 19.2999992370605 19 19.1000003814697 19.2000007629395 18.5 19 19 19.1000003814697 19.1000003814697 19 18.7000007629395 18.7000007629395 18.5 18.1000003814697 18.2000007629395 17.3999996185303 17 16.7000007629395 17.7000007629395 18.7999992370605 18.8999996185303 18.3999996185303 18.6000003814697 19.2000007629395 19.7000007629395 19.7999992370605 19.8999996185303 19.6000003814697 19.2000007629395 18.8999996185303 19.5 19.3999996185303 19.1000003814697 19 18.7999992370605 18.6000003814697 18.2000007629395 17.8999996185303 17.6000003814697 17.5 17.8999996185303 18.2000007629395 18.1000003814697
18.7000007629395 18.6000003814697 18.3999996185303 18.5 18.2999992370605 17.8999996185303 17.7999992370605 18.2999992370605 18.8999996185303 19 19.2999992370605 18.8999996185303 19.1000003814697 19.2000007629395 18.8999996185303 19 19.1000003814697 18.6000003814697 18.2000007629395 18.2999992370605 17.6000003814697 16.7999992370605 16.6000003814697 16.8999996185303 17.3999996185303 17.8999996185303 18 17.6000003814697 18.2999992370605 18.2999992370605 18 17.7999992370605 18 18.3999996185303 19.1000003814697 19.7000007629395 19.7999992370605 19.6000003814697 19.3999996185303 19.1000003814697 19.3999996185303 19.5 18.8999996185303 18.7000007629395 18.7000007629395 18.6000003814697 18.3999996185303 18 18.1000003814697 17.8999996185303 18
18.3999996185303 18 17.8999996185303 18.2999992370605 18.8999996185303 18.7999992370605 18.7000007629395 17.8999996185303 17.7000007629395 18.2999992370605 19.3999996185303 19.2999992370605 18.8999996185303 19.2000007629395 19.1000003814697 19 18.7000007629395 18.3999996185303 18 17.2999992370605 17.7000007629395 18.2999992370605 17.5 17.2000007629395 17.2000007629395 17.2000007629395 17.2999992370605 17.2999992370605 17.5 17.8999996185303 17.7000007629395 17.8999996185303 18.3999996185303 18 18.2000007629395 18.7999992370605 19.1000003814697 19.5 19.7000007629395 19.6000003814697 19.8999996185303 19.8999996185303 19.3999996185303 18.8999996185303 18.7999992370605 19 19 18.5 18.5 18.5 18.2999992370605
18.3999996185303 17.2000007629395 17.7000007629395 18.6000003814697 19 19.5 19 18.5 18 18.5 19 19.3999996185303 19.1000003814697 18.5 17.8999996185303 18.2000007629395 18.7000007629395 18.5 18.2000007629395 18 18.2999992370605 18.6000003814697 17.8999996185303 17.3999996185303 17.2999992370605 17.2000007629395 17 17.1000003814697 17.3999996185303 17.7999992370605 18.3999996185303 18.6000003814697 19 18.8999996185303 18.7999992370605 18.7999992370605 19.6000003814697 19.8999996185303 19.5 19.3999996185303 19.8999996185303 20.1000003814697 19.8999996185303 19.7999992370605 19.7000007629395 19.5 19.5 19 18.7000007629395 18.7000007629395 18.7999992370605
17.1000003814697 17.6000003814697 18.3999996185303 18.8999996185303 19.1000003814697 19.1000003814697 19 19.2999992370605 19.1000003814697 19 18.8999996185303 19 18.7999992370605 18.2999992370605 17.7000007629395 17.1000003814697 17 16.8999996185303 16.7999992370605 17.5 17.8999996185303 18.7000007629395 18.2000007629395 17.7999992370605 17.3999996185303 17.2000007629395 17.3999996185303 17.5 18.1000003814697 18.2999992370605 18.2999992370605 18.3999996185303 18.2999992370605 18.3999996185303 18.8999996185303 19.3999996185303 19.7999992370605 19.8999996185303 19.6000003814697 19.3999996185303 19.8999996185303 20 20 20.2999992370605 20.1000003814697 20 19.7999992370605 19.3999996185303 18.7000007629395 18.7000007629395 18.6000003814697
18.2999992370605 18.6000003814697 19 18.7000007629395 18.6000003814697 18.6000003814697 18.8999996185303 19 19 19.2999992370605 19.2000007629395 19.1000003814697 18.7999992370605 18.6000003814697 18.3999996185303 18.1000003814697 17.7999992370605 17.2999992370605 17.7000007629395 18.2999992370605 18.7000007629395 18.7999992370605 18 17.2999992370605 17.1000003814697 16.7000007629395 16.7000007629395 16.7000007629395 16.6000003814697 17.6000003814697 18 18 17.6000003814697 17.8999996185303 18.7000007629395 18.8999996185303 19.2999992370605 19.7000007629395 19.6000003814697 19.6000003814697 19.7000007629395 19.7999992370605 19.8999996185303 20.2999992370605 20.2000007629395 20.2000007629395 20 19.2000007629395 18.8999996185303 19 19
18.7999992370605 18.7000007629395 18.2999992370605 18.5 18.5 17.6000003814697 16.8999996185303 17.3999996185303 17.7999992370605 18.8999996185303 19.3999996185303 19.2000007629395 19.1000003814697 19 18.3999996185303 17.7000007629395 18.1000003814697 18.2000007629395 18.3999996185303 17.6000003814697 16.8999996185303 17.7999992370605 18.2000007629395 16.7999992370605 17.2000007629395 17.7999992370605 17.5 17.5 17.2999992370605 17.6000003814697 17.2000007629395 17.6000003814697 18 18.2999992370605 18.7000007629395 18.5 18.3999996185303 18.2999992370605 18.8999996185303 19.2000007629395 19.2000007629395 19.5 19.7000007629395 20 20.1000003814697 20 20 20.1000003814697 19.5 19.7999992370605 19.3999996185303
18.7999992370605 19 19.3999996185303 19 18.1000003814697 18 18.5 18.2000007629395 18.2000007629395 18.7000007629395 19.2000007629395 19.1000003814697 19.2999992370605 19.1000003814697 19 19.1000003814697 18.5 18.2999992370605 18.5 17.8999996185303 17.6000003814697 17.7999992370605 18.7999992370605 18.1000003814697 17.3999996185303 17.7999992370605 18 17.6000003814697 17.7000007629395 18.6000003814697 18.5 17.7999992370605 18.2999992370605 18.8999996185303 19 18.5 17.6000003814697 17.7999992370605 18.6000003814697 19 19 18.7999992370605 19.1000003814697 19.5 19.3999996185303 19.7000007629395 20.1000003814697 20.2000007629395 20.1000003814697 20.3999996185303 20.2999992370605
19.7999992370605 19.6000003814697 19.2000007629395 18.6000003814697 17.8999996185303 17.2999992370605 17.2000007629395 17.6000003814697 18.7999992370605 18.7000007629395 18.7999992370605 19.2999992370605 19.6000003814697 19 19.1000003814697 19.1000003814697 19 18.7000007629395 18 17.7000007629395 18.2999992370605 18.3999996185303 19 19.1000003814697 18.7000007629395 18.6000003814697 18.6000003814697 17.8999996185303 18.7000007629395 18.7999992370605 19.1000003814697 18.8999996185303 19 19.1000003814697 18.8999996185303 18.5 18.3999996185303 18.3999996185303 18.7000007629395 19 18.2999992370605 18.5 18.8999996185303 19.5 19.5 19.7999992370605 19.8999996185303 20 20.2000007629395 20.3999996185303 20.5
19.5 19.2999992370605 19.3999996185303 19.1000003814697 18.3999996185303 17.2000007629395 17.2999992370605 17.2000007629395 17.1000003814697 18 19.2999992370605 19.6000003814697 19.7000007629395 19.2000007629395 18.8999996185303 19.2000007629395 18.8999996185303 18.7000007629395 19.2000007629395 18.7999992370605 18.7999992370605 18.7999992370605 18.7999992370605 19.2999992370605 19.2999992370605 18.6000003814697 18.7000007629395 18.7000007629395 19 19.3999996185303 19.2999992370605 19.3999996185303 19.3999996185303 18.7999992370605 18.2999992370605 18.1000003814697 18 18.2999992370605 19.1000003814697 19.1000003814697 18.8999996185303 18.5 18.2999992370605 18.7999992370605 19.2000007629395 19.8999996185303 20 19.8999996185303 19.8999996185303 20.1000003814697 20.3999996185303
19.3999996185303 19.5 19.2999992370605 19.2999992370605 19.2000007629395 18.5 18.1000003814697 18.7000007629395 18.7999992370605 18.7000007629395 19 19.1000003814697 19.5 19.6000003814697 19.5 19.5 19.3999996185303 19.2999992370605 19.5 19.7000007629395 19.6000003814697 19.7999992370605 19.7000007629395 19.6000003814697 19.7000007629395 19.5 19.2999992370605 19.6000003814697 19.8999996185303 19.7999992370605 19.7999992370605 19.8999996185303 19.7999992370605 19.2000007629395 18.8999996185303 18.7000007629395 18.3999996185303 18.1000003814697 18.2999992370605 18.8999996185303 19.2999992370605 18.6000003814697 18.5 18.7000007629395 19.3999996185303 20 20 20.1000003814697 20.2000007629395 20.2000007629395 20.2000007629395
19.2999992370605 19.1000003814697 18.8999996185303 19.1000003814697 19.2000007629395 19.2999992370605 19.3999996185303 19.6000003814697 19.6000003814697 19.5 19.3999996185303 19.5 19.6000003814697 19.5 19.2000007629395 19.2999992370605 19.2000007629395 19.2000007629395 19 19 19.6000003814697 19.6000003814697 19.2999992370605 19.5 19.6000003814697 19.6000003814697 20.1000003814697 20.2000007629395 20.2000007629395 20.3999996185303 20.3999996185303 20.5 20.3999996185303 20 20 20 19.5 19 18.6000003814697 18.2999992370605 18.7000007629395 19.2000007629395 19.5 19.5 19.5 19.7999992370605 20 20.1000003814697 20.2000007629395 20.3999996185303 20.7000007629395
19.1000003814697 19 19 18.7000007629395 18.5 18.3999996185303 18.3999996185303 18 18.1000003814697 18.7000007629395 19.2999992370605 19.7999992370605 19.5 19.2000007629395 19.2000007629395 19.2000007629395 19 18.6000003814697 18.7000007629395 19.2999992370605 19.2999992370605 19.2999992370605 18.7999992370605 18.7999992370605 18.7999992370605 18.8999996185303 19.2999992370605 19.7999992370605 19.8999996185303 20 20.2000007629395 20.3999996185303 20.6000003814697 20.5 20.5 20.7000007629395 20.5 20.1000003814697 19.3999996185303 19 18.8999996185303 19 19.2999992370605 19.6000003814697 19.8999996185303 20 20.1000003814697 20.2999992370605 20.2000007629395 20.1000003814697 20.3999996185303
18.1000003814697 18.5 18.7000007629395 18.7000007629395 18.7000007629395 18.6000003814697 18.2999992370605 18.5 18.8999996185303 18.7000007629395 18.5 19.1000003814697 19.5 19.1000003814697 19 19.2000007629395 19.2000007629395 18.8999996185303 19 19.1000003814697 19.6000003814697 19.2999992370605 19.2999992370605 19.2999992370605 19.2999992370605 19.3999996185303 19.5 19.6000003814697 19.7000007629395 19.6000003814697 19.8999996185303 20 20.2000007629395 20.2999992370605 20.2999992370605 20.2000007629395 20.2999992370605 20.3999996185303 20.3999996185303 20.3999996185303 20.3999996185303 20.1000003814697 19.7999992370605 20 20.2000007629395 20.5 20.6000003814697 20.6000003814697 20.3999996185303 20.2000007629395 20.2000007629395
18.3999996185303 18.5 18.5 18.6000003814697 19 18.8999996185303 18.6000003814697 18.5 18.5 18.5 18.6000003814697 18.7999992370605 19.6000003814697 19.3999996185303 19 18.6000003814697 18.6000003814697 18.3999996185303 18.1000003814697 18.2999992370605 18.7000007629395 19.2999992370605 19.7000007629395 19.6000003814697 19.7999992370605 19.8999996185303 20 20.2999992370605 20.2000007629395 20.3999996185303 20.3999996185303 20.2999992370605 20.2000007629395 20.3999996185303 20.3999996185303 20.2000007629395 20.1000003814697 20.3999996185303 20.5 20.2999992370605 20.2999992370605 20.5 20.5 20.6000003814697 20.7000007629395 20.8999996185303 21 20.8999996185303 20.7999992370605 20.3999996185303 20.2000007629395
18.7000007629395 18.7000007629395 18.5 18.3999996185303 18.7000007629395 19.1000003814697 19.1000003814697 19.1000003814697 18.5 17.6000003814697 17.5 18.7000007629395 19.1000003814697 18.8999996185303 19 19 19 18.7000007629395 18.7000007629395 18.7999992370605 18.8999996185303 18.8999996185303 19.1000003814697 18.8999996185303 19.2999992370605 19.6000003814697 19.8999996185303 20.2000007629395 20.2999992370605 20.2000007629395 20.1000003814697 20 20.2000007629395 20.3999996185303 20.3999996185303 20.2999992370605 20.2000007629395 20.1000003814697 19.7999992370605 19.7000007629395 19.8999996185303 20.1000003814697 20.3999996185303 20.7000007629395 20.7999992370605 20.8999996185303 21.1000003814697 21.2000007629395 21.1000003814697 20.7999992370605 20.5
