data/fut_env/bio8_avg_2040-2060.asc
NCOLS 664 
NROWS 380 
XLLCORNER 3.91666666666664 
YLLCORNER 55.3333333333333 
CELLSIZE 0.0416666666666667 
NODATA_value -3.4e+38 
[rows 276 to 298 of 380, columns 312 to 363 of 664]
18.7999992370605 18.8999996185303 19 19 19 18.7999992370605 18.7999992370605 18.7999992370605 18.7999992370605 18.7000007629395 18.7000007629395 18.7999992370605 18.7000007629395 18.7000007629395 18.7999992370605 18.7999992370605 18.7999992370605 18.6000003814697 18.6000003814697 18.7000007629395 18.7000007629395 18.7999992370605 18.8999996185303 18.8999996185303 19 18.8999996185303 18.8999996185303 18.8999996185303 18.7999992370605 18.8999996185303 18.8999996185303 18.7999992370605 18.7000007629395 18.7000007629395 18.7000007629395 18.6000003814697 18.7000007629395 18.6000003814697 18.7000007629395 18.6000003814697 18.7000007629395 18.7000007629395 18.7999992370605 18.7999992370605 18.8999996185303 19 18.8999996185303 18.7999992370605 18.7999992370605 9.69999980926514 9.69999980926514 9.80000019073486
18.8999996185303 19 19.1000003814697 19.1000003814697 18.8999996185303 18.7999992370605 18.7999992370605 18.7999992370605 18.8999996185303 18.8999996185303 18.7999992370605 18.7999992370605 18.7000007629395 18.7000007629395 18.7999992370605 18.7999992370605 18.6000003814697 18.7000007629395 18.7000007629395 18.7999992370605 18.7999992370605 18.7999992370605 18.8999996185303 19 19.1000003814697 19.1000003814697 19 19 19 18.8999996185303 19 18.7999992370605 18.7999992370605 18.7000007629395 18.7000007629395 18.6000003814697 18.7000007629395 18.6000003814697 18.7000007629395 18.7999992370605 18.7000007629395 18.7999992370605 18.8999996185303 18.8999996185303 19.1000003814697 19 18.8999996185303 18.7999992370605 18.7999992370605 9.69999980926514 9.69999980926514 -3.4e+38
19 19 19.1000003814697 19.1000003814697 19 18.8999996185303 18.8999996185303 18.8999996185303 18.8999996185303 19 18.8999996185303 19 18.8999996185303 18.7999992370605 18.8999996185303 18.7999992370605 18.7000007629395 18.7999992370605 18.7999992370605 18.7999992370605 18.7000007629395 18.8999996185303 18.8999996185303 19.1000003814697 19.2999992370605 19.2000007629395 19.2000007629395 19.1000003814697 19.1000003814697 19 19 19 18.8999996185303 18.7000007629395 18.7000007629395 18.7999992370605 18.7999992370605 18.7999992370605 18.7999992370605 18.8999996185303 18.7999992370605 18.8999996185303 19 19 18.8999996185303 18.8999996185303 19.1000003814697 19.2000007629395 19.5 -3.4e+38 9.80000019073486 9.80000019073486
19.1000003814697 19.1000003814697 19.1000003814697 19.1000003814697 19.2000007629395 19.1000003814697 19 19 18.8999996185303 19 18.8999996185303 19 19.1000003814697 19.1000003814697 19 18.8999996185303 19 19 18.7999992370605 18.7999992370605 19 19 18.8999996185303 19.2000007629395 19.2999992370605 19.2000007629395 19.2000007629395 19.2000007629395 19.2000007629395 19.1000003814697 18.8999996185303 18.8999996185303 19.1000003814697 18.8999996185303 18.7999992370605 18.7999992370605 18.7999992370605 18.8999996185303 19 19 18.8999996185303 18.8999996185303 19 19 19 18.8999996185303 19.1000003814697 -3.4e+38 -3.4e+38 10.6000003814697 10.5 10.5
19.8999996185303 19.1000003814697 19.1000003814697 19.1000003814697 19.1000003814697 19.1000003814697 19.1000003814697 19.1000003814697 19.1000003814697 19.1000003814697 19.1000003814697 19.1000003814697 19.1000003814697 19.2000007629395 19.2000007629395 19.1000003814697 19.1000003814697 19.1000003814697 19.1000003814697 19.1000003814697 19.7999992370605 19.7000007629395 19.7999992370605 20 19.2999992370605 19.2999992370605 19.2999992370605 19.2999992370605 19.2000007629395 19.2000007629395 18.8999996185303 19 19.2000007629395 19.2000007629395 19 18.8999996185303 19 19.1000003814697 19 19 19 19.1000003814697 19 19 19 19 18.8999996185303 9.80000019073486 9.80000019073486 10 -3.4e+38 -3.4e+38
19.8999996185303 19.7999992370605 19.7999992370605 19.8999996185303 19.1000003814697 19 19 19.2000007629395 19.1000003814697 19.2000007629395 19.2000007629395 19.1000003814697 19.2000007629395 19.2000007629395 19.1000003814697 19.1000003814697 19.1000003814697 19.2000007629395 19.7000007629395 19.7000007629395 19.7000007629395 19.7999992370605 20 20 19.3999996185303 19.3999996185303 19.2999992370605 19.3999996185303 19.3999996185303 19.2000007629395 19 19 19.1000003814697 19.1000003814697 19.1000003814697 19.1000003814697 19.1000003814697 19.1000003814697 19 19 19.1000003814697 19 19.1000003814697 19.1000003814697 19.1000003814697 19 9.69999980926514 9.80000019073486 9.80000019073486 10 9.89999961853027 -3.4e+38
19.7999992370605 19.8999996185303 19.1000003814697 19.1000003814697 19.1000003814697 18.8999996185303 19 19 19 19.2000007629395 19.2000007629395 19.2000007629395 19.2000007629395 19 18.8999996185303 19.1000003814697 19.2000007629395 19.7999992370605 19.7999992370605 19.7000007629395 19.7000007629395 19.8999996185303 20.2000007629395 20.2999992370605 20.3999996185303 20.3999996185303 19.6000003814697 19.5 19.3999996185303 19.2000007629395 19 19 19 19.1000003814697 19.1000003814697 19.1000003814697 19 19 19 19.1000003814697 19.1000003814697 19.1000003814697 19.2000007629395 19.1000003814697 10 9.89999961853027 9.89999961853027 9.89999961853027 9.89999961853027 9.89999961853027 10.1000003814697 -3.4e+38
19.7000007629395 19.7999992370605 19.8999996185303 19 18.8999996185303 19 19 19 19.1000003814697 19.2000007629395 19.2000007629395 19.2000007629395 19.2000007629395 19.2000007629395 19 19.1000003814697 19.1000003814697 19.2000007629395 19.7999992370605 19.8999996185303 19.7999992370605 19.7000007629395 19.7999992370605 20.1000003814697 20.2000007629395 19.6000003814697 19.7000007629395 19.7000007629395 19.7000007629395 19.3999996185303 19.2000007629395 19.1000003814697 19.1000003814697 19.1000003814697 19.1000003814697 19.2000007629395 19.2000007629395 19.1000003814697 19.1000003814697 19.1000003814697 19.1000003814697 19.2000007629395 19.2000007629395 9.89999961853027 10 10 10 10 9.89999961853027 10 -3.4e+38 -3.4e+38
18.7999992370605 18.7999992370605 19.7000007629395 18.8999996185303 18.8999996185303 18.8999996185303 19 19 19.2000007629395 19.2000007629395 19.2000007629395 19.1000003814697 19.1000003814697 19.2000007629395 19.2999992370605 19.2000007629395 19.1000003814697 19 19.2000007629395 19.2000007629395 19.2000007629395 19.2000007629395 19.2000007629395 19.2000007629395 19.2000007629395 19.3999996185303 19.5 19.6000003814697 19.5 19.2999992370605 19.1000003814697 19.2000007629395 19.2000007629395 19.2000007629395 9.69999980926514 19.2000007629395 19.2999992370605 19.2000007629395 19.2000007629395 19.1000003814697 9.69999980926514 19.1000003814697 9.89999961853027 10 10 10 10 10 -3.4e+38 -3.4e+38 -3.4e+38 -3.4e+38
18.7999992370605 18.8999996185303 18.7999992370605 18.8999996185303 19.1000003814697 19 19 19.1000003814697 19.2000007629395 19.2000007629395 19.2000007629395 19 19 19.1000003814697 19.1000003814697 19.1000003814697 19 18.8999996185303 19.1000003814697 19.2000007629395 19.2999992370605 19.2000007629395 19.2000007629395 19.1000003814697 19.1000003814697 19.2000007629395 19.2999992370605 19.2999992370605 19.2999992370605 19.2000007629395 18.8999996185303 19.1000003814697 19.2000007629395 19.2999992370605 9.80000019073486 9.80000019073486 9.69999980926514 9.69999980926514 9.80000019073486 9.80000019073486 9.89999961853027 9.89999961853027 9.89999961853027 9.89999961853027 10 10.1000003814697 -3.4e+38 10 10 -3.4e+38 10.6999998092651 -3.4e+38
18.7999992370605 18.7999992370605 18.7000007629395 18.7999992370605 18.8999996185303 18.8999996185303 18.8999996185303 18.8999996185303 18.8999996185303 19 18.8999996185303 18.8999996185303 19 18.7999992370605 18.7999992370605 18.8999996185303 19.1000003814697 18.8999996185303 19.1000003814697 19.2000007629395 19.1000003814697 19.2000007629395 19.2000007629395 18.8999996185303 18.8999996185303 18.8999996185303 19 19 19 19 19.1000003814697 19 19.1000003814697 9.89999961853027 9.80000019073486 9.89999961853027 9.80000019073486 9.69999980926514 9.80000019073486 9.80000019073486 10 10 10.1999998092651 10 10.1999998092651 10.3999996185303 -3.4e+38 -3.4e+38 10 -3.4e+38 -3.4e+38 -3.4e+38
18.7000007629395 18.7000007629395 18.7000007629395 18.7999992370605 18.7999992370605 18.7999992370605 18.8999996185303 18.7999992370605 18.7999992370605 18.7999992370605 18.8999996185303 18.8999996185303 19.1000003814697 18.8999996185303 18.8999996185303 19.1000003814697 19.2000007629395 19.2999992370605 19.2000007629395 19.1000003814697 19.1000003814697 19 18.8999996185303 18.8999996185303 18.7999992370605 18.7000007629395 18.7000007629395 18.7000007629395 18.7999992370605 18.7999992370605 18.8999996185303 18.7999992370605 9.5 9.60000038146973 9.80000019073486 10 10.1000003814697 10 10 10 -3.4e+38 10 10 10 10.1999998092651 10.5 10.1999998092651 -3.4e+38 -3.4e+38 -3.4e+38 -3.4e+38 -3.4e+38
18.8999996185303 18.8999996185303 18.7999992370605 18.7999992370605 18.7999992370605 19 19.1000003814697 19.1000003814697 18.7999992370605 18.8999996185303 19 19 19 19 19 19.1000003814697 19.2000007629395 19.2999992370605 19.1000003814697 19 19 18.8999996185303 5.19999980926514 5 5 18.5 5 18.5 5 5.19999980926514 5.19999980926514 5.09999990463257 9.5 5.30000019073486 5.40000009536743 5.69999980926514 5.90000009536743 10.1000003814697 -3.4e+38 10.1000003814697 10.1000003814697 10.1000003814697 10.1000003814697 10.1000003814697 10.1999998092651 10.1000003814697 -3.4e+38 -3.4e+38 -3.4e+38 -3.4e+38 -3.4e+38 -3.4e+38
18.8999996185303 19 18.8999996185303 18.7999992370605 19 19.1000003814697 19.2000007629395 19.2000007629395 19.2000007629395 19 19 19 18.8999996185303 18.8999996185303 18.8999996185303 19 19.1000003814697 19.2000007629395 19.1000003814697 19 9.80000019073486 5.19999980926514 5.19999980926514 5.19999980926514 5 5 5 5.09999990463257 5.19999980926514 5.19999980926514 5.30000019073486 5.40000009536743 5.40000009536743 5.5 5.69999980926514 5.69999980926514 5.80000019073486 5.90000009536743 10.1000003814697 10.1000003814697 10.1999998092651 10.1000003814697 -3.4e+38 10.3999996185303 10.1999998092651 10.1999998092651 -3.4e+38 -3.4e+38 -3.4e+38 -3.4e+38 -3.4e+38 -3.4e+38
19.1000003814697 19.1000003814697 19 18.8999996185303 19 19.2000007629395 19.2000007629395 19.2000007629395 19.2999992370605 19.2000007629395 19.1000003814697 19 18.8999996185303 18.8999996185303 18.8999996185303 19.1000003814697 19.2000007629395 19.2999992370605 9.89999961853027 9.89999961853027 9.80000019073486 5.30000019073486 5.19999980926514 5.19999980926514 5.19999980926514 5.19999980926514 5.19999980926514 5.19999980926514 5.19999980926514 5.5 5.80000019073486 5.59999990463257 5.80000019073486 5.90000009536743 5.90000009536743 5.80000019073486 5.80000019073486 5.90000009536743 6.09999990463257 10.1999998092651 -3.4e+38 -3.4e+38 -3.4e+38 -3.4e+38 -3.4e+38 -3.4e+38 -3.4e+38 -3.4e+38 -3.4e+38 -3.4e+38 -3.4e+38 -3.4e+38
19.1000003814697 19.1000003814697 19.1000003814697 19.1000003814697 19.1000003814697 19.1000003814697 19.1000003814697 19 19 19.2000007629395 19.2000007629395 19.1000003814697 19.1000003814697 19 19 19.2000007629395 10 10.1000003814697 10 -3.4e+38 5.5 5.40000009536743 5.40000009536743 5.40000009536743 5.40000009536743 5.40000009536743 5.5 5.69999980926514 5.69999980926514 5.80000019073486 5.80000019073486 5.80000019073486 -3.4e+38 -3.4e+38 5.90000009536743 5.80000019073486 5.80000019073486 6 6.09999990463257 6.69999980926514 -3.4e+38 11 -3.4e+38 -3.4e+38 -3.4e+38 -3.4e+38 -3.4e+38 -3.4e+38 -3.4e+38 -3.4e+38 -3.4e+38 -3.4e+38
19 18.8999996185303 18.8999996185303 19 19.1000003814697 18.8999996185303 19 19 19 19 19.1000003814697 19.2000007629395 19.1000003814697 19.1000003814697 19.1000003814697 9.89999961853027 10.1000003814697 10.1000003814697 10.1000003814697 10.1999998092651 5.69999980926514 5.40000009536743 5.40000009536743 5.40000009536743 5.40000009536743 5.59999990463257 5.80000019073486 5.90000009536743 5.80000019073486 5.80000019073486 5.90000009536743 -3.4e+38 5.90000009536743 6 6 6.69999980926514 7 6.80000019073486 7.30000019073486 10.8999996185303 -3.4e+38 -3.4e+38 -3.4e+38 -3.4e+38 -3.4e+38 -3.4e+38 -3.4e+38 -3.4e+38 -3.4e+38 -3.4e+38 -3.4e+38 -3.4e+38
18.8999996185303 18.8999996185303 19 19 19.1000003814697 19 19 19 19 19 19 19.1000003814697 19.2000007629395 9.89999961853027 10 10.1000003814697 10.1999998092651 10.1999998092651 10.1999998092651 10.1999998092651 10.1000003814697 5.59999990463257 5.5 5.5 5.69999980926514 5.80000019073486 5.90000009536743 -3.4e+38 -3.4e+38 -3.4e+38 5.90000009536743 5.90000009536743 5.90000009536743 6.09999990463257 6.09999990463257 -3.4e+38 -3.4e+38 -3.4e+38 -3.4e+38 10.8999996185303 -3.4e+38 -3.4e+38 -3.4e+38 -3.4e+38 -3.4e+38 -3.4e+38 -3.4e+38 -3.4e+38 -3.4e+38 -3.4e+38 -3.4e+38 -3.4e+38
19 19 19.1000003814697 19.2000007629395 19.2999992370605 19.2000007629395 19 19.1000003814697 19.1000003814697 19.1000003814697 19 19.1000003814697 19.1000003814697 10 10.1000003814697 10.1999998092651 10.1999998092651 10.3000001907349 10.3000001907349 10.3000001907349 10.1999998092651 10.1999998092651 10.1999998092651 5.90000009536743 6 6 6 -3.4e+38 6.09999990463257 6.09999990463257 6 5.90000009536743 -3.4e+38 -3.4e+38 -3.4e+38 -3.4e+38 -3.4e+38 -3.4e+38 -3.4e+38 -3.4e+38 -3.4e+38 -3.4e+38 -3.4e+38 -3.4e+38 -3.4e+38 -3.4e+38 -3.4e+38 -3.4e+38 -3.4e+38 -3.4e+38 -3.4e+38 -3.4e+38
19 19 19.1000003814697 19.1000003814697 19.1000003814697 19 19.1000003814697 19.2000007629395 19.2000007629395 19.1000003814697 19.2000007629395 19.2000007629395 10.1000003814697 10.1000003814697 10.1999998092651 10.3000001907349 10.3999996185303 10.5 10.3000001907349 10.3999996185303 10.1999998092651 10.1999998092651 10.1999998092651 10.3999996185303 10.3000001907349 6.19999980926514 11 6.19999980926514 6.19999980926514 6.09999990463257 -3.4e+38 -3.4e+38 -3.4e+38 -3.4e+38 -3.4e+38 -3.4e+38 -3.4e+38 -3.4e+38 -3.4e+38 -3.4e+38 -3.4e+38 -3.4e+38 -3.4e+38 -3.4e+38 -3.4e+38 -3.4e+38 -3.4e+38 -3.4e+38 -3.4e+38 -3.4e+38 -3.4e+38 -3.4e+38
19.1000003814697 19 18.8999996185303 19.1000003814697 19.1000003814697 19 19 19.1000003814697 19.2000007629395 19.2000007629395 19.2999992370605 10.1000003814697 10.1999998092651 10.1999998092651 10.3000001907349 10.3999996185303 10.6000003814697 10.5 10.3999996185303 -3.4e+38 10.5 10.3000001907349 10.3000001907349 6.09999990463257 10.3999996185303 -3.4e+38 -3.4e+38 -3.4e+38 -3.4e+38 -3.4e+38 -3.4e+38 -3.4e+38 -3.4e+38 -3.4e+38 -3.4e+38 -3.4e+38 -3.4e+38 -3.4e+38 -3.4e+38 -3.4e+38 -3.4e+38 -3.4e+38 -3.4e+38 -3.4e+38 -3.4e+38 -3.4e+38 -3.4e+38 -3.4e+38 -3.4e+38 -3.4e+38 -3.4e+38 -3.4e+38
19.2000007629395 19.2000007629395 19.2999992370605 19.2000007629395 19.1000003814697 19.1000003814697 19.2000007629395 19.2000007629395 19.2999992370605 19.3999996185303 19.3999996185303 19.5 10.3000001907349 10.3000001907349 10.3999996185303 10.5 -3.4e+38 -3.4e+38 -3.4e+38 -3.4e+38 -3.4e+38 -3.4e+38 10.6000003814697 -3.4e+38 -3.4e+38 -3.4e+38 11.1999998092651 -3.4e+38 -3.4e+38 -3.4e+38 -3.4e+38 -3.4e+38 -3.4e+38 -3.4e+38 -3.4e+38 -3.4e+38 -3.4e+38 -3.4e+38 -3.4e+38 -3.4e+38 -3.4e+38 -3.4e+38 -3.4e+38 -3.4e+38 -3.4e+38 -3.4e+38 -3.4e+38 -3.4e+38 -3.4e+38 -3.4e+38 -3.4e+38 -3.4e+38
19 19.2999992370605 19.3999996185303 19.2999992370605 19.2999992370605 19.2999992370605 19.2999992370605 19.2999992370605 19.3999996185303 19.5 19.5 10.3999996185303 10.3000001907349 10.3999996185303 10.3999996185303 10.5 -3.4e+38 -3.4e+38 -3.4e+38 -3.4e+38 -3.4e+38 -3.4e+38 10.6999998092651 -3.4e+38 -3.4e+38 -3.4e+38 -3.4e+38 -3.4e+38 -3.4e+38 -3.4e+38 -3.4e+38 -3.4e+38 -3.4e+38 -3.4e+38 -3.4e+38 -3.4e+38 -3.4e+38 -3.4e+38 -3.4e+38 -3.4e+38 -3.4e+38 -3.4e+38 -3.4e+38 -3.4e+38 -3.4e+38 -3.4e+38 -3.4e+38 -3.4e+38 -3.4e+38 -3.4e+38 -3.4e+38 -3.4e+38
