data/fut_env/bio8_avg_2040-2060.asc
NCOLS 664 
NROWS 380 
XLLCORNER 3.91666666666664 
YLLCORNER 55.3333333333333 
CELLSIZE 0.0416666666666667 
NODATA_value -3.4e+38 
[rows 322 to 344 of 380, columns 520 to 571 of 664]
18.7999992370605 18.8999996185303 19.1000003814697 19.1000003814697 19 19.7999992370605 19.5 19.5 19.3999996185303 19.3999996185303 19.3999996185303 19.3999996185303 19.3999996185303 19.3999996185303 19.3999996185303 19.3999996185303 19.3999996185303 19.3999996185303 19.3999996185303 19.5 19.3999996185303 19.5 19.5 19.5 19.5 19.5 19.6000003814697 19.6000003814697 19.6000003814697 19.6000003814697 19.5 19.5 19.3999996185303 19.2000007629395 19 18.8999996185303 19.1000003814697 19.2000007629395 19.2999992370605 19.2999992370605 19.3999996185303 19.3999996185303 19.3999996185303 19.2999992370605 19.2999992370605 19.3999996185303 19.3999996185303 19.6000003814697 19.6000003814697 19.6000003814697 19.6000003814697 19.6000003814697
18.7999992370605 18.8999996185303 19.1000003814697 19.1000003814697 19.1000003814697 19.7000007629395 19.5 19.5 19.3999996185303 19.3999996185303 19.3999996185303 19.3999996185303 19.3999996185303 19.3999996185303 19.3999996185303 19.3999996185303 19.3999996185303 19.3999996185303 19.5 19.5 19.3999996185303 19.5 19.5 19.5 19.5 19.6000003814697 19.6000003814697 19.5 19.5 19.5 19.3999996185303 19.2999992370605 19.2999992370605 19.1000003814697 18.8999996185303 18.7999992370605 19 19.1000003814697 19.2000007629395 19.2000007629395 19.2000007629395 19.2000007629395 19.2000007629395 19.2000007629395 19.2000007629395 19.2999992370605 19.2999992370605 19.5 19.5 19.6000003814697 19.6000003814697 19.6000003814697
18.7999992370605 18.7999992370605 18.8999996185303 19 18.8999996185303 19.6000003814697 19.5 19.6000003814697 19.6000003814697 19.5 19.3999996185303 19.3999996185303 19.3999996185303 19.3999996185303 19.3999996185303 19.5 19.3999996185303 19.3999996185303 19.3999996185303 19.5 19.5 19.5 19.5 19.5 19.5 19.5 19.5 19.5 19.5 19.3999996185303 19.2999992370605 19.2999992370605 19.2999992370605 19.2000007629395 19.1000003814697 19 19 19.2000007629395 19.2000007629395 19.2000007629395 19.2000007629395 19.2000007629395 19.2000007629395 19.2000007629395 19.2000007629395 19.2000007629395 19.2999992370605 19.2999992370605 19.3999996185303 19.3999996185303 19.5 19.6000003814697
18.8999996185303 18.7999992370605 18.8999996185303 18.7999992370605 18.8999996185303 19.5 19.5 19.6000003814697 19.6000003814697 19.3999996185303 19.3999996185303 19.3999996185303 19.2000007629395 19.2999992370605 19.3999996185303 19.3999996185303 19.5 19.5 19.3999996185303 19.5 19.5 19.5 19.5 19.6000003814697 19.5 19.5 19.5 19.5 19.5 19.3999996185303 19.2000007629395 19.2000007629395 19.2000007629395 19.2000007629395 19.1000003814697 19 19.1000003814697 19.2000007629395 19.2000007629395 19.2000007629395 19.2000007629395 19.2000007629395 19.2000007629395 19.2000007629395 19.2000007629395 19.2000007629395 19.2999992370605 19.2999992370605 19.3999996185303 19.3999996185303 19.3999996185303 19.5
18.8999996185303 18.8999996185303 18.7999992370605 18.7999992370605 18.7999992370605 18.7999992370605 18.8999996185303 19.6000003814697 19.5 19.5 19.3999996185303 19.2999992370605 19.2999992370605 19.3999996185303 19.2999992370605 19.3999996185303 19.3999996185303 19.3999996185303 19.5 19.5 19.5 19.5 19.5 19.5 19.5 19.5 19.5 19.5 19.3999996185303 19.2000007629395 19.2000007629395 19 18.8999996185303 19 19.1000003814697 19.1000003814697 19.2000007629395 19.2000007629395 19.2000007629395 19.2000007629395 19.2000007629395 19.2000007629395 19.2000007629395 19.2000007629395 19.2000007629395 19.2999992370605 19.2999992370605 19.5 19.3999996185303 19.3999996185303 19.5 19.5
18.7999992370605 18.7999992370605 18.8999996185303 18.8999996185303 18.8999996185303 18.8999996185303 18.8999996185303 19.3999996185303 19.3999996185303 19.3999996185303 19.2999992370605 19.2999992370605 19.2999992370605 19.2999992370605 19.2999992370605 19.2999992370605 19.3999996185303 19.3999996185303 19.3999996185303 19.3999996185303 19.3999996185303 19.3999996185303 19.5 19.5 19.5 19.5 19.5 19.6000003814697 19.5 19.2999992370605 19.2000007629395 19.2000007629395 19.1000003814697 19.1000003814697 19.2000007629395 19.2000007629395 19.2000007629395 19.2000007629395 19.2000007629395 19.2000007629395 19.2000007629395 19.2000007629395 19.2000007629395 19.2000007629395 19.2000007629395 19.2999992370605 19.2999992370605 19.5 19.6000003814697 19.5 19.3999996185303 19.5
18.7999992370605 18.7999992370605 18.7999992370605 18.7999992370605 18.7999992370605 18.7999992370605 19.3999996185303 19.3999996185303 19.2999992370605 19.2999992370605 19.2999992370605 19.2999992370605 19.2999992370605 19.2000007629395 19.2000007629395 19.2999992370605 19.2999992370605 19.3999996185303 19.3999996185303 19.5 19.3999996185303 19.3999996185303 19.5 19.5 19.3999996185303 19.3999996185303 19.3999996185303 19.3999996185303 19.2999992370605 19.2999992370605 19.2000007629395 19.2000007629395 19.2000007629395 19.2000007629395 19.2000007629395 19.2000007629395 19.2000007629395 19.1000003814697 19.2000007629395 19.2000007629395 19.2000007629395 19.2000007629395 19.2999992370605 19.2000007629395 19.2999992370605 19.3999996185303 19.3999996185303 19.5 19.6000003814697 19.5 19.5 19.5
18.7999992370605 18.7999992370605 18.7000007629395 18.6000003814697 18.7000007629395 18.7000007629395 19.2999992370605 19.2999992370605 19.2000007629395 19 19.1000003814697 19.1000003814697 19.2000007629395 19.2000007629395 19.2000007629395 19.2999992370605 19.2999992370605 19.3999996185303 19.3999996185303 19.3999996185303 19.3999996185303 19.3999996185303 19.5 19.5 19.3999996185303 19.3999996185303 19.3999996185303 19.3999996185303 19.2999992370605 19.2999992370605 19.2000007629395 19.1000003814697 19.1000003814697 19.1000003814697 19.2000007629395 19.2000007629395 19.1000003814697 19.1000003814697 19.2000007629395 19.2000007629395 19.2000007629395 19.2999992370605 19.2999992370605 19.2999992370605 19.2999992370605 19.2999992370605 19.5 19.6000003814697 19.5 19.3999996185303 19.3999996185303 19.5
18.7999992370605 18.6000003814697 18.5 18.2999992370605 18.3999996185303 18.3999996185303 18.3999996185303 19 19 18.8999996185303 18.8999996185303 19 19.1000003814697 19.1000003814697 19.2000007629395 19.2000007629395 19.2000007629395 19.2999992370605 19.2999992370605 19.3999996185303 19.2999992370605 19.2999992370605 19.2999992370605 19.2999992370605 19.2999992370605 19.2999992370605 19.2999992370605 19.3999996185303 19.2999992370605 19.2999992370605 19.2000007629395 19.1000003814697 19.1000003814697 19.1000003814697 19.2000007629395 19.2000007629395 19.1000003814697 19.2000007629395 19.2000007629395 19.2000007629395 19.2999992370605 19.2999992370605 19.2999992370605 19.2999992370605 19.2999992370605 19.2999992370605 19.3999996185303 19.5 19.5 19.5 19.5 19.5
18.7000007629395 18.5 18.7999992370605 18.7000007629395 18.1000003814697 18.1000003814697 18.7000007629395 18.2000007629395 18.7999992370605 18.7999992370605 18.7999992370605 18.8999996185303 18.8999996185303 19 19.1000003814697 19.2000007629395 19.1000003814697 19.1000003814697 19.2000007629395 19.2999992370605 19.2999992370605 19.2999992370605 19.2999992370605 19.2999992370605 19.2999992370605 19.2999992370605 19.2999992370605 19.2999992370605 19.2999992370605 19.2999992370605 19.2000007629395 19.2000007629395 19.1000003814697 19.2000007629395 19.2999992370605 19.2000007629395 19.2000007629395 19.2000007629395 19.2999992370605 19.3999996185303 19.3999996185303 19.2999992370605 19.2999992370605 19.2999992370605 19.2999992370605 19.3999996185303 19.3999996185303 19.3999996185303 19.5 19.5 19.6000003814697 19.6000003814697
18.3999996185303 18.2999992370605 18.2000007629395 18.6000003814697 18 18.1000003814697 18.5 18 18.5 18.6000003814697 18.6000003814697 18.7000007629395 18.7999992370605 18.8999996185303 18.8999996185303 19 19.1000003814697 19.1000003814697 19.1000003814697 19.1000003814697 19.2999992370605 19.2999992370605 19.2999992370605 19.3999996185303 19.3999996185303 19.3999996185303 19.2999992370605 19.2999992370605 19.2999992370605 19.2999992370605 19.2000007629395 19.2000007629395 19.2999992370605 19.2999992370605 19.2999992370605 19.3999996185303 19.3999996185303 19.3999996185303 19.3999996185303 19.3999996185303 19.3999996185303 19.3999996185303 19.2999992370605 19.3999996185303 19.3999996185303 19.3999996185303 19.3999996185303 19.3999996185303 19.5 19.6000003814697 19.6000003814697 19.6000003814697
18.2000007629395 18.1000003814697 18.1000003814697 18 18 18.5 18.5 18.1000003814697 18.1000003814697 18.5 18.6000003814697 18.6000003814697 18.7999992370605 18.7999992370605 18.8999996185303 19 19 19.1000003814697 19.2000007629395 19.2000007629395 19 19.2999992370605 19.3999996185303 19.3999996185303 19.3999996185303 13.8999996185303 13.8000001907349 13.8000001907349 19.2999992370605 19.2999992370605 19.2999992370605 19.3999996185303 19.2999992370605 19.2999992370605 19.3999996185303 19.5 19.5 19.3999996185303 19.3999996185303 19.3999996185303 19.2999992370605 19.3999996185303 19.3999996185303 19.3999996185303 19.3999996185303 19.3999996185303 19.3999996185303 19.3999996185303 19.5 19.5 19.6000003814697 19.6000003814697
18.1000003814697 18.1000003814697 18.1000003814697 18.1000003814697 18 18.1000003814697 18.2000007629395 18.2000007629395 18.2000007629395 18.2000007629395 18.2000007629395 18.7999992370605 18.7999992370605 18.7999992370605 18.8999996185303 18.8999996185303 19 19.1000003814697 19.1000003814697 18.8999996185303 19 19 19.2999992370605 19.3999996185303 19.3999996185303 14 8.80000019073486 8.80000019073486 8.69999980926514 8.69999980926514 19.2999992370605 19.3999996185303 19.3999996185303 19.3999996185303 19.3999996185303 19.5 19.5 19.3999996185303 19.3999996185303 19.3999996185303 19.3999996185303 19.3999996185303 19.3999996185303 19.3999996185303 19.5 19.6000003814697 19.3999996185303 19.3999996185303 19.5 19.6000003814697 19.6000003814697 19.6000003814697
18 18.1000003814697 18.2000007629395 18.1000003814697 18.1000003814697 18.1000003814697 18.2000007629395 18.2000007629395 18.2000007629395 18.6000003814697 18.2000007629395 18.2999992370605 18.7000007629395 18.7000007629395 18.7000007629395 18.7999992370605 18.8999996185303 19 19 19.1000003814697 19.2000007629395 19.2000007629395 19 13.8999996185303 13.8999996185303 8.89999961853027 8.89999961853027 8.89999961853027 8.80000019073486 8.80000019073486 19.3999996185303 19.3999996185303 19.3999996185303 19.5 19.6000003814697 19.6000003814697 19.6000003814697 19.6000003814697 19.5 19.6000003814697 19.6000003814697 19.6000003814697 19.5 19.5 19.6000003814697 19.5 19.5 19.3999996185303 19.6000003814697 19.6000003814697 19.7999992370605 19.7999992370605
18.1000003814697 18.2000007629395 18.1000003814697 18.1000003814697 18.1000003814697 18.1000003814697 18.1000003814697 18.1000003814697 18.2000007629395 18.6000003814697 18.2000007629395 18.6000003814697 18.5 18.6000003814697 18.7000007629395 18.8999996185303 19 19 19 18.7999992370605 19.2000007629395 19.2000007629395 19 13.8999996185303 8.89999961853027 8.89999961853027 8.89999961853027 9 9 8.80000019073486 8.80000019073486 19.3999996185303 19.5 19.5 19.5 19.5 19.5 19.6000003814697 19.6000003814697 19.7000007629395 19.7000007629395 19.7000007629395 19.6000003814697 19.5 19.6000003814697 19.5 19.5 19.3999996185303 19.6000003814697 19.6000003814697 19.7999992370605 19.7000007629395
18.2000007629395 18.1000003814697 18.1000003814697 18.2000007629395 18.2000007629395 18.1000003814697 18 18 17.8999996185303 17.8999996185303 18 18.1000003814697 18.7000007629395 18.7999992370605 18.8999996185303 18.8999996185303 19 19.1000003814697 19.2000007629395 18.8999996185303 18.8999996185303 13.8000001907349 13.8000001907349 13.8999996185303 8.89999961853027 8.89999961853027 8.89999961853027 9 9 8.89999961853027 8.89999961853027 19.5 19.5 19.6000003814697 19.5 19.5 19.5 19.5 19.6000003814697 19.7000007629395 19.7000007629395 19.6000003814697 19.6000003814697 19.6000003814697 19.6000003814697 19.6000003814697 19.5 19.3999996185303 19.6000003814697 19.6000003814697 19.7000007629395 19.7000007629395
18.7000007629395 18.7000007629395 18.2000007629395 18.2000007629395 18.2000007629395 18.1000003814697 18 18 17.8999996185303 18 18 18.6000003814697 18.3999996185303 18.5 18.5 18.6000003814697 19.1000003814697 19.2000007629395 19.2000007629395 18.8999996185303 13.8000001907349 13.8000001907349 13.8999996185303 13.8999996185303 8.89999961853027 8.89999961853027 9 9 9 8.89999961853027 8.89999961853027 19.5 19.6000003814697 19.6000003814697 19.5 19.5 19.6000003814697 19.5 19.6000003814697 19.6000003814697 19.6000003814697 19.6000003814697 19.5 19.6000003814697 19.6000003814697 19.6000003814697 19.6000003814697 19.6000003814697 19.6000003814697 19.7999992370605 19.7999992370605 19.7000007629395
18.2999992370605 18.2999992370605 18.2999992370605 18.2999992370605 18.2999992370605 18.2000007629395 18.1000003814697 18.1000003814697 18 18.1000003814697 18.1000003814697 18.2999992370605 18.3999996185303 18.7999992370605 18.7999992370605 18.5 18.7000007629395 18.8999996185303 13.8999996185303 19 13.8999996185303 13.8999996185303 14 14 14 9 9 9 8.89999961853027 9 8.89999961853027 19.6000003814697 19.5 19.5 19.6000003814697 19.6000003814697 19.6000003814697 19.6000003814697 19.6000003814697 19.5 19.5 19.5 19.6000003814697 19.6000003814697 19.7000007629395 19.6000003814697 19.7000007629395 19.6000003814697 19.6000003814697 19.7999992370605 19.7999992370605 19.7999992370605
18.2999992370605 18.2999992370605 18.3999996185303 18.2999992370605 18.8999996185303 18.2999992370605 18.2000007629395 18.2000007629395 18.2000007629395 18.2000007629395 18.2999992370605 18.2999992370605 18.7999992370605 18.7000007629395 18.2000007629395 18.2999992370605 18.5 13.8000001907349 13.8999996185303 13.8999996185303 13.8999996185303 14 14 14.1000003814697 14.1000003814697 9 9 9 9 8.89999961853027 8.89999961853027 19.5 19.5 19.6000003814697 19.7000007629395 19.6000003814697 19.7000007629395 19.6000003814697 19.6000003814697 19.5 19.5 19.5 19.6000003814697 19.7000007629395 19.7000007629395 19.7000007629395 19.7000007629395 19.7000007629395 19.7000007629395 19.7999992370605 19.8999996185303 19.7999992370605
18.3999996185303 18.5 19.2000007629395 18.5 19 19 18.8999996185303 18.2000007629395 18.2000007629395 18.2000007629395 18.3999996185303 18.3999996185303 18.2999992370605 18.2000007629395 18.2000007629395 18.2000007629395 18.5 13.6999998092651 13.8999996185303 13.8999996185303 14 14 14 14 14.1000003814697 14 14 9 9 8.89999961853027 19.5 19.5 19.6000003814697 19.7000007629395 19.7000007629395 19.7000007629395 19.7000007629395 19.7000007629395 19.6000003814697 19.6000003814697 19.6000003814697 19.6000003814697 19.6000003814697 19.7000007629395 19.7000007629395 19.7000007629395 19.7000007629395 19.7000007629395 19.7000007629395 19.7999992370605 19.7999992370605 19.7999992370605
18.6000003814697 18.6000003814697 19.2000007629395 19.1000003814697 19.1000003814697 19 18.2999992370605 18.8999996185303 18.7999992370605 18.8999996185303 18.7999992370605 18.3999996185303 18.3999996185303 18.3999996185303 18.3999996185303 13.5 13.6999998092651 13.8999996185303 14 14 14 14 14 14 14 14 14 14 8.89999961853027 19.7000007629395 19.7000007629395 19.6000003814697 19.7000007629395 19.7000007629395 19.7999992370605 19.7000007629395 19.7000007629395 19.7000007629395 19.7000007629395 19.6000003814697 19.6000003814697 19.6000003814697 19.7000007629395 19.7000007629395 19.7000007629395 19.6000003814697 19.6000003814697 19.6000003814697 19.7000007629395 19.7000007629395 19.7000007629395 19.7000007629395
18.6000003814697 18.6000003814697 19.2000007629395 19.2000007629395 19.1000003814697 19.1000003814697 19.1000003814697 19 18.8999996185303 18.8999996185303 18.2999992370605 18.2999992370605 18.5 18.6000003814697 13.6000003814697 13.8000001907349 13.8000001907349 13.8999996185303 13.8999996185303 14 14 14 14 14 14 14 19.2999992370605 19.7000007629395 19.7000007629395 19.7000007629395 19.7000007629395 19.6000003814697 19.6000003814697 19.6000003814697 19.7999992370605 19.7999992370605 19.7000007629395 19.7000007629395 19.7000007629395 19.7000007629395 19.7000007629395 19.7000007629395 19.7000007629395 19.7000007629395 19.7000007629395 19.5 19.6000003814697 19.6000003814697 19.7000007629395 19.7000007629395 19.7000007629395 19.7000007629395
19.6000003814697 19.5 19.5 19.3999996185303 19.2999992370605 19.2999992370605 19.2000007629395 19.1000003814697 19 19.1000003814697 19.2000007629395 18.6000003814697 18.7999992370605 13.6999998092651 13.8000001907349 13.8999996185303 13.8999996185303 14 14 14 14 14.1000003814697 14 14 19.2000007629395 19.2999992370605 19.2999992370605 19.7999992370605 19.7999992370605 19.7999992370605 19.7999992370605 19.7000007629395 19.6000003814697 19.7000007629395 19.7999992370605 19.7000007629395 19.7000007629395 19.7000007629395 19.7000007629395 19.7000007629395 19.7000007629395 19.7000007629395 19.7000007629395 19.7000007629395 19.7000007629395 19.7000007629395 19.6000003814697 19.7000007629395 19.7000007629395 19.7000007629395 19.7000007629395 19.7000007629395
