data/fut_env/bio8_avg_2040-2060.asc
NCOLS 664 
NROWS 380 
XLLCORNER 3.91666666666664 
YLLCORNER 55.3333333333333 
CELLSIZE 0.0416666666666667 
NODATA_value -3.4e+38 
[rows 322 to 344 of 380, columns 416 to 467 of 664]
-3.4e+38 -3.4e+38 -3.4e+38 -3.4e+38 -3.4e+38 -3.4e+38 -3.4e+38 -3.4e+38 -3.4e+38 -3.4e+38 -3.4e+38 -3.4e+38 -3.4e+38 -3.4e+38 -3.4e+38 -3.4e+38 -3.4e+38 -3.4e+38 -3.4e+38 -3.4e+38 -3.4e+38 -3.4e+38 -3.4e+38 -3.4e+38 -3.4e+38 -3.4e+38 -3.4e+38 10.5 10.3999996185303 10.3999996185303 10.3000001907349 10.1999998092651 10.3999996185303 -3.4e+38 -3.4e+38 -3.4e+38 -3.4e+38 -3.4e+38 -3.4e+38 -3.4e+38 -3.4e+38 -3.4e+38 -3.4e+38 -3.4e+38 -3.4e+38 -3.4e+38 -3.4e+38 -3.4e+38 -3.4e+38 -3.4e+38 -3.4e+38 -3.4e+38
-3.4e+38 -3.4e+38 -3.4e+38 -3.4e+38 -3.4e+38 -3.4e+38 -3.4e+38 -3.4e+38 -3.4e+38 -3.4e+38 -3.4e+38 -3.4e+38 -3.4e+38 -3.4e+38 -3.4e+38 -3.4e+38 -3.4e+38 -3.4e+38 -3.4e+38 -3.4e+38 -3.4e+38 -3.4e+38 -3.4e+38 -3.4e+38 10.6999998092651 10.6000003814697 10.6000003814697 10.5 10.3999996185303 10.3000001907349 10.1999998092651 10.3000001907349 -3.4e+38 -3.4e+38 -3.4e+38 -3.4e+38 -3.4e+38 -3.4e+38 -3.4e+38 -3.4e+38 -3.4e+38 -3.4e+38 -3.4e+38 -3.4e+38 -3.4e+38 -3.4e+38 -3.4e+38 -3.4e+38 -3.4e+38 -3.4e+38 -3.4e+38 -3.4e+38
-3.4e+38 -3.4e+38 -3.4e+38 -3.4e+38 -3.4e+38 -3.4e+38 -3.4e+38 -3.4e+38 -3.4e+38 -3.4e+38 -3.4e+38 -3.4e+38 -3.4e+38 -3.4e+38 -3.4e+38 -3.4e+38 -3.4e+38 -3.4e+38 -3.4e+38 -3.4e+38 10.8999996185303 10.8000001907349 10.8000001907349 10.6000003814697 10.6000003814697 10.3999996185303 10.3999996185303 10.3000001907349 10.3000001907349 10.3000001907349 10.1999998092651 10.1999998092651 10.1999998092651 -3.4e+38 -3.4e+38 -3.4e+38 -3.4e+38 -3.4e+38 -3.4e+38 -3.4e+38 -3.4e+38 -3.4e+38 -3.4e+38 -3.4e+38 -3.4e+38 -3.4e+38 -3.4e+38 -3.4e+38 -3.4e+38 -3.4e+38 -3.4e+38 -3.4e+38
-3.4e+38 -3.4e+38 -3.4e+38 -3.4e+38 -3.4e+38 -3.4e+38 -3.4e+38 -3.4e+38 -3.4e+38 -3.4e+38 -3.4e+38 -3.4e+38 -3.4e+38 10.8999996185303 10.8999996185303 10.8999996185303 10.8999996185303 10.8999996185303 10.8000001907349 10.8000001907349 10.8000001907349 10.6999998092651 10.6000003814697 10.5 10.3000001907349 10.1000003814697 10.1000003814697 10.1000003814697 10.1000003814697 10.1000003814697 10.1999998092651 10.1999998092651 10.1999998092651 10.1999998092651 -3.4e+38 -3.4e+38 -3.4e+38 -3.4e+38 -3.4e+38 -3.4e+38 -3.4e+38 -3.4e+38 -3.4e+38 -3.4e+38 -3.4e+38 -3.4e+38 -3.4e+38 -3.4e+38 -3.4e+38 -3.4e+38 -3.4e+38 -3.4e+38
-3.4e+38 -3.4e+38 -3.4e+38 -3.4e+38 -3.4e+38 -3.4e+38 -3.4e+38 -3.4e+38 -3.4e+38 -3.4e+38 10.8999996185303 10.8999996185303 10.8999996185303 10.8999996185303 10.8999996185303 10.8000001907349 10.8000001907349 10.8000001907349 10.8000001907349 10.8000001907349 10.6999998092651 10.6000003814697 10.5 10.3999996185303 10.3000001907349 10.1999998092651 10.1000003814697 10.1000003814697 9.89999961853027 9.89999961853027 10 10.1000003814697 10 10 15 -3.4e+38 -3.4e+38 -3.4e+38 -3.4e+38 -3.4e+38 -3.4e+38 -3.4e+38 -3.4e+38 -3.4e+38 -3.4e+38 -3.4e+38 -3.4e+38 -3.4e+38 -3.4e+38 -3.4e+38 -3.4e+38 -3.4e+38
-3.4e+38 -3.4e+38 -3.4e+38 -3.4e+38 -3.4e+38 -3.4e+38 -3.4e+38 -3.4e+38 -3.4e+38 6.09999990463257 10.8000001907349 10.8000001907349 10.8000001907349 10.8000001907349 10.8000001907349 10.8000001907349 10.8000001907349 10.6999998092651 10.6999998092651 10.6999998092651 10.6999998092651 10.5 10.5 10.3000001907349 10.1999998092651 10.1000003814697 10.1000003814697 10 10 10 10 9.89999961853027 14.8999996185303 15 19.6000003814697 14.8999996185303 14.8999996185303 15 -3.4e+38 -3.4e+38 -3.4e+38 -3.4e+38 -3.4e+38 -3.4e+38 -3.4e+38 -3.4e+38 -3.4e+38 -3.4e+38 -3.4e+38 -3.4e+38 -3.4e+38 -3.4e+38
-3.4e+38 -3.4e+38 -3.4e+38 -3.4e+38 -3.4e+38 -3.4e+38 -3.4e+38 -3.4e+38 10.8000001907349 10.6999998092651 10.6999998092651 10.6999998092651 10.6999998092651 10.6999998092651 10.6999998092651 10.6999998092651 10.6999998092651 10.6999998092651 10.6000003814697 10.5 10.5 10.5 10.5 10.3000001907349 10.1999998092651 10.1000003814697 10.1000003814697 10 10 9.80000019073486 9.89999961853027 9.89999961853027 9.89999961853027 14.8999996185303 14.8999996185303 14.8999996185303 14.8999996185303 14.8999996185303 14.8999996185303 15 -3.4e+38 -3.4e+38 -3.4e+38 -3.4e+38 -3.4e+38 -3.4e+38 -3.4e+38 -3.4e+38 -3.4e+38 -3.4e+38 -3.4e+38 -3.4e+38
-3.4e+38 -3.4e+38 -3.4e+38 -3.4e+38 -3.4e+38 -3.4e+38 -3.4e+38 -3.4e+38 10.8000001907349 10.6999998092651 10.6999998092651 10.6999998092651 10.6000003814697 10.6000003814697 10.6000003814697 10.6000003814697 10.6000003814697 10.5 10.5 10.5 10.3999996185303 10.3999996185303 10.3000001907349 10.1999998092651 10.1000003814697 10.1000003814697 10 9.89999961853027 9.80000019073486 9.80000019073486 19.6000003814697 19.6000003814697 19.6000003814697 9.80000019073486 14.8000001907349 14.8000001907349 14.8000001907349 14.8000001907349 14.8999996185303 14.8999996185303 15 -3.4e+38 -3.4e+38 -3.4e+38 -3.4e+38 -3.4e+38 -3.4e+38 -3.4e+38 -3.4e+38 -3.4e+38 -3.4e+38 -3.4e+38
-3.4e+38 -3.4e+38 -3.4e+38 -3.4e+38 -3.4e+38 -3.4e+38 6 10.8000001907349 10.8000001907349 10.6999998092651 10.6999998092651 10.6999998092651 10.6000003814697 10.5 10.5 10.5 10.6000003814697 10.5 10.3999996185303 10.3999996185303 10.3000001907349 10.3000001907349 10.1999998092651 10.1999998092651 10.1999998092651 10.1000003814697 10 10 9.89999961853027 9.89999961853027 19.7000007629395 19.6000003814697 9.80000019073486 19.6000003814697 19.5 19.5 14.6999998092651 14.6999998092651 14.6999998092651 14.8000001907349 14.8000001907349 14.8000001907349 14.8000001907349 -3.4e+38 -3.4e+38 -3.4e+38 -3.4e+38 -3.4e+38 -3.4e+38 -3.4e+38 -3.4e+38 -3.4e+38
-3.4e+38 -3.4e+38 -3.4e+38 -3.4e+38 -3.4e+38 5.80000019073486 5.80000019073486 5.90000009536743 10.6999998092651 10.6000003814697 10.6999998092651 10.6000003814697 10.5 10.5 10.5 10.5 10.5 10.3000001907349 10.3000001907349 10.3000001907349 10.1999998092651 10.1999998092651 10.1999998092651 10.1000003814697 10.1000003814697 10.1000003814697 10 10 9.89999961853027 19.7000007629395 19.6000003814697 19.6000003814697 19.6000003814697 19.6000003814697 19.5 19.3999996185303 14.6999998092651 19.3999996185303 14.6999998092651 14.6999998092651 14.6999998092651 14.6999998092651 14.8000001907349 14.8000001907349 14.8000001907349 14.8000001907349 -3.4e+38 -3.4e+38 -3.4e+38 -3.4e+38 -3.4e+38 -3.4e+38
-3.4e+38 -3.4e+38 -3.4e+38 -3.4e+38 5.80000019073486 5.80000019073486 5.80000019073486 5.69999980926514 10.6000003814697 10.6000003814697 10.5 10.6000003814697 10.5 10.5 10.5 10.3000001907349 10.3999996185303 10.3999996185303 10.3000001907349 10.1999998092651 10.1999998092651 10.1999998092651 10.1000003814697 10.1000003814697 10.1000003814697 10 10 19.7999992370605 19.7999992370605 19.7000007629395 19.6000003814697 19.5 19.5 19.5 19.5 19.5 19.3999996185303 19.2999992370605 19.2999992370605 19.2999992370605 14.8000001907349 14.8000001907349 14.6999998092651 14.8000001907349 14.8000001907349 14.8000001907349 -3.4e+38 -3.4e+38 -3.4e+38 -3.4e+38 -3.4e+38 -3.4e+38
-3.4e+38 -3.4e+38 -3.4e+38 -3.4e+38 5.69999980926514 5.59999990463257 10.6000003814697 10.5 10.6000003814697 10.6000003814697 10.5 10.5 10.5 10.5 10.3999996185303 10.3000001907349 10.3000001907349 10.1999998092651 10.1999998092651 10.1999998092651 10.1999998092651 10.1999998092651 10.1000003814697 10.1000003814697 10.1000003814697 10 10 19.7999992370605 19.7000007629395 19.7000007629395 19.6000003814697 19.6000003814697 19.5 19.5 19.3999996185303 19.3999996185303 19.3999996185303 19.2999992370605 19.2999992370605 19.2999992370605 14.8000001907349 14.8000001907349 14.8000001907349 14.8000001907349 14.8000001907349 19.3999996185303 19.3999996185303 -3.4e+38 -3.4e+38 -3.4e+38 -3.4e+38 -3.4e+38
-3.4e+38 -3.4e+38 -3.4e+38 -3.4e+38 5.59999990463257 5.59999990463257 10.5 10.6000003814697 10.6000003814697 10.6000003814697 10.5 10.5 10.5 10.3999996185303 10.3000001907349 10.1999998092651 10.1999998092651 10.1000003814697 10.1000003814697 10.1999998092651 10.1999998092651 10.1999998092651 10.1999998092651 10.1000003814697 10.1000003814697 10 19.7999992370605 19.7999992370605 19.7000007629395 19.7000007629395 19.6000003814697 19.6000003814697 19.3999996185303 19.1000003814697 19.1000003814697 19.2000007629395 19.2999992370605 19.2999992370605 19.3999996185303 19.3999996185303 19.2999992370605 19.2999992370605 19.3999996185303 19.5 19.5 19.5 19.3999996185303 -3.4e+38 -3.4e+38 -3.4e+38 -3.4e+38 -3.4e+38
-3.4e+38 -3.4e+38 -3.4e+38 5.69999980926514 5.59999990463257 10.5 10.5 10.5 10.5 10.5 10.5 10.3999996185303 10.3999996185303 10.3000001907349 10.3000001907349 10.1999998092651 10.1000003814697 10.1000003814697 10.1000003814697 10.1999998092651 10.1999998092651 10.3000001907349 10.1999998092651 10.1000003814697 10 10 19.7999992370605 19.7999992370605 19.6000003814697 19.5 19.5 19.5 19.2000007629395 19.2000007629395 19.1000003814697 19 19.1000003814697 19.2000007629395 19.3999996185303 19.5 19.3999996185303 19.3999996185303 19.5 19.5 19.5 19.6000003814697 19.5 19.6000003814697 -3.4e+38 -3.4e+38 -3.4e+38 -3.4e+38
-3.4e+38 -3.4e+38 -3.4e+38 5.59999990463257 5.59999990463257 5.69999980926514 10.6000003814697 10.3999996185303 10.5 10.3999996185303 10.3999996185303 10.3000001907349 10.3999996185303 10.1999998092651 10.1999998092651 10.1999998092651 10.1000003814697 10.1000003814697 10.1000003814697 10.1999998092651 10.1000003814697 10.1000003814697 10.1000003814697 9.89999961853027 9.89999961853027 9.89999961853027 19.7000007629395 19.6000003814697 19.5 19.3999996185303 19.3999996185303 19.2999992370605 19.2000007629395 19.2999992370605 19.2999992370605 19.2999992370605 19.2000007629395 19.2000007629395 19.2999992370605 19.3999996185303 19.5 19.5 19.5 19.6000003814697 19.5 19.5 19.6000003814697 19.6000003814697 -3.4e+38 -3.4e+38 -3.4e+38 -3.4e+38
-3.4e+38 -3.4e+38 -3.4e+38 -3.4e+38 5.59999990463257 5.59999990463257 10.5 10.5 10.3999996185303 10.3999996185303 10.3000001907349 10.1999998092651 10.3000001907349 10.3999996185303 10.1999998092651 10.1999998092651 10.1000003814697 10.1000003814697 10.1000003814697 10.1000003814697 10.1000003814697 10.1000003814697 10 9.89999961853027 9.80000019073486 9.80000019073486 19.6000003814697 19.6000003814697 19.3999996185303 19.3999996185303 19.3999996185303 19.3999996185303 19.3999996185303 19.2999992370605 19.2999992370605 19.2999992370605 19.2999992370605 19.2999992370605 19.2999992370605 19.2999992370605 19.2999992370605 19.2999992370605 19.5 19.5 19.3999996185303 19.3999996185303 19.5 19.7000007629395 19.7000007629395 -3.4e+38 -3.4e+38 -3.4e+38
-3.4e+38 -3.4e+38 -3.4e+38 5.59999990463257 5.59999990463257 5.5 10.3999996185303 10.3000001907349 10.3999996185303 10.1999998092651 10.1999998092651 10.1999998092651 10.1000003814697 10.1999998092651 10.1000003814697 10.1000003814697 10.1999998092651 10.1000003814697 10.1000003814697 10 10 10 10 9.89999961853027 9.89999961853027 19.7000007629395 19.6000003814697 19.5 19.5 19.5 19.5 19.3999996185303 19.3999996185303 19.3999996185303 19.2999992370605 19.2999992370605 19.2999992370605 19.3999996185303 19.5 19.5 19.5 19.5 19.5 19.5 19.3999996185303 19.5 19.6000003814697 19.6000003814697 19.7000007629395 19.7999992370605 19.7999992370605 -3.4e+38
-3.4e+38 -3.4e+38 -3.4e+38 5.5 5.5 5.5 5.5 10.3999996185303 10.1000003814697 10.1000003814697 10.1000003814697 10.1000003814697 10.1000003814697 10 10 10 10.1999998092651 10.1000003814697 10 10 10 9.89999961853027 9.89999961853027 9.80000019073486 9.80000019073486 19.6000003814697 19.5 19.3999996185303 19.5 19.5 19.3999996185303 19.5 19.6000003814697 19.3999996185303 19.3999996185303 19.3999996185303 19.3999996185303 19.3999996185303 19.3999996185303 19.5 19.5 19.5 19.5 19.3999996185303 19.3999996185303 19.5 19.5 19.6000003814697 19.7000007629395 19.7999992370605 19.8999996185303 19.8999996185303
-3.4e+38 5.5 5.5 5.5 5.5 10.3000001907349 10.3999996185303 10.1999998092651 10.1999998092651 10.1000003814697 10 10 9.89999961853027 10 9.89999961853027 10 10.1000003814697 10.1000003814697 10 10 10 9.89999961853027 9.89999961853027 9.89999961853027 9.80000019073486 19.6000003814697 19.3999996185303 19.5 19.5 19.3999996185303 19.3999996185303 19.3999996185303 19.5 19.3999996185303 19.3999996185303 19.3999996185303 19.3999996185303 19.3999996185303 19.5 19.5 19.6000003814697 19.5 19.5 19.6000003814697 19.6000003814697 19.6000003814697 19.7000007629395 19.7000007629395 19.7000007629395 19.7999992370605 19.7999992370605 19.8999996185303
5.59999990463257 5.5 10.3000001907349 10.3000001907349 10.3000001907349 10.3000001907349 10.3000001907349 10.1999998092651 10.1999998092651 10.1000003814697 10 9.89999961853027 9.89999961853027 9.89999961853027 9.80000019073486 9.80000019073486 9.80000019073486 10 10 9.89999961853027 9.89999961853027 9.89999961853027 9.80000019073486 9.80000019073486 9.69999980926514 19.5 19.5 19.3999996185303 19.3999996185303 19.3999996185303 19.3999996185303 19.2999992370605 19.3999996185303 19.3999996185303 19.2999992370605 19.2999992370605 19.2999992370605 19.3999996185303 19.5 19.5 19.6000003814697 19.6000003814697 19.6000003814697 19.6000003814697 19.6000003814697 19.7999992370605 19.7000007629395 19.7999992370605 19.7999992370605 20 19.8999996185303 19.8999996185303
10.3999996185303 10.3999996185303 10.3000001907349 10.3000001907349 10.3000001907349 10.3000001907349 10.1999998092651 10.1999998092651 10.1999998092651 10.1000003814697 9.89999961853027 9.89999961853027 9.89999961853027 9.89999961853027 9.69999980926514 9.69999980926514 9.80000019073486 9.89999961853027 10 10 9.89999961853027 9.89999961853027 9.80000019073486 9.80000019073486 9.80000019073486 9.60000038146973 19.5 19.3999996185303 19.3999996185303 19.2999992370605 19.2000007629395 19.2999992370605 19.3999996185303 19.2999992370605 19.2999992370605 19.2999992370605 19.2999992370605 19.2999992370605 19.5 19.5 19.5 19.6000003814697 19.6000003814697 19.6000003814697 19.6000003814697 19.7999992370605 19.8999996185303 19.8999996185303 19.8999996185303 20 20.1000003814697 20
10.3999996185303 10.3999996185303 10.3000001907349 10.1999998092651 10.1999998092651 10.3000001907349 10.1999998092651 10.1999998092651 10.1999998092651 10.1000003814697 10.1000003814697 10 10 9.89999961853027 9.80000019073486 9.80000019073486 9.80000019073486 9.89999961853027 10 9.89999961853027 9.89999961853027 9.80000019073486 9.80000019073486 9.80000019073486 9.69999980926514 9.60000038146973 19.5 19.3999996185303 19.3999996185303 19.2999992370605 19.2000007629395 19.2999992370605 19.2999992370605 19.2999992370605 19.2999992370605 19.2000007629395 19.2000007629395 19.2000007629395 19.2999992370605 19.3999996185303 19.5 19.6000003814697 19.6000003814697 19.7000007629395 19.6000003814697 19.7999992370605 19.8999996185303 20 20 20.1000003814697 20.1000003814697 20.1000003814697
10.3000001907349 10.3000001907349 10.3000001907349 10.1999998092651 10.1999998092651 10.1999998092651 10.1999998092651 10.1999998092651 10.1999998092651 10.1000003814697 10.1000003814697 10 10 9.89999961853027 9.80000019073486 9.80000019073486 9.89999961853027 9.89999961853027 9.89999961853027 9.89999961853027 9.80000019073486 9.80000019073486 9.80000019073486 9.69999980926514 9.69999980926514 9.5 19.5 19.3999996185303 19.2999992370605 19.2999992370605 19.2999992370605 19.2999992370605 19.2000007629395 19.2000007629395 19.1000003814697 19.2000007629395 19.2000007629395 19.2000007629395 19.2999992370605 19.3999996185303 19.3999996185303 19.6000003814697 19.7000007629395 19.7999992370605 19.7999992370605 19.7999992370605 20 20 20.1000003814697 20.2000007629395 20.2000007629395 20.2000007629395
