data/fut_env/bio8_avg_2040-2060.asc
NCOLS 664 
NROWS 380 
XLLCORNER 3.91666666666664 
YLLCORNER 55.3333333333333 
CELLSIZE 0.0416666666666667 
NODATA_value -3.4e+38 
[rows 207 to 229 of 380, columns 156 to 207 of 664]
13.3000001907349 12.1999998092651 11.8999996185303 11.5 11.3000001907349 12.3999996185303 12.6000003814697 13.1000003814697 13.1000003814697 12.8000001907349 13 11.3999996185303 12.6999998092651 13.5 13.8999996185303 14.1000003814697 14.1999998092651 14 13.8999996185303 14.1999998092651 14.3999996185303 13.8000001907349 13.3999996185303 13.3999996185303 13.8000001907349 14.1999998092651 14.1999998092651 13 12.6000003814697 12.6000003814697 12.6999998092651 12.8000001907349 12.8999996185303 12.8000001907349 13.1999998092651 13.3999996185303 12.6000003814697 11.8000001907349 11 10.3999996185303 11.1999998092651 11.6999998092651 11.5 11.6999998092651 11.8000001907349 13.5 13.8000001907349 14 13.8999996185303 13.8999996185303 14.1999998092651 14.6000003814697
13.1999998092651 13.1999998092651 13.3000001907349 13.3999996185303 11.8000001907349 12.6999998092651 12.8999996185303 13.1000003814697 13.5 13.3000001907349 12.1000003814697 12.8999996185303 13.6000003814697 13.8999996185303 13.8999996185303 13.6999998092651 13.8000001907349 14.3000001907349 14.3000001907349 13.8000001907349 14 13.8000001907349 13.6000003814697 13.1999998092651 13 13.6000003814697 13.3999996185303 13.6000003814697 14.1999998092651 14.3999996185303 13.1999998092651 14.6999998092651 13.3999996185303 13.5 13.3999996185303 13.3000001907349 12.8999996185303 12.8000001907349 12.3999996185303 12.1000003814697 11.8000001907349 11.8000001907349 12.1999998092651 12.1999998092651 11.8999996185303 11.6999998092651 11.8000001907349 13.6000003814697 14.1000003814697 14.3000001907349 14.3000001907349 14.1000003814697
13.8000001907349 13.6000003814697 13.6000003814697 13.8000001907349 13.6000003814697 13.3999996185303 13.1999998092651 13.6000003814697 13.6000003814697 13.1999998092651 13.3000001907349 14 14.1999998092651 14.1999998092651 14 14.3000001907349 14.5 13.8999996185303 12.6999998092651 10.8999996185303 10.6999998092651 13 13.6000003814697 14.1000003814697 13.6000003814697 13.3000001907349 13.8000001907349 13.8000001907349 13.8000001907349 14 12.5 12.8000001907349 14.3999996185303 13.3000001907349 13.1999998092651 13.1999998092651 13.1000003814697 13 12.8999996185303 12.8999996185303 12.8000001907349 12.8000001907349 12.6999998092651 12.6999998092651 12.6999998092651 14 13.6000003814697 13.6000003814697 13.6999998092651 13.5 13.8000001907349 14.1999998092651
14.1000003814697 14 13.6000003814697 13.8000001907349 14.1000003814697 14.1000003814697 14 13.6999998092651 13.1999998092651 13.1999998092651 14.3000001907349 14.6999998092651 14.6999998092651 14.6999998092651 14.3000001907349 13.8999996185303 14.1000003814697 13.8999996185303 13.5 13 12.5 11.1000003814697 12.8999996185303 13.1000003814697 13.8000001907349 13.3999996185303 13.3999996185303 13.8000001907349 12.1000003814697 13.6000003814697 14 13.8999996185303 14.1000003814697 14.1000003814697 13.1000003814697 14.5 14.3000001907349 13.1000003814697 13 13 12.8000001907349 12.8999996185303 12.6999998092651 13.8999996185303 14.1999998092651 14.3999996185303 14.1999998092651 14.1000003814697 14.1000003814697 14.1999998092651 14.1999998092651 14.1999998092651
14 14 13.8000001907349 14 14 14.3999996185303 14.1999998092651 13.8000001907349 13.6000003814697 14.1000003814697 14.6999998092651 15.1999998092651 14.8000001907349 13.8999996185303 13.3999996185303 13.1999998092651 13.3000001907349 13.6999998092651 14 13.8000001907349 13.3999996185303 13.1999998092651 13.1999998092651 12.8999996185303 13.6000003814697 14 13.8000001907349 14 13.8000001907349 13.6000003814697 13.8999996185303 14.1999998092651 13.6000003814697 11.8000001907349 12.1999998092651 13 14.3999996185303 13.1999998092651 13.1999998092651 13.1999998092651 13.1999998092651 13.1999998092651 14.5 14.5 14.1999998092651 14.1999998092651 14.3999996185303 14.1999998092651 14.1999998092651 14.3000001907349 14.3000001907349 14.3000001907349
13.3999996185303 14 13.8999996185303 13.8000001907349 14 14.1000003814697 14.6000003814697 15 14.3999996185303 14.8999996185303 15.3000001907349 14.1000003814697 14.3999996185303 13.5 13 13 12.8999996185303 12.8000001907349 13.1999998092651 13.6999998092651 14 13.8000001907349 13.8000001907349 13.1999998092651 13.3000001907349 13.3000001907349 13.1000003814697 13.6999998092651 13.8000001907349 13.8999996185303 14 14.3999996185303 12.5 12.1999998092651 13.8999996185303 14.3999996185303 14.5 13.1999998092651 13.1000003814697 14.6999998092651 14.8000001907349 14.6999998092651 14.6000003814697 14.3999996185303 14.3000001907349 14.1999998092651 14.1999998092651 14.1999998092651 14.1000003814697 14.1000003814697 14.3000001907349 14.3000001907349
14.1000003814697 14.3000001907349 13.6999998092651 13.3000001907349 14.1000003814697 15.1999998092651 15.3000001907349 15.5 15.3999996185303 15.1999998092651 14.8000001907349 13.8999996185303 14 14 13.1000003814697 13.1999998092651 12.8999996185303 13.1000003814697 13.1000003814697 12.8000001907349 13.1999998092651 13.5 13.6999998092651 14 13.5 12.8999996185303 10.8999996185303 12.8000001907349 13.1999998092651 13.1999998092651 13.6000003814697 14.3000001907349 14.3000001907349 14.1000003814697 12.8999996185303 14.5 14.1999998092651 12.8000001907349 12.3999996185303 12 14 14.3999996185303 14.3000001907349 14.3999996185303 14.3999996185303 14.1999998092651 14.3000001907349 14.1999998092651 14.1000003814697 14.1999998092651 14.3000001907349 14.1000003814697
13.8999996185303 13.8999996185303 13.8999996185303 14.1999998092651 14.6000003814697 15.3999996185303 14.8999996185303 14.6999998092651 14.1999998092651 14 13.6999998092651 13.5 14.1999998092651 14.3000001907349 13.3999996185303 13.8000001907349 13.3000001907349 13.3000001907349 12.8999996185303 12.8000001907349 12.3999996185303 12.1999998092651 13.1000003814697 14.1000003814697 13.3999996185303 13.8000001907349 11.3999996185303 11.5 12.6999998092651 13 13.6000003814697 14.1999998092651 14.6000003814697 14.6000003814697 14.5 14.3000001907349 14.1999998092651 12.8000001907349 12.6000003814697 11.8999996185303 11.6000003814697 13.6999998092651 13.3000001907349 13.5 14 14.1000003814697 14.3999996185303 13.8000001907349 13.8000001907349 13.8999996185303 14.1999998092651 14.1999998092651
14.5 14.3999996185303 14.3000001907349 14.5 15.1000003814697 14.1000003814697 12.1999998092651 13.6000003814697 14.1999998092651 13.8999996185303 13.6000003814697 13.8999996185303 14 15 14.3000001907349 13.1000003814697 13.6000003814697 13.8000001907349 13.3999996185303 12.8000001907349 12.6999998092651 12.6000003814697 12.6999998092651 13.6999998092651 13.8000001907349 13.8999996185303 14.1000003814697 14.1000003814697 13.8000001907349 13.5 13.6000003814697 14.3999996185303 14.5 14.6000003814697 14.5 14.3000001907349 14.1999998092651 13.8000001907349 12.1999998092651 13.5 13.5 13.8000001907349 13.8999996185303 13.8000001907349 13.8000001907349 13.8000001907349 14.1000003814697 14.3000001907349 14.1000003814697 14.3000001907349 13.8999996185303 14.1999998092651
13.6999998092651 14.3000001907349 15 15.3000001907349 15.5 14.1000003814697 13 13.3000001907349 14.8999996185303 14.1999998092651 13.8999996185303 14.3000001907349 14.6000003814697 15.3999996185303 15 13.5 12.6000003814697 12.8999996185303 13.3999996185303 13.6000003814697 13.6000003814697 13.6999998092651 13.3000001907349 13.8999996185303 13.8999996185303 12.8000001907349 13 13.8999996185303 14.3999996185303 14.3999996185303 14.3999996185303 14.6999998092651 14.5 14.3000001907349 14.1999998092651 14.1000003814697 14.1000003814697 14 12 11.1000003814697 13.1000003814697 13.3999996185303 13.3999996185303 13.5 14 13.3999996185303 13.6999998092651 14 14.1000003814697 14.3000001907349 14.6000003814697 14.6000003814697
14.1000003814697 14.3999996185303 14.8999996185303 15.1000003814697 15.6000003814697 15.3000001907349 14.5 14 14.3999996185303 15.5 14.6999998092651 14.1999998092651 13.8000001907349 14.3000001907349 15.5 14 13.3999996185303 13.6999998092651 13.6000003814697 13.5 13.1999998092651 13.1999998092651 13.8000001907349 14.1999998092651 14.3999996185303 13.8000001907349 13.3999996185303 13.5 14.3000001907349 14.6000003814697 14.6999998092651 14.6999998092651 14.3999996185303 14.1999998092651 14.1999998092651 13.6999998092651 13.6999998092651 13.8000001907349 14 13.3999996185303 13.5 13.1999998092651 13.1999998092651 13.6999998092651 14.1999998092651 13.8999996185303 13.6000003814697 13.8000001907349 13.6000003814697 14.1000003814697 14.3000001907349 14.3000001907349
13.6999998092651 14 14.3999996185303 14.1999998092651 14.6000003814697 14.8000001907349 15.1999998092651 15.1999998092651 14.5 14.6999998092651 15.6999998092651 15.1000003814697 14.1000003814697 14.1000003814697 15 15.1000003814697 13.8999996185303 13.6999998092651 13.8000001907349 13.6000003814697 13.1999998092651 13.3000001907349 13.6999998092651 14 14.3000001907349 14.3999996185303 14.3000001907349 14.1000003814697 14.1000003814697 14.6000003814697 14.8000001907349 14.6999998092651 14.6999998092651 14.1000003814697 14.1999998092651 14.1000003814697 13.8999996185303 13.8000001907349 14.1000003814697 14.3000001907349 14.3000001907349 14.1000003814697 14.1999998092651 14.1999998092651 14.1999998092651 14.3999996185303 14.1000003814697 13.8999996185303 13.8999996185303 14.1000003814697 14.6000003814697 14.8000001907349
13.1000003814697 13.6000003814697 14 14 14.3000001907349 14.3999996185303 14.6999998092651 14.8999996185303 15.1999998092651 15.3000001907349 15.1999998092651 15.8999996185303 15.1999998092651 14.1999998092651 14.1000003814697 15.6999998092651 15.1999998092651 14.3000001907349 14 13.6999998092651 13.8000001907349 13.6999998092651 13.6999998092651 13.3999996185303 13.6999998092651 14.1999998092651 14.6000003814697 14.6000003814697 14.6999998092651 15 15 15 14.8000001907349 14.1000003814697 14.1000003814697 14.3000001907349 14.1999998092651 14.3000001907349 14 14.3999996185303 14.3999996185303 14.1999998092651 14.1999998092651 14.3999996185303 14.3000001907349 14.3000001907349 14.5 14.6000003814697 14.3999996185303 14.3000001907349 14.5 14.8000001907349
12.3999996185303 12.6999998092651 12.3000001907349 12.6999998092651 13.3000001907349 13.3999996185303 13.3999996185303 14 14.1999998092651 14.6000003814697 15.3999996185303 15.8000001907349 15.8000001907349 15.5 14.3000001907349 15.6999998092651 15.6999998092651 14.5 14.1000003814697 13.8000001907349 13.5 13.8000001907349 14 14.1000003814697 13.8000001907349 14.1000003814697 14.6000003814697 14.6999998092651 14.5 14.1999998092651 14.6000003814697 14.8999996185303 14.8999996185303 14.6999998092651 14.5 14.5 14.3999996185303 14.6000003814697 14.6000003814697 14.6000003814697 14.6000003814697 14.5 14.6999998092651 14.6999998092651 14.8000001907349 14.6000003814697 14.3000001907349 14.5 14.6999998092651 15.1000003814697 15.1999998092651 15.1999998092651
13 12.8999996185303 12.6999998092651 12.3999996185303 13.1000003814697 13.6000003814697 13.3999996185303 13.3999996185303 13.8000001907349 14.3000001907349 15.5 15.8000001907349 15.1000003814697 15.6999998092651 16.1000003814697 16.3999996185303 15.3999996185303 14.5 14.1000003814697 14 14 14 14.1999998092651 14 14.1999998092651 13.8999996185303 13.8999996185303 14.6999998092651 14.6999998092651 14.5 14.3000001907349 14.8000001907349 14.8999996185303 14.6000003814697 14.6000003814697 14.6999998092651 14.6000003814697 14.6000003814697 14.3000001907349 14.1999998092651 14.6000003814697 14.6000003814697 14.6000003814697 14.6999998092651 15 15 15.1000003814697 15.1000003814697 15.1999998092651 15.3000001907349 15.3999996185303 15.5
14 13.6999998092651 13.6000003814697 13.3999996185303 13.6000003814697 13.6000003814697 14.1000003814697 14.1999998092651 14.3999996185303 15.1999998092651 16.2999992370605 15.8000001907349 15.1000003814697 14.8000001907349 15 16.2999992370605 16.2000007629395 15 14.6000003814697 14.5 14.6000003814697 14.3999996185303 14.6000003814697 14 14.1999998092651 13.1999998092651 12.1000003814697 14.1000003814697 14.6999998092651 14.8000001907349 14.6999998092651 15 14.8000001907349 14.1000003814697 14.1999998092651 14.3000001907349 14.6000003814697 14.6000003814697 14.5 14.3000001907349 14.3000001907349 14.6000003814697 14.6999998092651 14.8000001907349 14.8999996185303 14.8999996185303 15 15.1999998092651 15.5 15.5 15.6999998092651 15.6000003814697
15.1000003814697 14.3999996185303 13.8000001907349 14.1999998092651 14.1999998092651 14.1999998092651 14.3000001907349 14.5 14.3000001907349 15.1000003814697 16.2999992370605 16.2999992370605 15.3999996185303 14.8000001907349 15 15.1000003814697 16.6000003814697 15.6999998092651 14.8999996185303 14.5 14.6999998092651 14.5 14.8000001907349 14.1999998092651 13.1999998092651 12.6000003814697 13.3999996185303 14.1999998092651 14.3000001907349 14.3000001907349 14.8000001907349 14.8999996185303 14.6000003814697 14.3000001907349 14.1000003814697 14 14.1999998092651 14.3000001907349 14.3000001907349 14.1999998092651 14.3999996185303 14.5 14.6999998092651 14.8000001907349 14.8000001907349 14.8000001907349 14.8999996185303 15.1000003814697 15.1999998092651 15.1000003814697 15.3999996185303 15.3999996185303
14.8000001907349 15.3000001907349 14.8999996185303 15.3999996185303 15.3000001907349 15 14.6000003814697 15.1000003814697 15.1999998092651 16.2000007629395 16.2000007629395 15.3999996185303 14.6000003814697 14.3999996185303 14.6000003814697 14.8999996185303 16.1000003814697 16.5 15 14.8000001907349 14.3999996185303 14.5 15 14.8000001907349 14.6999998092651 14.3999996185303 14.3000001907349 14.5 14.5 14.8000001907349 15 14.3999996185303 14.5 14.1999998092651 14.1000003814697 14.5 14.1999998092651 13.8000001907349 13.8999996185303 14.1999998092651 14.3000001907349 14.3999996185303 14.6000003814697 14.6999998092651 14.8000001907349 14.8999996185303 14.8999996185303 14.8999996185303 15.1000003814697 15.1000003814697 15 15
14.6000003814697 15.1000003814697 15.1000003814697 15 14.6000003814697 15.1999998092651 15.8999996185303 15.3999996185303 15.1000003814697 16.6000003814697 15.6000003814697 14.8999996185303 14.6000003814697 14.6000003814697 14.3999996185303 14.8000001907349 15.3000001907349 16.5 16.2999992370605 15 15.1000003814697 14.8999996185303 14.8999996185303 15.1000003814697 15 15 15 15.1000003814697 15.1000003814697 15.1999998092651 14.8999996185303 14.5 14 13.6000003814697 13.3000001907349 13.6999998092651 14.6000003814697 13.6999998092651 13.3000001907349 13.6000003814697 14.1000003814697 14.3000001907349 14.5 14.6000003814697 14.6999998092651 14.6999998092651 14.6999998092651 14.6999998092651 14.6999998092651 14.8000001907349 14.8000001907349 14.8000001907349
13.3999996185303 14 14.5 14.1000003814697 14.6000003814697 15.3000001907349 15.3000001907349 15.6000003814697 15.8999996185303 16.7000007629395 16 15.6999998092651 15 14.6000003814697 14.3999996185303 14.6999998092651 14.8000001907349 15.3999996185303 16.6000003814697 16.2000007629395 15.1999998092651 15.1000003814697 15.1999998092651 15 14.6999998092651 14.8000001907349 14.6999998092651 14.8999996185303 14.8999996185303 14.8999996185303 15.1999998092651 14.8000001907349 14.1999998092651 13.8999996185303 13.5 13.6999998092651 14.5 14.6000003814697 13.8000001907349 13.6999998092651 13.5 13.6999998092651 14.1000003814697 14.3000001907349 14.3999996185303 14.3999996185303 14.6000003814697 14.5 14.6000003814697 14.5 14.6000003814697 14.6000003814697
13.3000001907349 13.3999996185303 14.3000001907349 14.6999998092651 14.8000001907349 14.8999996185303 15 15.1000003814697 15.3999996185303 16 16.6000003814697 16.7999992370605 15.3000001907349 15.3000001907349 15.1999998092651 15.1000003814697 15.1000003814697 15.6000003814697 16.7999992370605 16.7999992370605 15.6000003814697 14.6000003814697 14.3000001907349 14.6000003814697 14.6000003814697 14.3999996185303 14.3999996185303 14.8999996185303 14.8999996185303 14.6999998092651 14.8999996185303 15.1999998092651 14.5 13.8000001907349 13.3000001907349 13.3999996185303 13.8999996185303 14.8999996185303 14.3000001907349 14.1000003814697 13.8999996185303 13.8999996185303 13.6999998092651 13.8000001907349 14.1000003814697 14.1999998092651 14.3999996185303 14.1999998092651 14.3999996185303 14.3999996185303 14.5 14.5
13.3999996185303 13.3999996185303 13.8000001907349 14.1999998092651 14.1000003814697 14.3000001907349 14.6999998092651 14.8000001907349 15.1000003814697 15.5 16.6000003814697 16.6000003814697 15.1999998092651 15.5 15.8000001907349 15.8000001907349 15.6000003814697 15.8000001907349 17 16.7000007629395 16.2999992370605 15.5 14.6999998092651 14.3000001907349 14.5 14.1999998092651 14.1999998092651 14.6999998092651 14.8999996185303 14.6000003814697 14.6000003814697 14.5 14.3999996185303 14.6000003814697 14.6999998092651 13.8999996185303 13.6000003814697 14.1999998092651 15.1999998092651 14.3000001907349 14.1000003814697 14 13.8000001907349 13.6000003814697 13.8000001907349 14.1000003814697 14.1999998092651 14.1000003814697 14.3999996185303 14.5 14.3000001907349 14.1999998092651
13.3000001907349 13.5 13.8999996185303 14.3999996185303 14.6999998092651 13.6999998092651 13.5 14.1999998092651 14.3999996185303 15.1000003814697 15.6000003814697 16.2999992370605 16.3999996185303 16.6000003814697 16.7999992370605 16.1000003814697 15.6999998092651 15.6000003814697 16.7000007629395 16.3999996185303 15.1000003814697 15.5 15.1000003814697 14.1999998092651 13.8000001907349 13.8999996185303 13.8000001907349 13.8999996185303 14.8999996185303 14.8000001907349 14.8999996185303 14.5 13.8999996185303 13.3999996185303 13.8999996185303 14.6999998092651 14.3999996185303 13.8999996185303 15.3000001907349 14.3999996185303 14.1000003814697 14 13.8000001907349 13.8000001907349 13.8999996185303 14.3000001907349 14.1999998092651 13.8000001907349 14.1000003814697 14.8000001907349 14.3000001907349 14
